 1.0000000E-01   8.0000004E-03  -3.0200002E-03   0.0000000E+00   2.9300000E+02
   1.0000000E-01   2.2666667E-02  -3.0200002E-03   0.0000000E+00   2.9300000E+02
   1.0000000E-01   3.3666667E-02  -3.0200002E-03   0.0000000E+00   2.9300000E+02
   1.0000000E-01   3.8999997E-02  -3.0200002E-03   0.0000000E+00   2.9300000E+02
   1.0000000E-01   4.1000001E-02  -3.0200002E-03   0.0000000E+00   2.9300000E+02
   1.0000000E-01   4.2999998E-02  -3.0200002E-03   4.9999928E-01   3.5081036E+02
   1.0000000E-01   4.5000002E-02  -3.0200002E-03   1.0000000E+00   3.5081421E+02
   1.0000000E-01   4.6999998E-02  -3.0200002E-03   1.0000000E+00   3.5084299E+02
   1.0000000E-01   4.9000002E-02  -3.0200002E-03   1.0000000E+00   3.5089203E+02
   1.0000000E-01   5.0999999E-02  -3.0200002E-03   1.0000000E+00   3.5102386E+02
   1.0000000E-01   5.3000003E-02  -3.0200002E-03   1.0000000E+00   3.5131754E+02
   1.0000000E-01   5.5000000E-02  -3.0200002E-03   1.0000000E+00   3.5185416E+02
   1.0000000E-01   5.7000000E-02  -3.0200002E-03   1.0000000E+00   3.5267844E+02
   1.0000000E-01   5.9000000E-02  -3.0200002E-03   1.0000000E+00   3.5375546E+02
   1.0000000E-01   6.0999997E-02  -3.0200002E-03   1.0000000E+00   3.5494019E+02
   1.0000000E-01   6.3000001E-02  -3.0200002E-03   1.0000000E+00   3.5582440E+02
   1.0000000E-01   6.4999998E-02  -3.0200002E-03   1.0000000E+00   3.5602557E+02
   1.0000000E-01   6.7000002E-02  -3.0200002E-03   1.0000000E+00   3.5546899E+02
   1.0000000E-01   6.9000006E-02  -3.0200002E-03   1.0000000E+00   3.5438245E+02
   1.0000000E-01   7.0999995E-02  -3.0200002E-03   1.0000000E+00   3.5314001E+02
   1.0000000E-01   7.2999999E-02  -3.0200002E-03   1.0000000E+00   3.5207068E+02
   1.0000000E-01   7.5000003E-02  -3.0200002E-03   1.0000000E+00   3.5133191E+02
   1.0000000E-01   7.7000000E-02  -3.0200002E-03   1.0000000E+00   3.5091382E+02
   1.0000000E-01   7.8999996E-02  -3.0200002E-03   1.0000000E+00   3.5071866E+02
   1.0000000E-01   8.1000000E-02  -3.0200002E-03   1.0000000E+00   3.5063403E+02
   1.0000000E-01   8.3000004E-02  -3.0200002E-03   5.4590148E-01   3.5061121E+02
   1.0000000E-01   8.5000001E-02  -3.0200002E-03   0.0000000E+00   2.9300000E+02
   1.0000000E-01   8.6999997E-02  -3.0200002E-03   0.0000000E+00   2.9300000E+02
   1.0000000E-01   8.9000002E-02  -3.0200002E-03   0.0000000E+00   2.9300000E+02
   1.0000000E-01   9.1000006E-02  -3.0200002E-03   0.0000000E+00   2.9300000E+02
   1.0000000E-01   9.2999995E-02  -3.0200002E-03   0.0000000E+00   2.9300000E+02
   1.0000000E-01   9.4999999E-02  -3.0200002E-03   0.0000000E+00   2.9300000E+02
   1.0000000E-01   9.7000003E-02  -3.0200002E-03   0.0000000E+00   2.9300000E+02
   1.0000000E-01   9.8999999E-02  -3.0200002E-03   0.0000000E+00   2.9300000E+02
   1.0000000E-01   1.0100000E-01  -3.0200002E-03   0.0000000E+00   2.9300000E+02
   1.0000000E-01   1.0300000E-01  -3.0200002E-03   0.0000000E+00   2.9300000E+02
   1.0000000E-01   1.0500000E-01  -3.0200002E-03   0.0000000E+00   2.9300000E+02
   1.0000000E-01   1.0700000E-01  -3.0200002E-03   0.0000000E+00   2.9300000E+02
   1.0000000E-01   1.0900000E-01  -3.0200002E-03   0.0000000E+00   2.9300000E+02
   1.0000000E-01   1.1100000E-01  -3.0200002E-03   0.0000000E+00   2.9300000E+02
   1.0000000E-01   1.1300001E-01  -3.0200002E-03   0.0000000E+00   2.9300000E+02
   1.0000000E-01   1.1499999E-01  -3.0200002E-03   0.0000000E+00   2.9300000E+02
   1.0000000E-01   1.1700000E-01  -3.0200002E-03   0.0000000E+00   2.9300000E+02
   1.0000000E-01   1.1900000E-01  -3.0200002E-03   0.0000000E+00   2.9300000E+02
   1.0000000E-01   1.2100000E-01  -3.0200002E-03   0.0000000E+00   2.9300000E+02
   1.0000000E-01   1.2633334E-01  -3.0200002E-03   0.0000000E+00   2.9300000E+02
   1.0000000E-01   1.3733333E-01  -3.0200002E-03   0.0000000E+00   2.9300000E+02
   1.0000000E-01   1.5200000E-01  -3.0200002E-03   0.0000000E+00   2.9300000E+02
   1.0000000E-01   8.0000004E-03  -1.0599999E-03   0.0000000E+00   2.9300000E+02
   1.0000000E-01   2.2666667E-02  -1.0599999E-03   0.0000000E+00   2.9300000E+02
   1.0000000E-01   3.3666667E-02  -1.0599999E-03   0.0000000E+00   2.9300000E+02
   1.0000000E-01   3.8999997E-02  -1.0599999E-03   0.0000000E+00   2.9300000E+02
   1.0000000E-01   4.1000001E-02  -1.0599999E-03   0.0000000E+00   2.9300000E+02
   1.0000000E-01   4.2999998E-02  -1.0599999E-03   4.9999928E-01   3.5127884E+02
   1.0000000E-01   4.5000002E-02  -1.0599999E-03   1.0000000E+00   3.5121667E+02
   1.0000000E-01   4.6999998E-02  -1.0599999E-03   1.0000000E+00   3.5122073E+02
   1.0000000E-01   4.9000002E-02  -1.0599999E-03   1.0000000E+00   3.5125912E+02
   1.0000000E-01   5.0999999E-02  -1.0599999E-03   1.0000000E+00   3.5138736E+02
   1.0000000E-01   5.3000003E-02  -1.0599999E-03   1.0000000E+00   3.5167603E+02
   1.0000000E-01   5.5000000E-02  -1.0599999E-03   1.0000000E+00   3.5219110E+02
   1.0000000E-01   5.7000000E-02  -1.0599999E-03   1.0000000E+00   3.5295355E+02
   1.0000000E-01   5.9000000E-02  -1.0599999E-03   1.0000000E+00   3.5392398E+02
   1.0000000E-01   6.0999997E-02  -1.0599999E-03   1.0000000E+00   3.5514380E+02
   1.0000000E-01   6.3000001E-02  -1.0599999E-03   1.0000000E+00   3.5607458E+02
   1.0000000E-01   6.4999998E-02  -1.0599999E-03   1.0000000E+00   3.5629840E+02
   1.0000000E-01   6.7000002E-02  -1.0599999E-03   1.0000000E+00   3.5577234E+02
   1.0000000E-01   6.9000006E-02  -1.0599999E-03   1.0000000E+00   3.5473141E+02
   1.0000000E-01   7.0999995E-02  -1.0599999E-03   1.0000000E+00   3.5351648E+02
   1.0000000E-01   7.2999999E-02  -1.0599999E-03   1.0000000E+00   3.5245163E+02
   1.0000000E-01   7.5000003E-02  -1.0599999E-03   1.0000000E+00   3.5170691E+02
   1.0000000E-01   7.7000000E-02  -1.0599999E-03   1.0000000E+00   3.5128525E+02
   1.0000000E-01   7.8999996E-02  -1.0599999E-03   1.0000000E+00   3.5109744E+02
   1.0000000E-01   8.1000000E-02  -1.0599999E-03   1.0000000E+00   3.5103778E+02
   1.0000000E-01   8.3000004E-02  -1.0599999E-03   5.4590148E-01   3.5108118E+02
   1.0000000E-01   8.5000001E-02  -1.0599999E-03   0.0000000E+00   2.9300000E+02
   1.0000000E-01   8.6999997E-02  -1.0599999E-03   0.0000000E+00   2.9300000E+02
   1.0000000E-01   8.9000002E-02  -1.0599999E-03   0.0000000E+00   2.9300000E+02
   1.0000000E-01   9.1000006E-02  -1.0599999E-03   0.0000000E+00   2.9300000E+02
   1.0000000E-01   9.2999995E-02  -1.0599999E-03   0.0000000E+00   2.9300000E+02
   1.0000000E-01   9.4999999E-02  -1.0599999E-03   0.0000000E+00   2.9300000E+02
   1.0000000E-01   9.7000003E-02  -1.0599999E-03   0.0000000E+00   2.9300000E+02
   1.0000000E-01   9.8999999E-02  -1.0599999E-03   0.0000000E+00   2.9300000E+02
   1.0000000E-01   1.0100000E-01  -1.0599999E-03   0.0000000E+00   2.9300000E+02
   1.0000000E-01   1.0300000E-01  -1.0599999E-03   0.0000000E+00   2.9300000E+02
   1.0000000E-01   1.0500000E-01  -1.0599999E-03   0.0000000E+00   2.9300000E+02
   1.0000000E-01   1.0700000E-01  -1.0599999E-03   0.0000000E+00   2.9300000E+02
   1.0000000E-01   1.0900000E-01  -1.0599999E-03   0.0000000E+00   2.9300000E+02
   1.0000000E-01   1.1100000E-01  -1.0599999E-03   0.0000000E+00   2.9300000E+02
   1.0000000E-01   1.1300001E-01  -1.0599999E-03   0.0000000E+00   2.9300000E+02
   1.0000000E-01   1.1499999E-01  -1.0599999E-03   0.0000000E+00   2.9300000E+02
   1.0000000E-01   1.1700000E-01  -1.0599999E-03   0.0000000E+00   2.9300000E+02
   1.0000000E-01   1.1900000E-01  -1.0599999E-03   0.0000000E+00   2.9300000E+02
   1.0000000E-01   1.2100000E-01  -1.0599999E-03   0.0000000E+00   2.9300000E+02
   1.0000000E-01   1.2633334E-01  -1.0599999E-03   0.0000000E+00   2.9300000E+02
   1.0000000E-01   1.3733333E-01  -1.0599999E-03   0.0000000E+00   2.9300000E+02
   1.0000000E-01   1.5200000E-01  -1.0599999E-03   0.0000000E+00   2.9300000E+02
   1.0000000E-01   8.0000004E-03   8.9999998E-04   9.5918369E-01   3.5239813E+02
   1.0000000E-01   2.2666667E-02   8.9999998E-04   9.5918369E-01   3.5238660E+02
   1.0000000E-01   3.3666667E-02   8.9999998E-04   9.5918369E-01   3.5229941E+02
   1.0000000E-01   3.8999997E-02   8.9999998E-04   9.5918369E-01   3.5209158E+02
   1.0000000E-01   4.1000001E-02   8.9999998E-04   9.5918369E-01   3.5196579E+02
   1.0000000E-01   4.2999998E-02   8.9999998E-04   9.8979592E-01   3.5176236E+02
   1.0000000E-01   4.5000002E-02   8.9999998E-04   1.0000000E+00   3.5161661E+02
   1.0000000E-01   4.6999998E-02   8.9999998E-04   1.0000000E+00   3.5156781E+02
   1.0000000E-01   4.9000002E-02   8.9999998E-04   1.0000000E+00   3.5158661E+02
   1.0000000E-01   5.0999999E-02   8.9999998E-04   1.0000000E+00   3.5170334E+02
   1.0000000E-01   5.3000003E-02   8.9999998E-04   1.0000000E+00   3.5197098E+02
   1.0000000E-01   5.5000000E-02   8.9999998E-04   1.0000000E+00   3.5242532E+02
   1.0000000E-01   5.7000000E-02   8.9999998E-04   1.0000000E+00   3.5302267E+02
   1.0000000E-01   5.9000000E-02   8.9999998E-04   1.0000000E+00   3.5357437E+02
   1.0000000E-01   6.0999997E-02   8.9999998E-04   4.0816326E-02   3.5491254E+02
   1.0000000E-01   6.3000001E-02   8.9999998E-04   4.0816326E-02   3.5625217E+02
   1.0000000E-01   6.4999998E-02   8.9999998E-04   4.0816419E-02   3.5637692E+02
   1.0000000E-01   6.7000002E-02   8.9999998E-04   5.4918385E-01   3.5571375E+02
   1.0000000E-01   6.9000006E-02   8.9999998E-04   1.0000000E+00   3.5476541E+02
   1.0000000E-01   7.0999995E-02   8.9999998E-04   1.0000000E+00   3.5368228E+02
   1.0000000E-01   7.2999999E-02   8.9999998E-04   1.0000000E+00   3.5269800E+02
   1.0000000E-01   7.5000003E-02   8.9999998E-04   1.0000000E+00   3.5199442E+02
   1.0000000E-01   7.7000000E-02   8.9999998E-04   1.0000000E+00   3.5159653E+02
   1.0000000E-01   7.8999996E-02   8.9999998E-04   1.0000000E+00   3.5143573E+02
   1.0000000E-01   8.1000000E-02   8.9999998E-04   1.0000000E+00   3.5143414E+02
   1.0000000E-01   8.3000004E-02   8.9999998E-04   1.0000000E+00   3.5157565E+02
   1.0000000E-01   8.5000001E-02   8.9999998E-04   9.5918369E-01   3.5181558E+02
   1.0000000E-01   8.6999997E-02   8.9999998E-04   9.5918369E-01   3.5198166E+02
   1.0000000E-01   8.9000002E-02   8.9999998E-04   9.5918369E-01   3.5209933E+02
   1.0000000E-01   9.1000006E-02   8.9999998E-04   9.5918369E-01   3.5218393E+02
   1.0000000E-01   9.2999995E-02   8.9999998E-04   9.5918369E-01   3.5224500E+02
   1.0000000E-01   9.4999999E-02   8.9999998E-04   9.5918369E-01   3.5228909E+02
   1.0000000E-01   9.7000003E-02   8.9999998E-04   9.5918369E-01   3.5232083E+02
   1.0000000E-01   9.8999999E-02   8.9999998E-04   9.5918369E-01   3.5234357E+02
   1.0000000E-01   1.0100000E-01   8.9999998E-04   9.5918369E-01   3.5235983E+02
   1.0000000E-01   1.0300000E-01   8.9999998E-04   9.5918369E-01   3.5237137E+02
   1.0000000E-01   1.0500000E-01   8.9999998E-04   9.5918369E-01   3.5237955E+02
   1.0000000E-01   1.0700000E-01   8.9999998E-04   9.5918369E-01   3.5238528E+02
   1.0000000E-01   1.0900000E-01   8.9999998E-04   9.5918369E-01   3.5238931E+02
   1.0000000E-01   1.1100000E-01   8.9999998E-04   9.5918369E-01   3.5239209E+02
   1.0000000E-01   1.1300001E-01   8.9999998E-04   9.5918369E-01   3.5239401E+02
   1.0000000E-01   1.1499999E-01   8.9999998E-04   9.5918369E-01   3.5239529E+02
   1.0000000E-01   1.1700000E-01   8.9999998E-04   9.5918369E-01   3.5239612E+02
   1.0000000E-01   1.1900000E-01   8.9999998E-04   9.5918369E-01   3.5239661E+02
   1.0000000E-01   1.2100000E-01   8.9999998E-04   9.5918369E-01   3.5239679E+02
   1.0000000E-01   1.2633334E-01   8.9999998E-04   9.5918369E-01   3.5239667E+02
   1.0000000E-01   1.3733333E-01   8.9999998E-04   9.5918369E-01   3.5239185E+02
   1.0000000E-01   1.5200000E-01   8.9999998E-04   4.7959173E-01   3.5237866E+02
   1.0000000E-01   8.0000004E-03   2.8599999E-03   1.0000000E+00   3.5249969E+02
   1.0000000E-01   2.2666667E-02   2.8599999E-03   1.0000000E+00   3.5248856E+02
   1.0000000E-01   3.3666667E-02   2.8599999E-03   1.0000000E+00   3.5240588E+02
   1.0000000E-01   3.8999997E-02   2.8599999E-03   1.0000000E+00   3.5222168E+02
   1.0000000E-01   4.1000001E-02   2.8599999E-03   1.0000000E+00   3.5212488E+02
   1.0000000E-01   4.2999998E-02   2.8599999E-03   1.0000000E+00   3.5200360E+02
   1.0000000E-01   4.5000002E-02   2.8599999E-03   1.0000000E+00   3.5190244E+02
   1.0000000E-01   4.6999998E-02   2.8599999E-03   1.0000000E+00   3.5185004E+02
   1.0000000E-01   4.9000002E-02   2.8599999E-03   1.0000000E+00   3.5185742E+02
   1.0000000E-01   5.0999999E-02   2.8599999E-03   1.0000000E+00   3.5195526E+02
   1.0000000E-01   5.3000003E-02   2.8599999E-03   1.0000000E+00   3.5218430E+02
   1.0000000E-01   5.5000000E-02   2.8599999E-03   1.0000000E+00   3.5255823E+02
   1.0000000E-01   5.7000000E-02   2.8599999E-03   1.0000000E+00   3.5300351E+02
   1.0000000E-01   5.9000000E-02   2.8599999E-03   1.0000000E+00   3.5331546E+02
   1.0000000E-01   6.0999997E-02   2.8599999E-03   0.0000000E+00   2.9300000E+02
   1.0000000E-01   6.3000001E-02   2.8599999E-03   0.0000000E+00   2.9300000E+02
   1.0000000E-01   6.4999998E-02   2.8599999E-03   0.0000000E+00   2.9300000E+02
   1.0000000E-01   6.7000002E-02   2.8599999E-03   0.0000000E+00   2.9300000E+02
   1.0000000E-01   6.9000006E-02   2.8599999E-03   5.6816345E-01   3.5435178E+02
   1.0000000E-01   7.0999995E-02   2.8599999E-03   1.0000000E+00   3.5346448E+02
   1.0000000E-01   7.2999999E-02   2.8599999E-03   1.0000000E+00   3.5269391E+02
   1.0000000E-01   7.5000003E-02   2.8599999E-03   1.0000000E+00   3.5212445E+02
   1.0000000E-01   7.7000000E-02   2.8599999E-03   1.0000000E+00   3.5180386E+02
   1.0000000E-01   7.8999996E-02   2.8599999E-03   1.0000000E+00   3.5168701E+02
   1.0000000E-01   8.1000000E-02   2.8599999E-03   1.0000000E+00   3.5170743E+02
   1.0000000E-01   8.3000004E-02   2.8599999E-03   1.0000000E+00   3.5181842E+02
   1.0000000E-01   8.5000001E-02   2.8599999E-03   1.0000000E+00   3.5197284E+02
   1.0000000E-01   8.6999997E-02   2.8599999E-03   1.0000000E+00   3.5210727E+02
   1.0000000E-01   8.9000002E-02   2.8599999E-03   1.0000000E+00   3.5221216E+02
   1.0000000E-01   9.1000006E-02   2.8599999E-03   1.0000000E+00   3.5229089E+02
   1.0000000E-01   9.2999995E-02   2.8599999E-03   1.0000000E+00   3.5234906E+02
   1.0000000E-01   9.4999999E-02   2.8599999E-03   1.0000000E+00   3.5239160E+02
   1.0000000E-01   9.7000003E-02   2.8599999E-03   1.0000000E+00   3.5242255E+02
   1.0000000E-01   9.8999999E-02   2.8599999E-03   1.0000000E+00   3.5244489E+02
   1.0000000E-01   1.0100000E-01   2.8599999E-03   1.0000000E+00   3.5246094E+02
   1.0000000E-01   1.0300000E-01   2.8599999E-03   1.0000000E+00   3.5247244E+02
   1.0000000E-01   1.0500000E-01   2.8599999E-03   1.0000000E+00   3.5248062E+02
   1.0000000E-01   1.0700000E-01   2.8599999E-03   1.0000000E+00   3.5248639E+02
   1.0000000E-01   1.0900000E-01   2.8599999E-03   1.0000000E+00   3.5249048E+02
   1.0000000E-01   1.1100000E-01   2.8599999E-03   1.0000000E+00   3.5249335E+02
   1.0000000E-01   1.1300001E-01   2.8599999E-03   1.0000000E+00   3.5249530E+02
   1.0000000E-01   1.1499999E-01   2.8599999E-03   1.0000000E+00   3.5249664E+02
   1.0000000E-01   1.1700000E-01   2.8599999E-03   1.0000000E+00   3.5249750E+02
   1.0000000E-01   1.1900000E-01   2.8599999E-03   1.0000000E+00   3.5249802E+02
   1.0000000E-01   1.2100000E-01   2.8599999E-03   1.0000000E+00   3.5249823E+02
   1.0000000E-01   1.2633334E-01   2.8599999E-03   1.0000000E+00   3.5249817E+02
   1.0000000E-01   1.3733333E-01   2.8599999E-03   1.0000000E+00   3.5249316E+02
   1.0000000E-01   1.5200000E-01   2.8599999E-03   1.0000000E+00   3.5245566E+02
   1.0000000E-01   8.0000004E-03   4.8199999E-03   1.0000000E+00   3.5259039E+02
   1.0000000E-01   2.2666667E-02   4.8199999E-03   1.0000000E+00   3.5257999E+02
   1.0000000E-01   3.3666667E-02   4.8199999E-03   1.0000000E+00   3.5250507E+02
   1.0000000E-01   3.8999997E-02   4.8199999E-03   1.0000000E+00   3.5235135E+02
   1.0000000E-01   4.1000001E-02   4.8199999E-03   1.0000000E+00   3.5227814E+02
   1.0000000E-01   4.2999998E-02   4.8199999E-03   1.0000000E+00   3.5219476E+02
   1.0000000E-01   4.5000002E-02   4.8199999E-03   1.0000000E+00   3.5211996E+02
   1.0000000E-01   4.6999998E-02   4.8199999E-03   1.0000000E+00   3.5207214E+02
   1.0000000E-01   4.9000002E-02   4.8199999E-03   1.0000000E+00   3.5206924E+02
   1.0000000E-01   5.0999999E-02   4.8199999E-03   1.0000000E+00   3.5213922E+02
   1.0000000E-01   5.3000003E-02   4.8199999E-03   1.0000000E+00   3.5231290E+02
   1.0000000E-01   5.5000000E-02   4.8199999E-03   1.0000000E+00   3.5259299E+02
   1.0000000E-01   5.7000000E-02   4.8199999E-03   1.0000000E+00   3.5290793E+02
   1.0000000E-01   5.9000000E-02   4.8199999E-03   1.0000000E+00   3.5309390E+02
   1.0000000E-01   6.0999997E-02   4.8199999E-03   0.0000000E+00   2.9300000E+02
   1.0000000E-01   6.3000001E-02   4.8199999E-03   0.0000000E+00   2.9300000E+02
   1.0000000E-01   6.4999998E-02   4.8199999E-03   0.0000000E+00   2.9300000E+02
   1.0000000E-01   6.7000002E-02   4.8199999E-03   0.0000000E+00   2.9300000E+02
   1.0000000E-01   6.9000006E-02   4.8199999E-03   0.0000000E+00   2.9300000E+02
   1.0000000E-01   7.0999995E-02   4.8199999E-03   5.8673483E-01   3.5297980E+02
   1.0000000E-01   7.2999999E-02   4.8199999E-03   1.0000000E+00   3.5244321E+02
   1.0000000E-01   7.5000003E-02   4.8199999E-03   1.0000000E+00   3.5209262E+02
   1.0000000E-01   7.7000000E-02   4.8199999E-03   1.0000000E+00   3.5190356E+02
   1.0000000E-01   7.8999996E-02   4.8199999E-03   1.0000000E+00   3.5185486E+02
   1.0000000E-01   8.1000000E-02   4.8199999E-03   1.0000000E+00   3.5190039E+02
   1.0000000E-01   8.3000004E-02   4.8199999E-03   1.0000000E+00   3.5199966E+02
   1.0000000E-01   8.5000001E-02   4.8199999E-03   1.0000000E+00   3.5211899E+02
   1.0000000E-01   8.6999997E-02   4.8199999E-03   1.0000000E+00   3.5222906E+02
   1.0000000E-01   8.9000002E-02   4.8199999E-03   1.0000000E+00   3.5231967E+02
   1.0000000E-01   9.1000006E-02   4.8199999E-03   1.0000000E+00   3.5239035E+02
   1.0000000E-01   9.2999995E-02   4.8199999E-03   1.0000000E+00   3.5244394E+02
   1.0000000E-01   9.4999999E-02   4.8199999E-03   1.0000000E+00   3.5248392E+02
   1.0000000E-01   9.7000003E-02   4.8199999E-03   1.0000000E+00   3.5251346E+02
   1.0000000E-01   9.8999999E-02   4.8199999E-03   1.0000000E+00   3.5253506E+02
   1.0000000E-01   1.0100000E-01   4.8199999E-03   1.0000000E+00   3.5255078E+02
   1.0000000E-01   1.0300000E-01   4.8199999E-03   1.0000000E+00   3.5256216E+02
   1.0000000E-01   1.0500000E-01   4.8199999E-03   1.0000000E+00   3.5257037E+02
   1.0000000E-01   1.0700000E-01   4.8199999E-03   1.0000000E+00   3.5257623E+02
   1.0000000E-01   1.0900000E-01   4.8199999E-03   1.0000000E+00   3.5258044E+02
   1.0000000E-01   1.1100000E-01   4.8199999E-03   1.0000000E+00   3.5258340E+02
   1.0000000E-01   1.1300001E-01   4.8199999E-03   1.0000000E+00   3.5258551E+02
   1.0000000E-01   1.1499999E-01   4.8199999E-03   1.0000000E+00   3.5258694E+02
   1.0000000E-01   1.1700000E-01   4.8199999E-03   1.0000000E+00   3.5258789E+02
   1.0000000E-01   1.1900000E-01   4.8199999E-03   1.0000000E+00   3.5258847E+02
   1.0000000E-01   1.2100000E-01   4.8199999E-03   1.0000000E+00   3.5258878E+02
   1.0000000E-01   1.2633334E-01   4.8199999E-03   1.0000000E+00   3.5258884E+02
   1.0000000E-01   1.3733333E-01   4.8199999E-03   1.0000000E+00   3.5258401E+02
   1.0000000E-01   1.5200000E-01   4.8199999E-03   1.0000000E+00   3.5255289E+02
   1.0000000E-01   8.0000004E-03   6.7799999E-03   1.0000000E+00   3.5266794E+02
   1.0000000E-01   2.2666667E-02   6.7799999E-03   1.0000000E+00   3.5265857E+02
   1.0000000E-01   3.3666667E-02   6.7799999E-03   1.0000000E+00   3.5259293E+02
   1.0000000E-01   3.8999997E-02   6.7799999E-03   1.0000000E+00   3.5246817E+02
   1.0000000E-01   4.1000001E-02   6.7799999E-03   1.0000000E+00   3.5241177E+02
   1.0000000E-01   4.2999998E-02   6.7799999E-03   1.0000000E+00   3.5234937E+02
   1.0000000E-01   4.5000002E-02   6.7799999E-03   1.0000000E+00   3.5229001E+02
   1.0000000E-01   4.6999998E-02   6.7799999E-03   1.0000000E+00   3.5224527E+02
   1.0000000E-01   4.9000002E-02   6.7799999E-03   1.0000000E+00   3.5223022E+02
   1.0000000E-01   5.0999999E-02   6.7799999E-03   1.0000000E+00   3.5226645E+02
   1.0000000E-01   5.3000003E-02   6.7799999E-03   1.0000000E+00   3.5237540E+02
   1.0000000E-01   5.5000000E-02   6.7799999E-03   1.0000000E+00   3.5255551E+02
   1.0000000E-01   5.7000000E-02   6.7799999E-03   1.0000000E+00   3.5275061E+02
   1.0000000E-01   5.9000000E-02   6.7799999E-03   1.0000000E+00   3.5284427E+02
   1.0000000E-01   6.0999997E-02   6.7799999E-03   0.0000000E+00   2.9300000E+02
   1.0000000E-01   6.3000001E-02   6.7799999E-03   0.0000000E+00   2.9300000E+02
   1.0000000E-01   6.4999998E-02   6.7799999E-03   0.0000000E+00   2.9300000E+02
   1.0000000E-01   6.7000002E-02   6.7799999E-03   0.0000000E+00   2.9300000E+02
   1.0000000E-01   6.9000006E-02   6.7799999E-03   0.0000000E+00   2.9300000E+02
   1.0000000E-01   7.0999995E-02   6.7799999E-03   0.0000000E+00   2.9300000E+02
   1.0000000E-01   7.2999999E-02   6.7799999E-03   6.0489810E-01   3.5212228E+02
   1.0000000E-01   7.5000003E-02   6.7799999E-03   1.0000000E+00   3.5196951E+02
   1.0000000E-01   7.7000000E-02   6.7799999E-03   1.0000000E+00   3.5193393E+02
   1.0000000E-01   7.8999996E-02   6.7799999E-03   1.0000000E+00   3.5196454E+02
   1.0000000E-01   8.1000000E-02   6.7799999E-03   1.0000000E+00   3.5204019E+02
   1.0000000E-01   8.3000004E-02   6.7799999E-03   1.0000000E+00   3.5213889E+02
   1.0000000E-01   8.5000001E-02   6.7799999E-03   1.0000000E+00   3.5224203E+02
   1.0000000E-01   8.6999997E-02   6.7799999E-03   1.0000000E+00   3.5233588E+02
   1.0000000E-01   8.9000002E-02   6.7799999E-03   1.0000000E+00   3.5241449E+02
   1.0000000E-01   9.1000006E-02   6.7799999E-03   1.0000000E+00   3.5247723E+02
   1.0000000E-01   9.2999995E-02   6.7799999E-03   1.0000000E+00   3.5252591E+02
   1.0000000E-01   9.4999999E-02   6.7799999E-03   1.0000000E+00   3.5256296E+02
   1.0000000E-01   9.7000003E-02   6.7799999E-03   1.0000000E+00   3.5259079E+02
   1.0000000E-01   9.8999999E-02   6.7799999E-03   1.0000000E+00   3.5261154E+02
   1.0000000E-01   1.0100000E-01   6.7799999E-03   1.0000000E+00   3.5262689E+02
   1.0000000E-01   1.0300000E-01   6.7799999E-03   1.0000000E+00   3.5263818E+02
   1.0000000E-01   1.0500000E-01   6.7799999E-03   1.0000000E+00   3.5264642E+02
   1.0000000E-01   1.0700000E-01   6.7799999E-03   1.0000000E+00   3.5265247E+02
   1.0000000E-01   1.0900000E-01   6.7799999E-03   1.0000000E+00   3.5265686E+02
   1.0000000E-01   1.1100000E-01   6.7799999E-03   1.0000000E+00   3.5266000E+02
   1.0000000E-01   1.1300001E-01   6.7799999E-03   1.0000000E+00   3.5266229E+02
   1.0000000E-01   1.1499999E-01   6.7799999E-03   1.0000000E+00   3.5266388E+02
   1.0000000E-01   1.1700000E-01   6.7799999E-03   1.0000000E+00   3.5266498E+02
   1.0000000E-01   1.1900000E-01   6.7799999E-03   1.0000000E+00   3.5266568E+02
   1.0000000E-01   1.2100000E-01   6.7799999E-03   1.0000000E+00   3.5266605E+02
   1.0000000E-01   1.2633334E-01   6.7799999E-03   1.0000000E+00   3.5266635E+02
   1.0000000E-01   1.3733333E-01   6.7799999E-03   1.0000000E+00   3.5266196E+02
   1.0000000E-01   1.5200000E-01   6.7799999E-03   1.0000000E+00   3.5263629E+02
   1.0000000E-01   8.0000004E-03   8.7400004E-03   1.0000000E+00   3.5273291E+02
   1.0000000E-01   2.2666667E-02   8.7400004E-03   1.0000000E+00   3.5272464E+02
   1.0000000E-01   3.3666667E-02   8.7400004E-03   1.0000000E+00   3.5266855E+02
   1.0000000E-01   3.8999997E-02   8.7400004E-03   1.0000000E+00   3.5256805E+02
   1.0000000E-01   4.1000001E-02   8.7400004E-03   1.0000000E+00   3.5252347E+02
   1.0000000E-01   4.2999998E-02   8.7400004E-03   1.0000000E+00   3.5247388E+02
   1.0000000E-01   4.5000002E-02   8.7400004E-03   1.0000000E+00   3.5242386E+02
   1.0000000E-01   4.6999998E-02   8.7400004E-03   1.0000000E+00   3.5238016E+02
   1.0000000E-01   4.9000002E-02   8.7400004E-03   1.0000000E+00   3.5235287E+02
   1.0000000E-01   5.0999999E-02   8.7400004E-03   1.0000000E+00   3.5235614E+02
   1.0000000E-01   5.3000003E-02   8.7400004E-03   1.0000000E+00   3.5240320E+02
   1.0000000E-01   5.5000000E-02   8.7400004E-03   1.0000000E+00   3.5249130E+02
   1.0000000E-01   5.7000000E-02   8.7400004E-03   1.0000000E+00   3.5258234E+02
   1.0000000E-01   5.9000000E-02   8.7400004E-03   1.0000000E+00   3.5260193E+02
   1.0000000E-01   6.0999997E-02   8.7400004E-03   0.0000000E+00   2.9300000E+02
   1.0000000E-01   6.3000001E-02   8.7400004E-03   0.0000000E+00   2.9300000E+02
   1.0000000E-01   6.4999998E-02   8.7400004E-03   0.0000000E+00   2.9300000E+02
   1.0000000E-01   6.7000002E-02   8.7400004E-03   0.0000000E+00   2.9300000E+02
   1.0000000E-01   6.9000006E-02   8.7400004E-03   0.0000000E+00   2.9300000E+02
   1.0000000E-01   7.0999995E-02   8.7400004E-03   0.0000000E+00   2.9300000E+02
   1.0000000E-01   7.2999999E-02   8.7400004E-03   0.0000000E+00   2.9300000E+02
   1.0000000E-01   7.5000003E-02   8.7400004E-03   6.2265325E-01   3.5188293E+02
   1.0000000E-01   7.7000000E-02   8.7400004E-03   1.0000000E+00   3.5194876E+02
   1.0000000E-01   7.8999996E-02   8.7400004E-03   1.0000000E+00   3.5204730E+02
   1.0000000E-01   8.1000000E-02   8.7400004E-03   1.0000000E+00   3.5214758E+02
   1.0000000E-01   8.3000004E-02   8.7400004E-03   1.0000000E+00   3.5224789E+02
   1.0000000E-01   8.5000001E-02   8.7400004E-03   1.0000000E+00   3.5234195E+02
   1.0000000E-01   8.6999997E-02   8.7400004E-03   1.0000000E+00   3.5242468E+02
   1.0000000E-01   8.9000002E-02   8.7400004E-03   1.0000000E+00   3.5249396E+02
   1.0000000E-01   9.1000006E-02   8.7400004E-03   1.0000000E+00   3.5254996E+02
   1.0000000E-01   9.2999995E-02   8.7400004E-03   1.0000000E+00   3.5259412E+02
   1.0000000E-01   9.4999999E-02   8.7400004E-03   1.0000000E+00   3.5262839E+02
   1.0000000E-01   9.7000003E-02   8.7400004E-03   1.0000000E+00   3.5265463E+02
   1.0000000E-01   9.8999999E-02   8.7400004E-03   1.0000000E+00   3.5267456E+02
   1.0000000E-01   1.0100000E-01   8.7400004E-03   1.0000000E+00   3.5268958E+02
   1.0000000E-01   1.0300000E-01   8.7400004E-03   1.0000000E+00   3.5270087E+02
   1.0000000E-01   1.0500000E-01   8.7400004E-03   1.0000000E+00   3.5270929E+02
   1.0000000E-01   1.0700000E-01   8.7400004E-03   1.0000000E+00   3.5271558E+02
   1.0000000E-01   1.0900000E-01   8.7400004E-03   1.0000000E+00   3.5272021E+02
   1.0000000E-01   1.1100000E-01   8.7400004E-03   1.0000000E+00   3.5272366E+02
   1.0000000E-01   1.1300001E-01   8.7400004E-03   1.0000000E+00   3.5272617E+02
   1.0000000E-01   1.1499999E-01   8.7400004E-03   1.0000000E+00   3.5272800E+02
   1.0000000E-01   1.1700000E-01   8.7400004E-03   1.0000000E+00   3.5272928E+02
   1.0000000E-01   1.1900000E-01   8.7400004E-03   1.0000000E+00   3.5273013E+02
   1.0000000E-01   1.2100000E-01   8.7400004E-03   1.0000000E+00   3.5273065E+02
   1.0000000E-01   1.2633334E-01   8.7400004E-03   1.0000000E+00   3.5273123E+02
   1.0000000E-01   1.3733333E-01   8.7400004E-03   1.0000000E+00   3.5272742E+02
   1.0000000E-01   1.5200000E-01   8.7400004E-03   1.0000000E+00   3.5270639E+02
   1.0000000E-01   8.0000004E-03   1.0700000E-02   1.0000000E+00   3.5278592E+02
   1.0000000E-01   2.2666667E-02   1.0700000E-02   1.0000000E+00   3.5277878E+02
   1.0000000E-01   3.3666667E-02   1.0700000E-02   1.0000000E+00   3.5273157E+02
   1.0000000E-01   3.8999997E-02   1.0700000E-02   1.0000000E+00   3.5265015E+02
   1.0000000E-01   4.1000001E-02   1.0700000E-02   1.0000000E+00   3.5261392E+02
   1.0000000E-01   4.2999998E-02   1.0700000E-02   1.0000000E+00   3.5257278E+02
   1.0000000E-01   4.5000002E-02   1.0700000E-02   1.0000000E+00   3.5252878E+02
   1.0000000E-01   4.6999998E-02   1.0700000E-02   1.0000000E+00   3.5248544E+02
   1.0000000E-01   4.9000002E-02   1.0700000E-02   1.0000000E+00   3.5244830E+02
   1.0000000E-01   5.0999999E-02   1.0700000E-02   1.0000000E+00   3.5242532E+02
   1.0000000E-01   5.3000003E-02   1.0700000E-02   1.0000000E+00   3.5242340E+02
   1.0000000E-01   5.5000000E-02   1.0700000E-02   1.0000000E+00   3.5243997E+02
   1.0000000E-01   5.7000000E-02   1.0700000E-02   1.0000000E+00   3.5245206E+02
   1.0000000E-01   5.9000000E-02   1.0700000E-02   1.0000000E+00   3.5241711E+02
   1.0000000E-01   6.0999997E-02   1.0700000E-02   0.0000000E+00   2.9300000E+02
   1.0000000E-01   6.3000001E-02   1.0700000E-02   0.0000000E+00   2.9300000E+02
   1.0000000E-01   6.4999998E-02   1.0700000E-02   0.0000000E+00   2.9300000E+02
   1.0000000E-01   6.7000002E-02   1.0700000E-02   0.0000000E+00   2.9300000E+02
   1.0000000E-01   6.9000006E-02   1.0700000E-02   0.0000000E+00   2.9300000E+02
   1.0000000E-01   7.0999995E-02   1.0700000E-02   0.0000000E+00   2.9300000E+02
   1.0000000E-01   7.2999999E-02   1.0700000E-02   0.0000000E+00   2.9300000E+02
   1.0000000E-01   7.5000003E-02   1.0700000E-02   1.0000026E-02   3.5191553E+02
   1.0000000E-01   7.7000000E-02   1.0700000E-02   6.4000016E-01   3.5200467E+02
   1.0000000E-01   7.8999996E-02   1.0700000E-02   1.0000000E+00   3.5212759E+02
   1.0000000E-01   8.1000000E-02   1.0700000E-02   1.0000000E+00   3.5223572E+02
   1.0000000E-01   8.3000004E-02   1.0700000E-02   1.0000000E+00   3.5233389E+02
   1.0000000E-01   8.5000001E-02   1.0700000E-02   1.0000000E+00   3.5242072E+02
   1.0000000E-01   8.6999997E-02   1.0700000E-02   1.0000000E+00   3.5249515E+02
   1.0000000E-01   8.9000002E-02   1.0700000E-02   1.0000000E+00   3.5255722E+02
   1.0000000E-01   9.1000006E-02   1.0700000E-02   1.0000000E+00   3.5260779E+02
   1.0000000E-01   9.2999995E-02   1.0700000E-02   1.0000000E+00   3.5264825E+02
   1.0000000E-01   9.4999999E-02   1.0700000E-02   1.0000000E+00   3.5268021E+02
   1.0000000E-01   9.7000003E-02   1.0700000E-02   1.0000000E+00   3.5270514E+02
   1.0000000E-01   9.8999999E-02   1.0700000E-02   1.0000000E+00   3.5272446E+02
   1.0000000E-01   1.0100000E-01   1.0700000E-02   1.0000000E+00   3.5273935E+02
   1.0000000E-01   1.0300000E-01   1.0700000E-02   1.0000000E+00   3.5275076E+02
   1.0000000E-01   1.0500000E-01   1.0700000E-02   1.0000000E+00   3.5275949E+02
   1.0000000E-01   1.0700000E-01   1.0700000E-02   1.0000000E+00   3.5276611E+02
   1.0000000E-01   1.0900000E-01   1.0700000E-02   1.0000000E+00   3.5277115E+02
   1.0000000E-01   1.1100000E-01   1.0700000E-02   1.0000000E+00   3.5277496E+02
   1.0000000E-01   1.1300001E-01   1.0700000E-02   1.0000000E+00   3.5277780E+02
   1.0000000E-01   1.1499999E-01   1.0700000E-02   1.0000000E+00   3.5277991E+02
   1.0000000E-01   1.1700000E-01   1.0700000E-02   1.0000000E+00   3.5278143E+02
   1.0000000E-01   1.1900000E-01   1.0700000E-02   1.0000000E+00   3.5278250E+02
   1.0000000E-01   1.2100000E-01   1.0700000E-02   1.0000000E+00   3.5278317E+02
   1.0000000E-01   1.2633334E-01   1.0700000E-02   1.0000000E+00   3.5278412E+02
   1.0000000E-01   1.3733333E-01   1.0700000E-02   1.0000000E+00   3.5278098E+02
   1.0000000E-01   1.5200000E-01   1.0700000E-02   1.0000000E+00   3.5276389E+02
   1.0000000E-01   8.0000004E-03   1.2660000E-02   1.0000000E+00   3.5282767E+02
   1.0000000E-01   2.2666667E-02   1.2660000E-02   1.0000000E+00   3.5282156E+02
   1.0000000E-01   3.3666667E-02   1.2660000E-02   1.0000000E+00   3.5278214E+02
   1.0000000E-01   3.8999997E-02   1.2660000E-02   1.0000000E+00   3.5271518E+02
   1.0000000E-01   4.1000001E-02   1.2660000E-02   1.0000000E+00   3.5268494E+02
   1.0000000E-01   4.2999998E-02   1.2660000E-02   1.0000000E+00   3.5264963E+02
   1.0000000E-01   4.5000002E-02   1.2660000E-02   1.0000000E+00   3.5260989E+02
   1.0000000E-01   4.6999998E-02   1.2660000E-02   1.0000000E+00   3.5256708E+02
   1.0000000E-01   4.9000002E-02   1.2660000E-02   1.0000000E+00   3.5252368E+02
   1.0000000E-01   5.0999999E-02   1.2660000E-02   1.0000000E+00   3.5248331E+02
   1.0000000E-01   5.3000003E-02   1.2660000E-02   1.0000000E+00   3.5244885E+02
   1.0000000E-01   5.5000000E-02   1.2660000E-02   1.0000000E+00   3.5241818E+02
   1.0000000E-01   5.7000000E-02   1.2660000E-02   1.0000000E+00   3.5237885E+02
   1.0000000E-01   5.9000000E-02   1.2660000E-02   1.0000000E+00   3.5230890E+02
   1.0000000E-01   6.0999997E-02   1.2660000E-02   0.0000000E+00   2.9300000E+02
   1.0000000E-01   6.3000001E-02   1.2660000E-02   0.0000000E+00   2.9300000E+02
   1.0000000E-01   6.4999998E-02   1.2660000E-02   0.0000000E+00   2.9300000E+02
   1.0000000E-01   6.7000002E-02   1.2660000E-02   0.0000000E+00   2.9300000E+02
   1.0000000E-01   6.9000006E-02   1.2660000E-02   0.0000000E+00   2.9300000E+02
   1.0000000E-01   7.0999995E-02   1.2660000E-02   0.0000000E+00   2.9300000E+02
   1.0000000E-01   7.2999999E-02   1.2660000E-02   0.0000000E+00   2.9300000E+02
   1.0000000E-01   7.5000003E-02   1.2660000E-02   0.0000000E+00   2.9300000E+02
   1.0000000E-01   7.7000000E-02   1.2660000E-02   1.3061253E-02   3.5208069E+02
   1.0000000E-01   7.8999996E-02   1.2660000E-02   6.5693891E-01   3.5219318E+02
   1.0000000E-01   8.1000000E-02   1.2660000E-02   1.0000000E+00   3.5230679E+02
   1.0000000E-01   8.3000004E-02   1.2660000E-02   1.0000000E+00   3.5239987E+02
   1.0000000E-01   8.5000001E-02   1.2660000E-02   1.0000000E+00   3.5247995E+02
   1.0000000E-01   8.6999997E-02   1.2660000E-02   1.0000000E+00   3.5254779E+02
   1.0000000E-01   8.9000002E-02   1.2660000E-02   1.0000000E+00   3.5260434E+02
   1.0000000E-01   9.1000006E-02   1.2660000E-02   1.0000000E+00   3.5265079E+02
   1.0000000E-01   9.2999995E-02   1.2660000E-02   1.0000000E+00   3.5268845E+02
   1.0000000E-01   9.4999999E-02   1.2660000E-02   1.0000000E+00   3.5271869E+02
   1.0000000E-01   9.7000003E-02   1.2660000E-02   1.0000000E+00   3.5274274E+02
   1.0000000E-01   9.8999999E-02   1.2660000E-02   1.0000000E+00   3.5276178E+02
   1.0000000E-01   1.0100000E-01   1.2660000E-02   1.0000000E+00   3.5277676E+02
   1.0000000E-01   1.0300000E-01   1.2660000E-02   1.0000000E+00   3.5278848E+02
   1.0000000E-01   1.0500000E-01   1.2660000E-02   1.0000000E+00   3.5279767E+02
   1.0000000E-01   1.0700000E-01   1.2660000E-02   1.0000000E+00   3.5280481E+02
   1.0000000E-01   1.0900000E-01   1.2660000E-02   1.0000000E+00   3.5281033E+02
   1.0000000E-01   1.1100000E-01   1.2660000E-02   1.0000000E+00   3.5281458E+02
   1.0000000E-01   1.1300001E-01   1.2660000E-02   1.0000000E+00   3.5281784E+02
   1.0000000E-01   1.1499999E-01   1.2660000E-02   1.0000000E+00   3.5282031E+02
   1.0000000E-01   1.1700000E-01   1.2660000E-02   1.0000000E+00   3.5282214E+02
   1.0000000E-01   1.1900000E-01   1.2660000E-02   1.0000000E+00   3.5282343E+02
   1.0000000E-01   1.2100000E-01   1.2660000E-02   1.0000000E+00   3.5282431E+02
   1.0000000E-01   1.2633334E-01   1.2660000E-02   1.0000000E+00   3.5282571E+02
   1.0000000E-01   1.3733333E-01   1.2660000E-02   1.0000000E+00   3.5282327E+02
   1.0000000E-01   1.5200000E-01   1.2660000E-02   1.0000000E+00   3.5280942E+02
   1.0000000E-01   8.0000004E-03   1.4620000E-02   1.0000000E+00   3.5285880E+02
   1.0000000E-01   2.2666667E-02   1.4620000E-02   1.0000000E+00   3.5285367E+02
   1.0000000E-01   3.3666667E-02   1.4620000E-02   1.0000000E+00   3.5282065E+02
   1.0000000E-01   3.8999997E-02   1.4620000E-02   1.0000000E+00   3.5276440E+02
   1.0000000E-01   4.1000001E-02   1.4620000E-02   1.0000000E+00   3.5273846E+02
   1.0000000E-01   4.2999998E-02   1.4620000E-02   1.0000000E+00   3.5270731E+02
   1.0000000E-01   4.5000002E-02   1.4620000E-02   1.0000000E+00   3.5267072E+02
   1.0000000E-01   4.6999998E-02   1.4620000E-02   1.0000000E+00   3.5262891E+02
   1.0000000E-01   4.9000002E-02   1.4620000E-02   1.0000000E+00   3.5258246E+02
   1.0000000E-01   5.0999999E-02   1.4620000E-02   1.0000000E+00   3.5253241E+02
   1.0000000E-01   5.3000003E-02   1.4620000E-02   1.0000000E+00   3.5247952E+02
   1.0000000E-01   5.5000000E-02   1.4620000E-02   1.0000000E+00   3.5242209E+02
   1.0000000E-01   5.7000000E-02   1.4620000E-02   1.0000000E+00   3.5235379E+02
   1.0000000E-01   5.9000000E-02   1.4620000E-02   1.0000000E+00   3.5226425E+02
   1.0000000E-01   6.0999997E-02   1.4620000E-02   0.0000000E+00   2.9300000E+02
   1.0000000E-01   6.3000001E-02   1.4620000E-02   0.0000000E+00   2.9300000E+02
   1.0000000E-01   6.4999998E-02   1.4620000E-02   0.0000000E+00   2.9300000E+02
   1.0000000E-01   6.7000002E-02   1.4620000E-02   0.0000000E+00   2.9300000E+02
   1.0000000E-01   6.9000006E-02   1.4620000E-02   0.0000000E+00   2.9300000E+02
   1.0000000E-01   7.0999995E-02   1.4620000E-02   0.0000000E+00   2.9300000E+02
   1.0000000E-01   7.2999999E-02   1.4620000E-02   0.0000000E+00   2.9300000E+02
   1.0000000E-01   7.5000003E-02   1.4620000E-02   0.0000000E+00   2.9300000E+02
   1.0000000E-01   7.7000000E-02   1.4620000E-02   0.0000000E+00   2.9300000E+02
   1.0000000E-01   7.8999996E-02   1.4620000E-02   1.6530646E-02   3.5225827E+02
   1.0000000E-01   8.1000000E-02   1.4620000E-02   6.7346954E-01   3.5235318E+02
   1.0000000E-01   8.3000004E-02   1.4620000E-02   1.0000000E+00   3.5244690E+02
   1.0000000E-01   8.5000001E-02   1.4620000E-02   1.0000000E+00   3.5252094E+02
   1.0000000E-01   8.6999997E-02   1.4620000E-02   1.0000000E+00   3.5258353E+02
   1.0000000E-01   8.9000002E-02   1.4620000E-02   1.0000000E+00   3.5263593E+02
   1.0000000E-01   9.1000006E-02   1.4620000E-02   1.0000000E+00   3.5267938E+02
   1.0000000E-01   9.2999995E-02   1.4620000E-02   1.0000000E+00   3.5271512E+02
   1.0000000E-01   9.4999999E-02   1.4620000E-02   1.0000000E+00   3.5274429E+02
   1.0000000E-01   9.7000003E-02   1.4620000E-02   1.0000000E+00   3.5276797E+02
   1.0000000E-01   9.8999999E-02   1.4620000E-02   1.0000000E+00   3.5278705E+02
   1.0000000E-01   1.0100000E-01   1.4620000E-02   1.0000000E+00   3.5280240E+02
   1.0000000E-01   1.0300000E-01   1.4620000E-02   1.0000000E+00   3.5281467E+02
   1.0000000E-01   1.0500000E-01   1.4620000E-02   1.0000000E+00   3.5282446E+02
   1.0000000E-01   1.0700000E-01   1.4620000E-02   1.0000000E+00   3.5283224E+02
   1.0000000E-01   1.0900000E-01   1.4620000E-02   1.0000000E+00   3.5283838E+02
   1.0000000E-01   1.1100000E-01   1.4620000E-02   1.0000000E+00   3.5284320E+02
   1.0000000E-01   1.1300001E-01   1.4620000E-02   1.0000000E+00   3.5284695E+02
   1.0000000E-01   1.1499999E-01   1.4620000E-02   1.0000000E+00   3.5284985E+02
   1.0000000E-01   1.1700000E-01   1.4620000E-02   1.0000000E+00   3.5285202E+02
   1.0000000E-01   1.1900000E-01   1.4620000E-02   1.0000000E+00   3.5285364E+02
   1.0000000E-01   1.2100000E-01   1.4620000E-02   1.0000000E+00   3.5285474E+02
   1.0000000E-01   1.2633334E-01   1.4620000E-02   1.0000000E+00   3.5285666E+02
   1.0000000E-01   1.3733333E-01   1.4620000E-02   1.0000000E+00   3.5285492E+02
   1.0000000E-01   1.5200000E-01   1.4620000E-02   1.0000000E+00   3.5284369E+02
   1.0000000E-01   8.0000004E-03   1.6580001E-02   1.0000000E+00   3.5287994E+02
   1.0000000E-01   2.2666667E-02   1.6580001E-02   1.0000000E+00   3.5287561E+02
   1.0000000E-01   3.3666667E-02   1.6580001E-02   1.0000000E+00   3.5284772E+02
   1.0000000E-01   3.8999997E-02   1.6580001E-02   1.0000000E+00   3.5279926E+02
   1.0000000E-01   4.1000001E-02   1.6580001E-02   1.0000000E+00   3.5277637E+02
   1.0000000E-01   4.2999998E-02   1.6580001E-02   1.0000000E+00   3.5274817E+02
   1.0000000E-01   4.5000002E-02   1.6580001E-02   1.0000000E+00   3.5271402E+02
   1.0000000E-01   4.6999998E-02   1.6580001E-02   1.0000000E+00   3.5267343E+02
   1.0000000E-01   4.9000002E-02   1.6580001E-02   1.0000000E+00   3.5262601E+02
   1.0000000E-01   5.0999999E-02   1.6580001E-02   1.0000000E+00   3.5257156E+02
   1.0000000E-01   5.3000003E-02   1.6580001E-02   1.0000000E+00   3.5250970E+02
   1.0000000E-01   5.5000000E-02   1.6580001E-02   1.0000000E+00   3.5243909E+02
   1.0000000E-01   5.7000000E-02   1.6580001E-02   1.0000000E+00   3.5235654E+02
   1.0000000E-01   5.9000000E-02   1.6580001E-02   1.0000000E+00   3.5225739E+02
   1.0000000E-01   6.0999997E-02   1.6580001E-02   0.0000000E+00   2.9300000E+02
   1.0000000E-01   6.3000001E-02   1.6580001E-02   0.0000000E+00   2.9300000E+02
   1.0000000E-01   6.4999998E-02   1.6580001E-02   0.0000000E+00   2.9300000E+02
   1.0000000E-01   6.7000002E-02   1.6580001E-02   0.0000000E+00   2.9300000E+02
   1.0000000E-01   6.9000006E-02   1.6580001E-02   0.0000000E+00   2.9300000E+02
   1.0000000E-01   7.0999995E-02   1.6580001E-02   0.0000000E+00   2.9300000E+02
   1.0000000E-01   7.2999999E-02   1.6580001E-02   0.0000000E+00   2.9300000E+02
   1.0000000E-01   7.5000003E-02   1.6580001E-02   0.0000000E+00   2.9300000E+02
   1.0000000E-01   7.7000000E-02   1.6580001E-02   0.0000000E+00   2.9300000E+02
   1.0000000E-01   7.8999996E-02   1.6580001E-02   0.0000000E+00   2.9300000E+02
   1.0000000E-01   8.1000000E-02   1.6580001E-02   2.0408200E-02   3.5239560E+02
   1.0000000E-01   8.3000004E-02   1.6580001E-02   6.8959200E-01   3.5246912E+02
   1.0000000E-01   8.5000001E-02   1.6580001E-02   1.0000000E+00   3.5254483E+02
   1.0000000E-01   8.6999997E-02   1.6580001E-02   1.0000000E+00   3.5260339E+02
   1.0000000E-01   8.9000002E-02   1.6580001E-02   1.0000000E+00   3.5265283E+02
   1.0000000E-01   9.1000006E-02   1.6580001E-02   1.0000000E+00   3.5269434E+02
   1.0000000E-01   9.2999995E-02   1.6580001E-02   1.0000000E+00   3.5272894E+02
   1.0000000E-01   9.4999999E-02   1.6580001E-02   1.0000000E+00   3.5275769E+02
   1.0000000E-01   9.7000003E-02   1.6580001E-02   1.0000000E+00   3.5278140E+02
   1.0000000E-01   9.8999999E-02   1.6580001E-02   1.0000000E+00   3.5280090E+02
   1.0000000E-01   1.0100000E-01   1.6580001E-02   1.0000000E+00   3.5281686E+02
   1.0000000E-01   1.0300000E-01   1.6580001E-02   1.0000000E+00   3.5282990E+02
   1.0000000E-01   1.0500000E-01   1.6580001E-02   1.0000000E+00   3.5284045E+02
   1.0000000E-01   1.0700000E-01   1.6580001E-02   1.0000000E+00   3.5284903E+02
   1.0000000E-01   1.0900000E-01   1.6580001E-02   1.0000000E+00   3.5285590E+02
   1.0000000E-01   1.1100000E-01   1.6580001E-02   1.0000000E+00   3.5286139E+02
   1.0000000E-01   1.1300001E-01   1.6580001E-02   1.0000000E+00   3.5286572E+02
   1.0000000E-01   1.1499999E-01   1.6580001E-02   1.0000000E+00   3.5286911E+02
   1.0000000E-01   1.1700000E-01   1.6580001E-02   1.0000000E+00   3.5287170E+02
   1.0000000E-01   1.1900000E-01   1.6580001E-02   1.0000000E+00   3.5287366E+02
   1.0000000E-01   1.2100000E-01   1.6580001E-02   1.0000000E+00   3.5287503E+02
   1.0000000E-01   1.2633334E-01   1.6580001E-02   1.0000000E+00   3.5287753E+02
   1.0000000E-01   1.3733333E-01   1.6580001E-02   1.0000000E+00   3.5287646E+02
   1.0000000E-01   1.5200000E-01   1.6580001E-02   1.0000000E+00   3.5286731E+02
   1.0000000E-01   8.0000004E-03   1.8539999E-02   1.0000000E+00   3.5289151E+02
   1.0000000E-01   2.2666667E-02   1.8539999E-02   1.0000000E+00   3.5288782E+02
   1.0000000E-01   3.3666667E-02   1.8539999E-02   1.0000000E+00   3.5286389E+02
   1.0000000E-01   3.8999997E-02   1.8539999E-02   1.0000000E+00   3.5282098E+02
   1.0000000E-01   4.1000001E-02   1.8539999E-02   1.0000000E+00   3.5280029E+02
   1.0000000E-01   4.2999998E-02   1.8539999E-02   1.0000000E+00   3.5277420E+02
   1.0000000E-01   4.5000002E-02   1.8539999E-02   1.0000000E+00   3.5274188E+02
   1.0000000E-01   4.6999998E-02   1.8539999E-02   1.0000000E+00   3.5270251E+02
   1.0000000E-01   4.9000002E-02   1.8539999E-02   1.0000000E+00   3.5265521E+02
   1.0000000E-01   5.0999999E-02   1.8539999E-02   1.0000000E+00   3.5259921E+02
   1.0000000E-01   5.3000003E-02   1.8539999E-02   1.0000000E+00   3.5253366E+02
   1.0000000E-01   5.5000000E-02   1.8539999E-02   1.0000000E+00   3.5245740E+02
   1.0000000E-01   5.7000000E-02   1.8539999E-02   1.0000000E+00   3.5236868E+02
   1.0000000E-01   5.9000000E-02   1.8539999E-02   1.0000000E+00   3.5226538E+02
   1.0000000E-01   6.0999997E-02   1.8539999E-02   0.0000000E+00   2.9300000E+02
   1.0000000E-01   6.3000001E-02   1.8539999E-02   0.0000000E+00   2.9300000E+02
   1.0000000E-01   6.4999998E-02   1.8539999E-02   0.0000000E+00   2.9300000E+02
   1.0000000E-01   6.7000002E-02   1.8539999E-02   0.0000000E+00   2.9300000E+02
   1.0000000E-01   6.9000006E-02   1.8539999E-02   0.0000000E+00   2.9300000E+02
   1.0000000E-01   7.0999995E-02   1.8539999E-02   0.0000000E+00   2.9300000E+02
   1.0000000E-01   7.2999999E-02   1.8539999E-02   0.0000000E+00   2.9300000E+02
   1.0000000E-01   7.5000003E-02   1.8539999E-02   0.0000000E+00   2.9300000E+02
   1.0000000E-01   7.7000000E-02   1.8539999E-02   0.0000000E+00   2.9300000E+02
   1.0000000E-01   7.8999996E-02   1.8539999E-02   0.0000000E+00   2.9300000E+02
   1.0000000E-01   8.1000000E-02   1.8539999E-02   0.0000000E+00   2.9300000E+02
   1.0000000E-01   8.3000004E-02   1.8539999E-02   2.4693917E-02   3.5249039E+02
   1.0000000E-01   8.5000001E-02   1.8539999E-02   7.0530623E-01   3.5254626E+02
   1.0000000E-01   8.6999997E-02   1.8539999E-02   1.0000000E+00   3.5260852E+02
   1.0000000E-01   8.9000002E-02   1.8539999E-02   1.0000000E+00   3.5265607E+02
   1.0000000E-01   9.1000006E-02   1.8539999E-02   1.0000000E+00   3.5269647E+02
   1.0000000E-01   9.2999995E-02   1.8539999E-02   1.0000000E+00   3.5273065E+02
   1.0000000E-01   9.4999999E-02   1.8539999E-02   1.0000000E+00   3.5275949E+02
   1.0000000E-01   9.7000003E-02   1.8539999E-02   1.0000000E+00   3.5278369E+02
   1.0000000E-01   9.8999999E-02   1.8539999E-02   1.0000000E+00   3.5280389E+02
   1.0000000E-01   1.0100000E-01   1.8539999E-02   1.0000000E+00   3.5282074E+02
   1.0000000E-01   1.0300000E-01   1.8539999E-02   1.0000000E+00   3.5283469E+02
   1.0000000E-01   1.0500000E-01   1.8539999E-02   1.0000000E+00   3.5284619E+02
   1.0000000E-01   1.0700000E-01   1.8539999E-02   1.0000000E+00   3.5285565E+02
   1.0000000E-01   1.0900000E-01   1.8539999E-02   1.0000000E+00   3.5286334E+02
   1.0000000E-01   1.1100000E-01   1.8539999E-02   1.0000000E+00   3.5286960E+02
   1.0000000E-01   1.1300001E-01   1.8539999E-02   1.0000000E+00   3.5287457E+02
   1.0000000E-01   1.1499999E-01   1.8539999E-02   1.0000000E+00   3.5287854E+02
   1.0000000E-01   1.1700000E-01   1.8539999E-02   1.0000000E+00   3.5288159E+02
   1.0000000E-01   1.1900000E-01   1.8539999E-02   1.0000000E+00   3.5288394E+02
   1.0000000E-01   1.2100000E-01   1.8539999E-02   1.0000000E+00   3.5288565E+02
   1.0000000E-01   1.2633334E-01   1.8539999E-02   1.0000000E+00   3.5288882E+02
   1.0000000E-01   1.3733333E-01   1.8539999E-02   1.0000000E+00   3.5288837E+02
   1.0000000E-01   1.5200000E-01   1.8539999E-02   1.0000000E+00   3.5288071E+02
   1.0000000E-01   8.0000004E-03   2.0500001E-02   1.0000000E+00   3.5289380E+02
   1.0000000E-01   2.2666667E-02   2.0500001E-02   1.0000000E+00   3.5289059E+02
   1.0000000E-01   3.3666667E-02   2.0500001E-02   1.0000000E+00   3.5286963E+02
   1.0000000E-01   3.8999997E-02   2.0500001E-02   1.0000000E+00   3.5283063E+02
   1.0000000E-01   4.1000001E-02   2.0500001E-02   1.0000000E+00   3.5281146E+02
   1.0000000E-01   4.2999998E-02   2.0500001E-02   1.0000000E+00   3.5278687E+02
   1.0000000E-01   4.5000002E-02   2.0500001E-02   1.0000000E+00   3.5275592E+02
   1.0000000E-01   4.6999998E-02   2.0500001E-02   1.0000000E+00   3.5271759E+02
   1.0000000E-01   4.9000002E-02   2.0500001E-02   1.0000000E+00   3.5267084E+02
   1.0000000E-01   5.0999999E-02   2.0500001E-02   1.0000000E+00   3.5261459E+02
   1.0000000E-01   5.3000003E-02   2.0500001E-02   1.0000000E+00   3.5254785E+02
   1.0000000E-01   5.5000000E-02   2.0500001E-02   1.0000000E+00   3.5246954E+02
   1.0000000E-01   5.7000000E-02   2.0500001E-02   1.0000000E+00   3.5237851E+02
   1.0000000E-01   5.9000000E-02   2.0500001E-02   1.0000000E+00   3.5227362E+02
   1.0000000E-01   6.0999997E-02   2.0500001E-02   0.0000000E+00   2.9300000E+02
   1.0000000E-01   6.3000001E-02   2.0500001E-02   0.0000000E+00   2.9300000E+02
   1.0000000E-01   6.4999998E-02   2.0500001E-02   0.0000000E+00   2.9300000E+02
   1.0000000E-01   6.7000002E-02   2.0500001E-02   0.0000000E+00   2.9300000E+02
   1.0000000E-01   6.9000006E-02   2.0500001E-02   0.0000000E+00   2.9300000E+02
   1.0000000E-01   7.0999995E-02   2.0500001E-02   0.0000000E+00   2.9300000E+02
   1.0000000E-01   7.2999999E-02   2.0500001E-02   0.0000000E+00   2.9300000E+02
   1.0000000E-01   7.5000003E-02   2.0500001E-02   0.0000000E+00   2.9300000E+02
   1.0000000E-01   7.7000000E-02   2.0500001E-02   0.0000000E+00   2.9300000E+02
   1.0000000E-01   7.8999996E-02   2.0500001E-02   0.0000000E+00   2.9300000E+02
   1.0000000E-01   8.1000000E-02   2.0500001E-02   0.0000000E+00   2.9300000E+02
   1.0000000E-01   8.3000004E-02   2.0500001E-02   0.0000000E+00   2.9300000E+02
   1.0000000E-01   8.5000001E-02   2.0500001E-02   2.9387798E-02   3.5255081E+02
   1.0000000E-01   8.6999997E-02   2.0500001E-02   7.2061241E-01   3.5259369E+02
   1.0000000E-01   8.9000002E-02   2.0500001E-02   1.0000000E+00   3.5264658E+02
   1.0000000E-01   9.1000006E-02   2.0500001E-02   1.0000000E+00   3.5268661E+02
   1.0000000E-01   9.2999995E-02   2.0500001E-02   1.0000000E+00   3.5272098E+02
   1.0000000E-01   9.4999999E-02   2.0500001E-02   1.0000000E+00   3.5275037E+02
   1.0000000E-01   9.7000003E-02   2.0500001E-02   1.0000000E+00   3.5277536E+02
   1.0000000E-01   9.8999999E-02   2.0500001E-02   1.0000000E+00   3.5279657E+02
   1.0000000E-01   1.0100000E-01   2.0500001E-02   1.0000000E+00   3.5281442E+02
   1.0000000E-01   1.0300000E-01   2.0500001E-02   1.0000000E+00   3.5282944E+02
   1.0000000E-01   1.0500000E-01   2.0500001E-02   1.0000000E+00   3.5284198E+02
   1.0000000E-01   1.0700000E-01   2.0500001E-02   1.0000000E+00   3.5285242E+02
   1.0000000E-01   1.0900000E-01   2.0500001E-02   1.0000000E+00   3.5286105E+02
   1.0000000E-01   1.1100000E-01   2.0500001E-02   1.0000000E+00   3.5286810E+02
   1.0000000E-01   1.1300001E-01   2.0500001E-02   1.0000000E+00   3.5287384E+02
   1.0000000E-01   1.1499999E-01   2.0500001E-02   1.0000000E+00   3.5287842E+02
   1.0000000E-01   1.1700000E-01   2.0500001E-02   1.0000000E+00   3.5288202E+02
   1.0000000E-01   1.1900000E-01   2.0500001E-02   1.0000000E+00   3.5288477E+02
   1.0000000E-01   1.2100000E-01   2.0500001E-02   1.0000000E+00   3.5288681E+02
   1.0000000E-01   1.2633334E-01   2.0500001E-02   1.0000000E+00   3.5289072E+02
   1.0000000E-01   1.3733333E-01   2.0500001E-02   1.0000000E+00   3.5289084E+02
   1.0000000E-01   1.5200000E-01   2.0500001E-02   1.0000000E+00   3.5288419E+02
   1.0000000E-01   8.0000004E-03   2.2459999E-02   1.0000000E+00   3.5288684E+02
   1.0000000E-01   2.2666667E-02   2.2459999E-02   1.0000000E+00   3.5288403E+02
   1.0000000E-01   3.3666667E-02   2.2459999E-02   1.0000000E+00   3.5286523E+02
   1.0000000E-01   3.8999997E-02   2.2459999E-02   1.0000000E+00   3.5282895E+02
   1.0000000E-01   4.1000001E-02   2.2459999E-02   1.0000000E+00   3.5281082E+02
   1.0000000E-01   4.2999998E-02   2.2459999E-02   1.0000000E+00   3.5278729E+02
   1.0000000E-01   4.5000002E-02   2.2459999E-02   1.0000000E+00   3.5275732E+02
   1.0000000E-01   4.6999998E-02   2.2459999E-02   1.0000000E+00   3.5271982E+02
   1.0000000E-01   4.9000002E-02   2.2459999E-02   1.0000000E+00   3.5267368E+02
   1.0000000E-01   5.0999999E-02   2.2459999E-02   1.0000000E+00   3.5261771E+02
   1.0000000E-01   5.3000003E-02   2.2459999E-02   1.0000000E+00   3.5255081E+02
   1.0000000E-01   5.5000000E-02   2.2459999E-02   1.0000000E+00   3.5247195E+02
   1.0000000E-01   5.7000000E-02   2.2459999E-02   1.0000000E+00   3.5238022E+02
   1.0000000E-01   5.9000000E-02   2.2459999E-02   1.0000000E+00   3.5227484E+02
   1.0000000E-01   6.0999997E-02   2.2459999E-02   0.0000000E+00   2.9300000E+02
   1.0000000E-01   6.3000001E-02   2.2459999E-02   0.0000000E+00   2.9300000E+02
   1.0000000E-01   6.4999998E-02   2.2459999E-02   0.0000000E+00   2.9300000E+02
   1.0000000E-01   6.7000002E-02   2.2459999E-02   0.0000000E+00   2.9300000E+02
   1.0000000E-01   6.9000006E-02   2.2459999E-02   0.0000000E+00   2.9300000E+02
   1.0000000E-01   7.0999995E-02   2.2459999E-02   0.0000000E+00   2.9300000E+02
   1.0000000E-01   7.2999999E-02   2.2459999E-02   0.0000000E+00   2.9300000E+02
   1.0000000E-01   7.5000003E-02   2.2459999E-02   0.0000000E+00   2.9300000E+02
   1.0000000E-01   7.7000000E-02   2.2459999E-02   0.0000000E+00   2.9300000E+02
   1.0000000E-01   7.8999996E-02   2.2459999E-02   0.0000000E+00   2.9300000E+02
   1.0000000E-01   8.1000000E-02   2.2459999E-02   0.0000000E+00   2.9300000E+02
   1.0000000E-01   8.3000004E-02   2.2459999E-02   0.0000000E+00   2.9300000E+02
   1.0000000E-01   8.5000001E-02   2.2459999E-02   0.0000000E+00   2.9300000E+02
   1.0000000E-01   8.6999997E-02   2.2459999E-02   3.4489844E-02   3.5258557E+02
   1.0000000E-01   8.9000002E-02   2.2459999E-02   7.3551035E-01   3.5261911E+02
   1.0000000E-01   9.1000006E-02   2.2459999E-02   1.0000000E+00   3.5266565E+02
   1.0000000E-01   9.2999995E-02   2.2459999E-02   1.0000000E+00   3.5270062E+02
   1.0000000E-01   9.4999999E-02   2.2459999E-02   1.0000000E+00   3.5273087E+02
   1.0000000E-01   9.7000003E-02   2.2459999E-02   1.0000000E+00   3.5275693E+02
   1.0000000E-01   9.8999999E-02   2.2459999E-02   1.0000000E+00   3.5277927E+02
   1.0000000E-01   1.0100000E-01   2.2459999E-02   1.0000000E+00   3.5279828E+02
   1.0000000E-01   1.0300000E-01   2.2459999E-02   1.0000000E+00   3.5281442E+02
   1.0000000E-01   1.0500000E-01   2.2459999E-02   1.0000000E+00   3.5282803E+02
   1.0000000E-01   1.0700000E-01   2.2459999E-02   1.0000000E+00   3.5283951E+02
   1.0000000E-01   1.0900000E-01   2.2459999E-02   1.0000000E+00   3.5284909E+02
   1.0000000E-01   1.1100000E-01   2.2459999E-02   1.0000000E+00   3.5285706E+02
   1.0000000E-01   1.1300001E-01   2.2459999E-02   1.0000000E+00   3.5286356E+02
   1.0000000E-01   1.1499999E-01   2.2459999E-02   1.0000000E+00   3.5286884E+02
   1.0000000E-01   1.1700000E-01   2.2459999E-02   1.0000000E+00   3.5287299E+02
   1.0000000E-01   1.1900000E-01   2.2459999E-02   1.0000000E+00   3.5287622E+02
   1.0000000E-01   1.2100000E-01   2.2459999E-02   1.0000000E+00   3.5287863E+02
   1.0000000E-01   1.2633334E-01   2.2459999E-02   1.0000000E+00   3.5288330E+02
   1.0000000E-01   1.3733333E-01   2.2459999E-02   1.0000000E+00   3.5288397E+02
   1.0000000E-01   1.5200000E-01   2.2459999E-02   1.0000000E+00   3.5287787E+02
   1.0000000E-01   8.0000004E-03   2.4420001E-02   1.0000000E+00   3.5287048E+02
   1.0000000E-01   2.2666667E-02   2.4420001E-02   1.0000000E+00   3.5286795E+02
   1.0000000E-01   3.3666667E-02   2.4420001E-02   1.0000000E+00   3.5285071E+02
   1.0000000E-01   3.8999997E-02   2.4420001E-02   1.0000000E+00   3.5281628E+02
   1.0000000E-01   4.1000001E-02   2.4420001E-02   1.0000000E+00   3.5279892E+02
   1.0000000E-01   4.2999998E-02   2.4420001E-02   1.0000000E+00   3.5277612E+02
   1.0000000E-01   4.5000002E-02   2.4420001E-02   1.0000000E+00   3.5274689E+02
   1.0000000E-01   4.6999998E-02   2.4420001E-02   1.0000000E+00   3.5271002E+02
   1.0000000E-01   4.9000002E-02   2.4420001E-02   1.0000000E+00   3.5266443E+02
   1.0000000E-01   5.0999999E-02   2.4420001E-02   1.0000000E+00   3.5260883E+02
   1.0000000E-01   5.3000003E-02   2.4420001E-02   1.0000000E+00   3.5254218E+02
   1.0000000E-01   5.5000000E-02   2.4420001E-02   1.0000000E+00   3.5246335E+02
   1.0000000E-01   5.7000000E-02   2.4420001E-02   1.0000000E+00   3.5237155E+02
   1.0000000E-01   5.9000000E-02   2.4420001E-02   1.0000000E+00   3.5226608E+02
   1.0000000E-01   6.0999997E-02   2.4420001E-02   0.0000000E+00   2.9300000E+02
   1.0000000E-01   6.3000001E-02   2.4420001E-02   0.0000000E+00   2.9300000E+02
   1.0000000E-01   6.4999998E-02   2.4420001E-02   0.0000000E+00   2.9300000E+02
   1.0000000E-01   6.7000002E-02   2.4420001E-02   0.0000000E+00   2.9300000E+02
   1.0000000E-01   6.9000006E-02   2.4420001E-02   0.0000000E+00   2.9300000E+02
   1.0000000E-01   7.0999995E-02   2.4420001E-02   0.0000000E+00   2.9300000E+02
   1.0000000E-01   7.2999999E-02   2.4420001E-02   0.0000000E+00   2.9300000E+02
   1.0000000E-01   7.5000003E-02   2.4420001E-02   0.0000000E+00   2.9300000E+02
   1.0000000E-01   7.7000000E-02   2.4420001E-02   0.0000000E+00   2.9300000E+02
   1.0000000E-01   7.8999996E-02   2.4420001E-02   0.0000000E+00   2.9300000E+02
   1.0000000E-01   8.1000000E-02   2.4420001E-02   0.0000000E+00   2.9300000E+02
   1.0000000E-01   8.3000004E-02   2.4420001E-02   0.0000000E+00   2.9300000E+02
   1.0000000E-01   8.5000001E-02   2.4420001E-02   0.0000000E+00   2.9300000E+02
   1.0000000E-01   8.6999997E-02   2.4420001E-02   0.0000000E+00   2.9300000E+02
   1.0000000E-01   8.9000002E-02   2.4420001E-02   4.0000051E-02   3.5260135E+02
   1.0000000E-01   9.1000006E-02   2.4420001E-02   7.5000012E-01   3.5262811E+02
   1.0000000E-01   9.2999995E-02   2.4420001E-02   1.0000000E+00   3.5267017E+02
   1.0000000E-01   9.4999999E-02   2.4420001E-02   1.0000000E+00   3.5270154E+02
   1.0000000E-01   9.7000003E-02   2.4420001E-02   1.0000000E+00   3.5272879E+02
   1.0000000E-01   9.8999999E-02   2.4420001E-02   1.0000000E+00   3.5275229E+02
   1.0000000E-01   1.0100000E-01   2.4420001E-02   1.0000000E+00   3.5277246E+02
   1.0000000E-01   1.0300000E-01   2.4420001E-02   1.0000000E+00   3.5278967E+02
   1.0000000E-01   1.0500000E-01   2.4420001E-02   1.0000000E+00   3.5280438E+02
   1.0000000E-01   1.0700000E-01   2.4420001E-02   1.0000000E+00   3.5281686E+02
   1.0000000E-01   1.0900000E-01   2.4420001E-02   1.0000000E+00   3.5282742E+02
   1.0000000E-01   1.1100000E-01   2.4420001E-02   1.0000000E+00   3.5283630E+02
   1.0000000E-01   1.1300001E-01   2.4420001E-02   1.0000000E+00   3.5284366E+02
   1.0000000E-01   1.1499999E-01   2.4420001E-02   1.0000000E+00   3.5284964E+02
   1.0000000E-01   1.1700000E-01   2.4420001E-02   1.0000000E+00   3.5285443E+02
   1.0000000E-01   1.1900000E-01   2.4420001E-02   1.0000000E+00   3.5285815E+02
   1.0000000E-01   1.2100000E-01   2.4420001E-02   1.0000000E+00   3.5286096E+02
   1.0000000E-01   1.2633334E-01   2.4420001E-02   1.0000000E+00   3.5286646E+02
   1.0000000E-01   1.3733333E-01   2.4420001E-02   1.0000000E+00   3.5286755E+02
   1.0000000E-01   1.5200000E-01   2.4420001E-02   1.0000000E+00   3.5286157E+02
   1.0000000E-01   8.0000004E-03   2.6379999E-02   1.0000000E+00   3.5284439E+02
   1.0000000E-01   2.2666667E-02   2.6379999E-02   1.0000000E+00   3.5284201E+02
   1.0000000E-01   3.3666667E-02   2.6379999E-02   1.0000000E+00   3.5282587E+02
   1.0000000E-01   3.8999997E-02   2.6379999E-02   1.0000000E+00   3.5279276E+02
   1.0000000E-01   4.1000001E-02   2.6379999E-02   1.0000000E+00   3.5277591E+02
   1.0000000E-01   4.2999998E-02   2.6379999E-02   1.0000000E+00   3.5275366E+02
   1.0000000E-01   4.5000002E-02   2.6379999E-02   1.0000000E+00   3.5272495E+02
   1.0000000E-01   4.6999998E-02   2.6379999E-02   1.0000000E+00   3.5268863E+02
   1.0000000E-01   4.9000002E-02   2.6379999E-02   1.0000000E+00   3.5264346E+02
   1.0000000E-01   5.0999999E-02   2.6379999E-02   1.0000000E+00   3.5258832E+02
   1.0000000E-01   5.3000003E-02   2.6379999E-02   1.0000000E+00   3.5252200E+02
   1.0000000E-01   5.5000000E-02   2.6379999E-02   1.0000000E+00   3.5244345E+02
   1.0000000E-01   5.7000000E-02   2.6379999E-02   1.0000000E+00   3.5235181E+02
   1.0000000E-01   5.9000000E-02   2.6379999E-02   1.0000000E+00   3.5224643E+02
   1.0000000E-01   6.0999997E-02   2.6379999E-02   0.0000000E+00   2.9300000E+02
   1.0000000E-01   6.3000001E-02   2.6379999E-02   0.0000000E+00   2.9300000E+02
   1.0000000E-01   6.4999998E-02   2.6379999E-02   0.0000000E+00   2.9300000E+02
   1.0000000E-01   6.7000002E-02   2.6379999E-02   0.0000000E+00   2.9300000E+02
   1.0000000E-01   6.9000006E-02   2.6379999E-02   0.0000000E+00   2.9300000E+02
   1.0000000E-01   7.0999995E-02   2.6379999E-02   0.0000000E+00   2.9300000E+02
   1.0000000E-01   7.2999999E-02   2.6379999E-02   0.0000000E+00   2.9300000E+02
   1.0000000E-01   7.5000003E-02   2.6379999E-02   0.0000000E+00   2.9300000E+02
   1.0000000E-01   7.7000000E-02   2.6379999E-02   0.0000000E+00   2.9300000E+02
   1.0000000E-01   7.8999996E-02   2.6379999E-02   0.0000000E+00   2.9300000E+02
   1.0000000E-01   8.1000000E-02   2.6379999E-02   0.0000000E+00   2.9300000E+02
   1.0000000E-01   8.3000004E-02   2.6379999E-02   0.0000000E+00   2.9300000E+02
   1.0000000E-01   8.5000001E-02   2.6379999E-02   0.0000000E+00   2.9300000E+02
   1.0000000E-01   8.6999997E-02   2.6379999E-02   0.0000000E+00   2.9300000E+02
   1.0000000E-01   8.9000002E-02   2.6379999E-02   0.0000000E+00   2.9300000E+02
   1.0000000E-01   9.1000006E-02   2.6379999E-02   4.5918424E-02   3.5260260E+02
   1.0000000E-01   9.2999995E-02   2.6379999E-02   7.6408178E-01   3.5262418E+02
   1.0000000E-01   9.4999999E-02   2.6379999E-02   1.0000000E+00   3.5266278E+02
   1.0000000E-01   9.7000003E-02   2.6379999E-02   1.0000000E+00   3.5269122E+02
   1.0000000E-01   9.8999999E-02   2.6379999E-02   1.0000000E+00   3.5271582E+02
   1.0000000E-01   1.0100000E-01   2.6379999E-02   1.0000000E+00   3.5273700E+02
   1.0000000E-01   1.0300000E-01   2.6379999E-02   1.0000000E+00   3.5275519E+02
   1.0000000E-01   1.0500000E-01   2.6379999E-02   1.0000000E+00   3.5277078E+02
   1.0000000E-01   1.0700000E-01   2.6379999E-02   1.0000000E+00   3.5278424E+02
   1.0000000E-01   1.0900000E-01   2.6379999E-02   1.0000000E+00   3.5279578E+02
   1.0000000E-01   1.1100000E-01   2.6379999E-02   1.0000000E+00   3.5280560E+02
   1.0000000E-01   1.1300001E-01   2.6379999E-02   1.0000000E+00   3.5281381E+02
   1.0000000E-01   1.1499999E-01   2.6379999E-02   1.0000000E+00   3.5282056E+02
   1.0000000E-01   1.1700000E-01   2.6379999E-02   1.0000000E+00   3.5282599E+02
   1.0000000E-01   1.1900000E-01   2.6379999E-02   1.0000000E+00   3.5283023E+02
   1.0000000E-01   1.2100000E-01   2.6379999E-02   1.0000000E+00   3.5283347E+02
   1.0000000E-01   1.2633334E-01   2.6379999E-02   1.0000000E+00   3.5283978E+02
   1.0000000E-01   1.3733333E-01   2.6379999E-02   1.0000000E+00   3.5284131E+02
   1.0000000E-01   1.5200000E-01   2.6379999E-02   1.0000000E+00   3.5283499E+02
   1.0000000E-01   8.0000004E-03   2.8340001E-02   1.0000000E+00   3.5280798E+02
   1.0000000E-01   2.2666667E-02   2.8340001E-02   1.0000000E+00   3.5280576E+02
   1.0000000E-01   3.3666667E-02   2.8340001E-02   1.0000000E+00   3.5279034E+02
   1.0000000E-01   3.8999997E-02   2.8340001E-02   1.0000000E+00   3.5275815E+02
   1.0000000E-01   4.1000001E-02   2.8340001E-02   1.0000000E+00   3.5274167E+02
   1.0000000E-01   4.2999998E-02   2.8340001E-02   1.0000000E+00   3.5271982E+02
   1.0000000E-01   4.5000002E-02   2.8340001E-02   1.0000000E+00   3.5269153E+02
   1.0000000E-01   4.6999998E-02   2.8340001E-02   1.0000000E+00   3.5265564E+02
   1.0000000E-01   4.9000002E-02   2.8340001E-02   1.0000000E+00   3.5261096E+02
   1.0000000E-01   5.0999999E-02   2.8340001E-02   1.0000000E+00   3.5255624E+02
   1.0000000E-01   5.3000003E-02   2.8340001E-02   1.0000000E+00   3.5249036E+02
   1.0000000E-01   5.5000000E-02   2.8340001E-02   1.0000000E+00   3.5241220E+02
   1.0000000E-01   5.7000000E-02   2.8340001E-02   1.0000000E+00   3.5232083E+02
   1.0000000E-01   5.9000000E-02   2.8340001E-02   1.0000000E+00   3.5221564E+02
   1.0000000E-01   6.0999997E-02   2.8340001E-02   0.0000000E+00   2.9300000E+02
   1.0000000E-01   6.3000001E-02   2.8340001E-02   0.0000000E+00   2.9300000E+02
   1.0000000E-01   6.4999998E-02   2.8340001E-02   0.0000000E+00   2.9300000E+02
   1.0000000E-01   6.7000002E-02   2.8340001E-02   0.0000000E+00   2.9300000E+02
   1.0000000E-01   6.9000006E-02   2.8340001E-02   0.0000000E+00   2.9300000E+02
   1.0000000E-01   7.0999995E-02   2.8340001E-02   0.0000000E+00   2.9300000E+02
   1.0000000E-01   7.2999999E-02   2.8340001E-02   0.0000000E+00   2.9300000E+02
   1.0000000E-01   7.5000003E-02   2.8340001E-02   0.0000000E+00   2.9300000E+02
   1.0000000E-01   7.7000000E-02   2.8340001E-02   0.0000000E+00   2.9300000E+02
   1.0000000E-01   7.8999996E-02   2.8340001E-02   0.0000000E+00   2.9300000E+02
   1.0000000E-01   8.1000000E-02   2.8340001E-02   0.0000000E+00   2.9300000E+02
   1.0000000E-01   8.3000004E-02   2.8340001E-02   0.0000000E+00   2.9300000E+02
   1.0000000E-01   8.5000001E-02   2.8340001E-02   0.0000000E+00   2.9300000E+02
   1.0000000E-01   8.6999997E-02   2.8340001E-02   0.0000000E+00   2.9300000E+02
   1.0000000E-01   8.9000002E-02   2.8340001E-02   0.0000000E+00   2.9300000E+02
   1.0000000E-01   9.1000006E-02   2.8340001E-02   0.0000000E+00   2.9300000E+02
   1.0000000E-01   9.2999995E-02   2.8340001E-02   5.2244958E-02   3.5259198E+02
   1.0000000E-01   9.4999999E-02   2.8340001E-02   7.7775520E-01   3.5260904E+02
   1.0000000E-01   9.7000003E-02   2.8340001E-02   1.0000000E+00   3.5264444E+02
   1.0000000E-01   9.8999999E-02   2.8340001E-02   1.0000000E+00   3.5266995E+02
   1.0000000E-01   1.0100000E-01   2.8340001E-02   1.0000000E+00   3.5269183E+02
   1.0000000E-01   1.0300000E-01   2.8340001E-02   1.0000000E+00   3.5271063E+02
   1.0000000E-01   1.0500000E-01   2.8340001E-02   1.0000000E+00   3.5272690E+02
   1.0000000E-01   1.0700000E-01   2.8340001E-02   1.0000000E+00   3.5274118E+02
   1.0000000E-01   1.0900000E-01   2.8340001E-02   1.0000000E+00   3.5275369E+02
   1.0000000E-01   1.1100000E-01   2.8340001E-02   1.0000000E+00   3.5276447E+02
   1.0000000E-01   1.1300001E-01   2.8340001E-02   1.0000000E+00   3.5277359E+02
   1.0000000E-01   1.1499999E-01   2.8340001E-02   1.0000000E+00   3.5278116E+02
   1.0000000E-01   1.1700000E-01   2.8340001E-02   1.0000000E+00   3.5278723E+02
   1.0000000E-01   1.1900000E-01   2.8340001E-02   1.0000000E+00   3.5279202E+02
   1.0000000E-01   1.2100000E-01   2.8340001E-02   1.0000000E+00   3.5279568E+02
   1.0000000E-01   1.2633334E-01   2.8340001E-02   1.0000000E+00   3.5280283E+02
   1.0000000E-01   1.3733333E-01   2.8340001E-02   1.0000000E+00   3.5280466E+02
   1.0000000E-01   1.5200000E-01   2.8340001E-02   1.0000000E+00   3.5279764E+02
   1.0000000E-01   8.0000004E-03   3.0299999E-02   1.0000000E+00   3.5276065E+02
   1.0000000E-01   2.2666667E-02   3.0299999E-02   1.0000000E+00   3.5275851E+02
   1.0000000E-01   3.3666667E-02   3.0299999E-02   1.0000000E+00   3.5274362E+02
   1.0000000E-01   3.8999997E-02   3.0299999E-02   1.0000000E+00   3.5271210E+02
   1.0000000E-01   4.1000001E-02   3.0299999E-02   1.0000000E+00   3.5269589E+02
   1.0000000E-01   4.2999998E-02   3.0299999E-02   1.0000000E+00   3.5267435E+02
   1.0000000E-01   4.5000002E-02   3.0299999E-02   1.0000000E+00   3.5264642E+02
   1.0000000E-01   4.6999998E-02   3.0299999E-02   1.0000000E+00   3.5261093E+02
   1.0000000E-01   4.9000002E-02   3.0299999E-02   1.0000000E+00   3.5256671E+02
   1.0000000E-01   5.0999999E-02   3.0299999E-02   1.0000000E+00   3.5251251E+02
   1.0000000E-01   5.3000003E-02   3.0299999E-02   1.0000000E+00   3.5244714E+02
   1.0000000E-01   5.5000000E-02   3.0299999E-02   1.0000000E+00   3.5236948E+02
   1.0000000E-01   5.7000000E-02   3.0299999E-02   1.0000000E+00   3.5227856E+02
   1.0000000E-01   5.9000000E-02   3.0299999E-02   1.0000000E+00   3.5217365E+02
   1.0000000E-01   6.0999997E-02   3.0299999E-02   0.0000000E+00   2.9300000E+02
   1.0000000E-01   6.3000001E-02   3.0299999E-02   0.0000000E+00   2.9300000E+02
   1.0000000E-01   6.4999998E-02   3.0299999E-02   0.0000000E+00   2.9300000E+02
   1.0000000E-01   6.7000002E-02   3.0299999E-02   0.0000000E+00   2.9300000E+02
   1.0000000E-01   6.9000006E-02   3.0299999E-02   0.0000000E+00   2.9300000E+02
   1.0000000E-01   7.0999995E-02   3.0299999E-02   0.0000000E+00   2.9300000E+02
   1.0000000E-01   7.2999999E-02   3.0299999E-02   0.0000000E+00   2.9300000E+02
   1.0000000E-01   7.5000003E-02   3.0299999E-02   0.0000000E+00   2.9300000E+02
   1.0000000E-01   7.7000000E-02   3.0299999E-02   0.0000000E+00   2.9300000E+02
   1.0000000E-01   7.8999996E-02   3.0299999E-02   0.0000000E+00   2.9300000E+02
   1.0000000E-01   8.1000000E-02   3.0299999E-02   0.0000000E+00   2.9300000E+02
   1.0000000E-01   8.3000004E-02   3.0299999E-02   0.0000000E+00   2.9300000E+02
   1.0000000E-01   8.5000001E-02   3.0299999E-02   0.0000000E+00   2.9300000E+02
   1.0000000E-01   8.6999997E-02   3.0299999E-02   0.0000000E+00   2.9300000E+02
   1.0000000E-01   8.9000002E-02   3.0299999E-02   0.0000000E+00   2.9300000E+02
   1.0000000E-01   9.1000006E-02   3.0299999E-02   0.0000000E+00   2.9300000E+02
   1.0000000E-01   9.2999995E-02   3.0299999E-02   0.0000000E+00   2.9300000E+02
   1.0000000E-01   9.4999999E-02   3.0299999E-02   5.8979653E-02   3.5257043E+02
   1.0000000E-01   9.7000003E-02   3.0299999E-02   7.9102051E-01   3.5258292E+02
   1.0000000E-01   9.8999999E-02   3.0299999E-02   1.0000000E+00   3.5261472E+02
   1.0000000E-01   1.0100000E-01   3.0299999E-02   1.0000000E+00   3.5263681E+02
   1.0000000E-01   1.0300000E-01   3.0299999E-02   1.0000000E+00   3.5265564E+02
   1.0000000E-01   1.0500000E-01   3.0299999E-02   1.0000000E+00   3.5267209E+02
   1.0000000E-01   1.0700000E-01   3.0299999E-02   1.0000000E+00   3.5268704E+02
   1.0000000E-01   1.0900000E-01   3.0299999E-02   1.0000000E+00   3.5270050E+02
   1.0000000E-01   1.1100000E-01   3.0299999E-02   1.0000000E+00   3.5271234E+02
   1.0000000E-01   1.1300001E-01   3.0299999E-02   1.0000000E+00   3.5272244E+02
   1.0000000E-01   1.1499999E-01   3.0299999E-02   1.0000000E+00   3.5273083E+02
   1.0000000E-01   1.1700000E-01   3.0299999E-02   1.0000000E+00   3.5273761E+02
   1.0000000E-01   1.1900000E-01   3.0299999E-02   1.0000000E+00   3.5274295E+02
   1.0000000E-01   1.2100000E-01   3.0299999E-02   1.0000000E+00   3.5274701E+02
   1.0000000E-01   1.2633334E-01   3.0299999E-02   1.0000000E+00   3.5275497E+02
   1.0000000E-01   1.3733333E-01   3.0299999E-02   1.0000000E+00   3.5275705E+02
   1.0000000E-01   1.5200000E-01   3.0299999E-02   1.0000000E+00   3.5274893E+02
   1.0000000E-01   8.0000004E-03   3.2260001E-02   1.0000000E+00   3.5270169E+02
   1.0000000E-01   2.2666667E-02   3.2260001E-02   1.0000000E+00   3.5269962E+02
   1.0000000E-01   3.3666667E-02   3.2260001E-02   1.0000000E+00   3.5268509E+02
   1.0000000E-01   3.8999997E-02   3.2260001E-02   1.0000000E+00   3.5265402E+02
   1.0000000E-01   4.1000001E-02   3.2260001E-02   1.0000000E+00   3.5263806E+02
   1.0000000E-01   4.2999998E-02   3.2260001E-02   1.0000000E+00   3.5261679E+02
   1.0000000E-01   4.5000002E-02   3.2260001E-02   1.0000000E+00   3.5258917E+02
   1.0000000E-01   4.6999998E-02   3.2260001E-02   1.0000000E+00   3.5255408E+02
   1.0000000E-01   4.9000002E-02   3.2260001E-02   1.0000000E+00   3.5251035E+02
   1.0000000E-01   5.0999999E-02   3.2260001E-02   1.0000000E+00   3.5245673E+02
   1.0000000E-01   5.3000003E-02   3.2260001E-02   1.0000000E+00   3.5239203E+02
   1.0000000E-01   5.5000000E-02   3.2260001E-02   1.0000000E+00   3.5231509E+02
   1.0000000E-01   5.7000000E-02   3.2260001E-02   1.0000000E+00   3.5222482E+02
   1.0000000E-01   5.9000000E-02   3.2260001E-02   1.0000000E+00   3.5212030E+02
   1.0000000E-01   6.0999997E-02   3.2260001E-02   0.0000000E+00   2.9300000E+02
   1.0000000E-01   6.3000001E-02   3.2260001E-02   0.0000000E+00   2.9300000E+02
   1.0000000E-01   6.4999998E-02   3.2260001E-02   0.0000000E+00   2.9300000E+02
   1.0000000E-01   6.7000002E-02   3.2260001E-02   0.0000000E+00   2.9300000E+02
   1.0000000E-01   6.9000006E-02   3.2260001E-02   0.0000000E+00   2.9300000E+02
   1.0000000E-01   7.0999995E-02   3.2260001E-02   0.0000000E+00   2.9300000E+02
   1.0000000E-01   7.2999999E-02   3.2260001E-02   0.0000000E+00   2.9300000E+02
   1.0000000E-01   7.5000003E-02   3.2260001E-02   0.0000000E+00   2.9300000E+02
   1.0000000E-01   7.7000000E-02   3.2260001E-02   0.0000000E+00   2.9300000E+02
   1.0000000E-01   7.8999996E-02   3.2260001E-02   0.0000000E+00   2.9300000E+02
   1.0000000E-01   8.1000000E-02   3.2260001E-02   0.0000000E+00   2.9300000E+02
   1.0000000E-01   8.3000004E-02   3.2260001E-02   0.0000000E+00   2.9300000E+02
   1.0000000E-01   8.5000001E-02   3.2260001E-02   0.0000000E+00   2.9300000E+02
   1.0000000E-01   8.6999997E-02   3.2260001E-02   0.0000000E+00   2.9300000E+02
   1.0000000E-01   8.9000002E-02   3.2260001E-02   0.0000000E+00   2.9300000E+02
   1.0000000E-01   9.1000006E-02   3.2260001E-02   0.0000000E+00   2.9300000E+02
   1.0000000E-01   9.2999995E-02   3.2260001E-02   0.0000000E+00   2.9300000E+02
   1.0000000E-01   9.4999999E-02   3.2260001E-02   0.0000000E+00   2.9300000E+02
   1.0000000E-01   9.7000003E-02   3.2260001E-02   6.6122517E-02   3.5253738E+02
   1.0000000E-01   9.8999999E-02   3.2260001E-02   8.0387765E-01   3.5254459E+02
   1.0000000E-01   1.0100000E-01   3.2260001E-02   1.0000000E+00   3.5257175E+02
   1.0000000E-01   1.0300000E-01   3.2260001E-02   1.0000000E+00   3.5258960E+02
   1.0000000E-01   1.0500000E-01   3.2260001E-02   1.0000000E+00   3.5260541E+02
   1.0000000E-01   1.0700000E-01   3.2260001E-02   1.0000000E+00   3.5262091E+02
   1.0000000E-01   1.0900000E-01   3.2260001E-02   1.0000000E+00   3.5263556E+02
   1.0000000E-01   1.1100000E-01   3.2260001E-02   1.0000000E+00   3.5264862E+02
   1.0000000E-01   1.1300001E-01   3.2260001E-02   1.0000000E+00   3.5265979E+02
   1.0000000E-01   1.1499999E-01   3.2260001E-02   1.0000000E+00   3.5266907E+02
   1.0000000E-01   1.1700000E-01   3.2260001E-02   1.0000000E+00   3.5267651E+02
   1.0000000E-01   1.1900000E-01   3.2260001E-02   1.0000000E+00   3.5268234E+02
   1.0000000E-01   1.2100000E-01   3.2260001E-02   1.0000000E+00   3.5268680E+02
   1.0000000E-01   1.2633334E-01   3.2260001E-02   1.0000000E+00   3.5269553E+02
   1.0000000E-01   1.3733333E-01   3.2260001E-02   1.0000000E+00   3.5269781E+02
   1.0000000E-01   1.5200000E-01   3.2260001E-02   1.0000000E+00   3.5268820E+02
   1.0000000E-01   8.0000004E-03   3.4220003E-02   1.0000000E+00   3.5263046E+02
   1.0000000E-01   2.2666667E-02   3.4220003E-02   1.0000000E+00   3.5262842E+02
   1.0000000E-01   3.3666667E-02   3.4220003E-02   1.0000000E+00   3.5261414E+02
   1.0000000E-01   3.8999997E-02   3.4220003E-02   1.0000000E+00   3.5258344E+02
   1.0000000E-01   4.1000001E-02   3.4220003E-02   1.0000000E+00   3.5256763E+02
   1.0000000E-01   4.2999998E-02   3.4220003E-02   1.0000000E+00   3.5254657E+02
   1.0000000E-01   4.5000002E-02   3.4220003E-02   1.0000000E+00   3.5251926E+02
   1.0000000E-01   4.6999998E-02   3.4220003E-02   1.0000000E+00   3.5248456E+02
   1.0000000E-01   4.9000002E-02   3.4220003E-02   1.0000000E+00   3.5244131E+02
   1.0000000E-01   5.0999999E-02   3.4220003E-02   1.0000000E+00   3.5238843E+02
   1.0000000E-01   5.3000003E-02   3.4220003E-02   1.0000000E+00   3.5232465E+02
   1.0000000E-01   5.5000000E-02   3.4220003E-02   1.0000000E+00   3.5224878E+02
   1.0000000E-01   5.7000000E-02   3.4220003E-02   1.0000000E+00   3.5215952E+02
   1.0000000E-01   5.9000000E-02   3.4220003E-02   1.0000000E+00   3.5205554E+02
   1.0000000E-01   6.0999997E-02   3.4220003E-02   0.0000000E+00   2.9300000E+02
   1.0000000E-01   6.3000001E-02   3.4220003E-02   0.0000000E+00   2.9300000E+02
   1.0000000E-01   6.4999998E-02   3.4220003E-02   0.0000000E+00   2.9300000E+02
   1.0000000E-01   6.7000002E-02   3.4220003E-02   0.0000000E+00   2.9300000E+02
   1.0000000E-01   6.9000006E-02   3.4220003E-02   0.0000000E+00   2.9300000E+02
   1.0000000E-01   7.0999995E-02   3.4220003E-02   0.0000000E+00   2.9300000E+02
   1.0000000E-01   7.2999999E-02   3.4220003E-02   0.0000000E+00   2.9300000E+02
   1.0000000E-01   7.5000003E-02   3.4220003E-02   0.0000000E+00   2.9300000E+02
   1.0000000E-01   7.7000000E-02   3.4220003E-02   0.0000000E+00   2.9300000E+02
   1.0000000E-01   7.8999996E-02   3.4220003E-02   0.0000000E+00   2.9300000E+02
   1.0000000E-01   8.1000000E-02   3.4220003E-02   0.0000000E+00   2.9300000E+02
   1.0000000E-01   8.3000004E-02   3.4220003E-02   0.0000000E+00   2.9300000E+02
   1.0000000E-01   8.5000001E-02   3.4220003E-02   0.0000000E+00   2.9300000E+02
   1.0000000E-01   8.6999997E-02   3.4220003E-02   0.0000000E+00   2.9300000E+02
   1.0000000E-01   8.9000002E-02   3.4220003E-02   0.0000000E+00   2.9300000E+02
   1.0000000E-01   9.1000006E-02   3.4220003E-02   0.0000000E+00   2.9300000E+02
   1.0000000E-01   9.2999995E-02   3.4220003E-02   0.0000000E+00   2.9300000E+02
   1.0000000E-01   9.4999999E-02   3.4220003E-02   0.0000000E+00   2.9300000E+02
   1.0000000E-01   9.7000003E-02   3.4220003E-02   0.0000000E+00   2.9300000E+02
   1.0000000E-01   9.8999999E-02   3.4220003E-02   7.3673539E-02   3.5249078E+02
   1.0000000E-01   1.0100000E-01   3.4220003E-02   8.1632662E-01   3.5249109E+02
   1.0000000E-01   1.0300000E-01   3.4220003E-02   1.0000000E+00   3.5251178E+02
   1.0000000E-01   1.0500000E-01   3.4220003E-02   1.0000000E+00   3.5252509E+02
   1.0000000E-01   1.0700000E-01   3.4220003E-02   1.0000000E+00   3.5254166E+02
   1.0000000E-01   1.0900000E-01   3.4220003E-02   1.0000000E+00   3.5255814E+02
   1.0000000E-01   1.1100000E-01   3.4220003E-02   1.0000000E+00   3.5257278E+02
   1.0000000E-01   1.1300001E-01   3.4220003E-02   1.0000000E+00   3.5258517E+02
   1.0000000E-01   1.1499999E-01   3.4220003E-02   1.0000000E+00   3.5259528E+02
   1.0000000E-01   1.1700000E-01   3.4220003E-02   1.0000000E+00   3.5260339E+02
   1.0000000E-01   1.1900000E-01   3.4220003E-02   1.0000000E+00   3.5260971E+02
   1.0000000E-01   1.2100000E-01   3.4220003E-02   1.0000000E+00   3.5261450E+02
   1.0000000E-01   1.2633334E-01   3.4220003E-02   1.0000000E+00   3.5262384E+02
   1.0000000E-01   1.3733333E-01   3.4220003E-02   1.0000000E+00   3.5262625E+02
   1.0000000E-01   1.5200000E-01   3.4220003E-02   1.0000000E+00   3.5261475E+02
   1.0000000E-01   8.0000004E-03   3.6180001E-02   1.0000000E+00   3.5254630E+02
   1.0000000E-01   2.2666667E-02   3.6180001E-02   1.0000000E+00   3.5254428E+02
   1.0000000E-01   3.3666667E-02   3.6180001E-02   1.0000000E+00   3.5253015E+02
   1.0000000E-01   3.8999997E-02   3.6180001E-02   1.0000000E+00   3.5249973E+02
   1.0000000E-01   4.1000001E-02   3.6180001E-02   1.0000000E+00   3.5248404E+02
   1.0000000E-01   4.2999998E-02   3.6180001E-02   1.0000000E+00   3.5246320E+02
   1.0000000E-01   4.5000002E-02   3.6180001E-02   1.0000000E+00   3.5243613E+02
   1.0000000E-01   4.6999998E-02   3.6180001E-02   1.0000000E+00   3.5240179E+02
   1.0000000E-01   4.9000002E-02   3.6180001E-02   1.0000000E+00   3.5235910E+02
   1.0000000E-01   5.0999999E-02   3.6180001E-02   1.0000000E+00   3.5230701E+02
   1.0000000E-01   5.3000003E-02   3.6180001E-02   1.0000000E+00   3.5224445E+02
   1.0000000E-01   5.5000000E-02   3.6180001E-02   1.0000000E+00   3.5217023E+02
   1.0000000E-01   5.7000000E-02   3.6180001E-02   1.0000000E+00   3.5208273E+02
   1.0000000E-01   5.9000000E-02   3.6180001E-02   1.0000000E+00   3.5197937E+02
   1.0000000E-01   6.0999997E-02   3.6180001E-02   0.0000000E+00   2.9300000E+02
   1.0000000E-01   6.3000001E-02   3.6180001E-02   0.0000000E+00   2.9300000E+02
   1.0000000E-01   6.4999998E-02   3.6180001E-02   0.0000000E+00   2.9300000E+02
   1.0000000E-01   6.7000002E-02   3.6180001E-02   0.0000000E+00   2.9300000E+02
   1.0000000E-01   6.9000006E-02   3.6180001E-02   0.0000000E+00   2.9300000E+02
   1.0000000E-01   7.0999995E-02   3.6180001E-02   0.0000000E+00   2.9300000E+02
   1.0000000E-01   7.2999999E-02   3.6180001E-02   0.0000000E+00   2.9300000E+02
   1.0000000E-01   7.5000003E-02   3.6180001E-02   0.0000000E+00   2.9300000E+02
   1.0000000E-01   7.7000000E-02   3.6180001E-02   0.0000000E+00   2.9300000E+02
   1.0000000E-01   7.8999996E-02   3.6180001E-02   0.0000000E+00   2.9300000E+02
   1.0000000E-01   8.1000000E-02   3.6180001E-02   0.0000000E+00   2.9300000E+02
   1.0000000E-01   8.3000004E-02   3.6180001E-02   0.0000000E+00   2.9300000E+02
   1.0000000E-01   8.5000001E-02   3.6180001E-02   0.0000000E+00   2.9300000E+02
   1.0000000E-01   8.6999997E-02   3.6180001E-02   0.0000000E+00   2.9300000E+02
   1.0000000E-01   8.9000002E-02   3.6180001E-02   0.0000000E+00   2.9300000E+02
   1.0000000E-01   9.1000006E-02   3.6180001E-02   0.0000000E+00   2.9300000E+02
   1.0000000E-01   9.2999995E-02   3.6180001E-02   0.0000000E+00   2.9300000E+02
   1.0000000E-01   9.4999999E-02   3.6180001E-02   0.0000000E+00   2.9300000E+02
   1.0000000E-01   9.7000003E-02   3.6180001E-02   0.0000000E+00   2.9300000E+02
   1.0000000E-01   9.8999999E-02   3.6180001E-02   0.0000000E+00   2.9300000E+02
   1.0000000E-01   1.0100000E-01   3.6180001E-02   8.1632726E-02   3.5242587E+02
   1.0000000E-01   1.0300000E-01   3.6180001E-02   8.2836747E-01   3.5241592E+02
   1.0000000E-01   1.0500000E-01   3.6180001E-02   1.0000000E+00   3.5242719E+02
   1.0000000E-01   1.0700000E-01   3.6180001E-02   1.0000000E+00   3.5244803E+02
   1.0000000E-01   1.0900000E-01   3.6180001E-02   1.0000000E+00   3.5246796E+02
   1.0000000E-01   1.1100000E-01   3.6180001E-02   1.0000000E+00   3.5248465E+02
   1.0000000E-01   1.1300001E-01   3.6180001E-02   1.0000000E+00   3.5249823E+02
   1.0000000E-01   1.1499999E-01   3.6180001E-02   1.0000000E+00   3.5250912E+02
   1.0000000E-01   1.1700000E-01   3.6180001E-02   1.0000000E+00   3.5251776E+02
   1.0000000E-01   1.1900000E-01   3.6180001E-02   1.0000000E+00   3.5252448E+02
   1.0000000E-01   1.2100000E-01   3.6180001E-02   1.0000000E+00   3.5252954E+02
   1.0000000E-01   1.2633334E-01   3.6180001E-02   1.0000000E+00   3.5253937E+02
   1.0000000E-01   1.3733333E-01   3.6180001E-02   1.0000000E+00   3.5254187E+02
   1.0000000E-01   1.5200000E-01   3.6180001E-02   1.0000000E+00   3.5252808E+02
   1.0000000E-01   8.0000004E-03   3.8139999E-02   1.0000000E+00   3.5244876E+02
   1.0000000E-01   2.2666667E-02   3.8139999E-02   1.0000000E+00   3.5244675E+02
   1.0000000E-01   3.3666667E-02   3.8139999E-02   1.0000000E+00   3.5243274E+02
   1.0000000E-01   3.8999997E-02   3.8139999E-02   1.0000000E+00   3.5240247E+02
   1.0000000E-01   4.1000001E-02   3.8139999E-02   1.0000000E+00   3.5238690E+02
   1.0000000E-01   4.2999998E-02   3.8139999E-02   1.0000000E+00   3.5236618E+02
   1.0000000E-01   4.5000002E-02   3.8139999E-02   1.0000000E+00   3.5233932E+02
   1.0000000E-01   4.6999998E-02   3.8139999E-02   1.0000000E+00   3.5230530E+02
   1.0000000E-01   4.9000002E-02   3.8139999E-02   1.0000000E+00   3.5226309E+02
   1.0000000E-01   5.0999999E-02   3.8139999E-02   1.0000000E+00   3.5221179E+02
   1.0000000E-01   5.3000003E-02   3.8139999E-02   1.0000000E+00   3.5215067E+02
   1.0000000E-01   5.5000000E-02   3.8139999E-02   1.0000000E+00   3.5207901E+02
   1.0000000E-01   5.7000000E-02   3.8139999E-02   1.0000000E+00   3.5199527E+02
   1.0000000E-01   5.9000000E-02   3.8139999E-02   1.0000000E+00   3.5189197E+02
   1.0000000E-01   6.0999997E-02   3.8139999E-02   0.0000000E+00   2.9300000E+02
   1.0000000E-01   6.3000001E-02   3.8139999E-02   0.0000000E+00   2.9300000E+02
   1.0000000E-01   6.4999998E-02   3.8139999E-02   0.0000000E+00   2.9300000E+02
   1.0000000E-01   6.7000002E-02   3.8139999E-02   0.0000000E+00   2.9300000E+02
   1.0000000E-01   6.9000006E-02   3.8139999E-02   0.0000000E+00   2.9300000E+02
   1.0000000E-01   7.0999995E-02   3.8139999E-02   0.0000000E+00   2.9300000E+02
   1.0000000E-01   7.2999999E-02   3.8139999E-02   0.0000000E+00   2.9300000E+02
   1.0000000E-01   7.5000003E-02   3.8139999E-02   0.0000000E+00   2.9300000E+02
   1.0000000E-01   7.7000000E-02   3.8139999E-02   0.0000000E+00   2.9300000E+02
   1.0000000E-01   7.8999996E-02   3.8139999E-02   0.0000000E+00   2.9300000E+02
   1.0000000E-01   8.1000000E-02   3.8139999E-02   0.0000000E+00   2.9300000E+02
   1.0000000E-01   8.3000004E-02   3.8139999E-02   0.0000000E+00   2.9300000E+02
   1.0000000E-01   8.5000001E-02   3.8139999E-02   0.0000000E+00   2.9300000E+02
   1.0000000E-01   8.6999997E-02   3.8139999E-02   0.0000000E+00   2.9300000E+02
   1.0000000E-01   8.9000002E-02   3.8139999E-02   0.0000000E+00   2.9300000E+02
   1.0000000E-01   9.1000006E-02   3.8139999E-02   0.0000000E+00   2.9300000E+02
   1.0000000E-01   9.2999995E-02   3.8139999E-02   0.0000000E+00   2.9300000E+02
   1.0000000E-01   9.4999999E-02   3.8139999E-02   0.0000000E+00   2.9300000E+02
   1.0000000E-01   9.7000003E-02   3.8139999E-02   0.0000000E+00   2.9300000E+02
   1.0000000E-01   9.8999999E-02   3.8139999E-02   0.0000000E+00   2.9300000E+02
   1.0000000E-01   1.0100000E-01   3.8139999E-02   0.0000000E+00   2.9300000E+02
   1.0000000E-01   1.0300000E-01   3.8139999E-02   9.0000078E-02   3.5232632E+02
   1.0000000E-01   1.0500000E-01   3.8139999E-02   8.4000009E-01   3.5229263E+02
   1.0000000E-01   1.0700000E-01   3.8139999E-02   1.0000000E+00   3.5234027E+02
   1.0000000E-01   1.0900000E-01   3.8139999E-02   1.0000000E+00   3.5236594E+02
   1.0000000E-01   1.1100000E-01   3.8139999E-02   1.0000000E+00   3.5238449E+02
   1.0000000E-01   1.1300001E-01   3.8139999E-02   1.0000000E+00   3.5239893E+02
   1.0000000E-01   1.1499999E-01   3.8139999E-02   1.0000000E+00   3.5241037E+02
   1.0000000E-01   1.1700000E-01   3.8139999E-02   1.0000000E+00   3.5241934E+02
   1.0000000E-01   1.1900000E-01   3.8139999E-02   1.0000000E+00   3.5242627E+02
   1.0000000E-01   1.2100000E-01   3.8139999E-02   1.0000000E+00   3.5243149E+02
   1.0000000E-01   1.2633334E-01   3.8139999E-02   1.0000000E+00   3.5244165E+02
   1.0000000E-01   1.3733333E-01   3.8139999E-02   1.0000000E+00   3.5244418E+02
   1.0000000E-01   1.5200000E-01   3.8139999E-02   1.0000000E+00   3.5242767E+02
   1.0000000E-01   8.0000004E-03   4.0100001E-02   4.4897914E-01   3.5237378E+02
   1.0000000E-01   2.2666667E-02   4.0100001E-02   4.4897914E-01   3.5237177E+02
   1.0000000E-01   3.3666667E-02   4.0100001E-02   4.4897914E-01   3.5235782E+02
   1.0000000E-01   3.8999997E-02   4.0100001E-02   4.4897914E-01   3.5232767E+02
   1.0000000E-01   4.1000001E-02   4.0100001E-02   4.4897914E-01   3.5231213E+02
   1.0000000E-01   4.2999998E-02   4.0100001E-02   4.4897914E-01   3.5229150E+02
   1.0000000E-01   4.5000002E-02   4.0100001E-02   4.4897914E-01   3.5226477E+02
   1.0000000E-01   4.6999998E-02   4.0100001E-02   4.4897914E-01   3.5223096E+02
   1.0000000E-01   4.9000002E-02   4.0100001E-02   4.4897914E-01   3.5218912E+02
   1.0000000E-01   5.0999999E-02   4.0100001E-02   4.4897914E-01   3.5213858E+02
   1.0000000E-01   5.3000003E-02   4.0100001E-02   4.4897914E-01   3.5207935E+02
   1.0000000E-01   5.5000000E-02   4.0100001E-02   4.4897914E-01   3.5201297E+02
   1.0000000E-01   5.7000000E-02   4.0100001E-02   4.4897914E-01   3.5194632E+02
   1.0000000E-01   5.9000000E-02   4.0100001E-02   2.2448942E-01   3.5188263E+02
   1.0000000E-01   6.0999997E-02   4.0100001E-02   0.0000000E+00   2.9300000E+02
   1.0000000E-01   6.3000001E-02   4.0100001E-02   0.0000000E+00   2.9300000E+02
   1.0000000E-01   6.4999998E-02   4.0100001E-02   0.0000000E+00   2.9300000E+02
   1.0000000E-01   6.7000002E-02   4.0100001E-02   0.0000000E+00   2.9300000E+02
   1.0000000E-01   6.9000006E-02   4.0100001E-02   0.0000000E+00   2.9300000E+02
   1.0000000E-01   7.0999995E-02   4.0100001E-02   0.0000000E+00   2.9300000E+02
   1.0000000E-01   7.2999999E-02   4.0100001E-02   0.0000000E+00   2.9300000E+02
   1.0000000E-01   7.5000003E-02   4.0100001E-02   0.0000000E+00   2.9300000E+02
   1.0000000E-01   7.7000000E-02   4.0100001E-02   0.0000000E+00   2.9300000E+02
   1.0000000E-01   7.8999996E-02   4.0100001E-02   0.0000000E+00   2.9300000E+02
   1.0000000E-01   8.1000000E-02   4.0100001E-02   0.0000000E+00   2.9300000E+02
   1.0000000E-01   8.3000004E-02   4.0100001E-02   0.0000000E+00   2.9300000E+02
   1.0000000E-01   8.5000001E-02   4.0100001E-02   0.0000000E+00   2.9300000E+02
   1.0000000E-01   8.6999997E-02   4.0100001E-02   0.0000000E+00   2.9300000E+02
   1.0000000E-01   8.9000002E-02   4.0100001E-02   0.0000000E+00   2.9300000E+02
   1.0000000E-01   9.1000006E-02   4.0100001E-02   0.0000000E+00   2.9300000E+02
   1.0000000E-01   9.2999995E-02   4.0100001E-02   0.0000000E+00   2.9300000E+02
   1.0000000E-01   9.4999999E-02   4.0100001E-02   0.0000000E+00   2.9300000E+02
   1.0000000E-01   9.7000003E-02   4.0100001E-02   0.0000000E+00   2.9300000E+02
   1.0000000E-01   9.8999999E-02   4.0100001E-02   0.0000000E+00   2.9300000E+02
   1.0000000E-01   1.0100000E-01   4.0100001E-02   0.0000000E+00   2.9300000E+02
   1.0000000E-01   1.0300000E-01   4.0100001E-02   0.0000000E+00   2.9300000E+02
   1.0000000E-01   1.0500000E-01   4.0100001E-02   9.8775446E-02   3.5226120E+02
   1.0000000E-01   1.0700000E-01   4.0100001E-02   4.4897914E-01   3.5227460E+02
   1.0000000E-01   1.0900000E-01   4.0100001E-02   4.4897914E-01   3.5229196E+02
   1.0000000E-01   1.1100000E-01   4.0100001E-02   4.4897914E-01   3.5230890E+02
   1.0000000E-01   1.1300001E-01   4.0100001E-02   4.4897914E-01   3.5232321E+02
   1.0000000E-01   1.1499999E-01   4.0100001E-02   4.4897914E-01   3.5233478E+02
   1.0000000E-01   1.1700000E-01   4.0100001E-02   4.4897914E-01   3.5234390E+02
   1.0000000E-01   1.1900000E-01   4.0100001E-02   4.4897914E-01   3.5235095E+02
   1.0000000E-01   1.2100000E-01   4.0100001E-02   4.4897914E-01   3.5235626E+02
   1.0000000E-01   1.2633334E-01   4.0100001E-02   4.4897914E-01   3.5236655E+02
   1.0000000E-01   1.3733333E-01   4.0100001E-02   4.4897914E-01   3.5236926E+02
   1.0000000E-01   1.5200000E-01   4.0100001E-02   2.2448952E-01   3.5236432E+02
   1.0000000E-01   8.0000004E-03   4.2060003E-02   0.0000000E+00   2.9300000E+02
   1.0000000E-01   2.2666667E-02   4.2060003E-02   0.0000000E+00   2.9300000E+02
   1.0000000E-01   3.3666667E-02   4.2060003E-02   0.0000000E+00   2.9300000E+02
   1.0000000E-01   3.8999997E-02   4.2060003E-02   0.0000000E+00   2.9300000E+02
   1.0000000E-01   4.1000001E-02   4.2060003E-02   0.0000000E+00   2.9300000E+02
   1.0000000E-01   4.2999998E-02   4.2060003E-02   0.0000000E+00   2.9300000E+02
   1.0000000E-01   4.5000002E-02   4.2060003E-02   0.0000000E+00   2.9300000E+02
   1.0000000E-01   4.6999998E-02   4.2060003E-02   0.0000000E+00   2.9300000E+02
   1.0000000E-01   4.9000002E-02   4.2060003E-02   0.0000000E+00   2.9300000E+02
   1.0000000E-01   5.0999999E-02   4.2060003E-02   0.0000000E+00   2.9300000E+02
   1.0000000E-01   5.3000003E-02   4.2060003E-02   0.0000000E+00   2.9300000E+02
   1.0000000E-01   5.5000000E-02   4.2060003E-02   0.0000000E+00   2.9300000E+02
   1.0000000E-01   5.7000000E-02   4.2060003E-02   0.0000000E+00   2.9300000E+02
   1.0000000E-01   5.9000000E-02   4.2060003E-02   0.0000000E+00   2.9300000E+02
   1.0000000E-01   6.0999997E-02   4.2060003E-02   0.0000000E+00   2.9300000E+02
   1.0000000E-01   6.3000001E-02   4.2060003E-02   0.0000000E+00   2.9300000E+02
   1.0000000E-01   6.4999998E-02   4.2060003E-02   0.0000000E+00   2.9300000E+02
   1.0000000E-01   6.7000002E-02   4.2060003E-02   0.0000000E+00   2.9300000E+02
   1.0000000E-01   6.9000006E-02   4.2060003E-02   0.0000000E+00   2.9300000E+02
   1.0000000E-01   7.0999995E-02   4.2060003E-02   0.0000000E+00   2.9300000E+02
   1.0000000E-01   7.2999999E-02   4.2060003E-02   0.0000000E+00   2.9300000E+02
   1.0000000E-01   7.5000003E-02   4.2060003E-02   0.0000000E+00   2.9300000E+02
   1.0000000E-01   7.7000000E-02   4.2060003E-02   0.0000000E+00   2.9300000E+02
   1.0000000E-01   7.8999996E-02   4.2060003E-02   0.0000000E+00   2.9300000E+02
   1.0000000E-01   8.1000000E-02   4.2060003E-02   0.0000000E+00   2.9300000E+02
   1.0000000E-01   8.3000004E-02   4.2060003E-02   0.0000000E+00   2.9300000E+02
   1.0000000E-01   8.5000001E-02   4.2060003E-02   0.0000000E+00   2.9300000E+02
   1.0000000E-01   8.6999997E-02   4.2060003E-02   0.0000000E+00   2.9300000E+02
   1.0000000E-01   8.9000002E-02   4.2060003E-02   0.0000000E+00   2.9300000E+02
   1.0000000E-01   9.1000006E-02   4.2060003E-02   0.0000000E+00   2.9300000E+02
   1.0000000E-01   9.2999995E-02   4.2060003E-02   0.0000000E+00   2.9300000E+02
   1.0000000E-01   9.4999999E-02   4.2060003E-02   0.0000000E+00   2.9300000E+02
   1.0000000E-01   9.7000003E-02   4.2060003E-02   0.0000000E+00   2.9300000E+02
   1.0000000E-01   9.8999999E-02   4.2060003E-02   0.0000000E+00   2.9300000E+02
   1.0000000E-01   1.0100000E-01   4.2060003E-02   0.0000000E+00   2.9300000E+02
   1.0000000E-01   1.0300000E-01   4.2060003E-02   0.0000000E+00   2.9300000E+02
   1.0000000E-01   1.0500000E-01   4.2060003E-02   0.0000000E+00   2.9300000E+02
   1.0000000E-01   1.0700000E-01   4.2060003E-02   0.0000000E+00   2.9300000E+02
   1.0000000E-01   1.0900000E-01   4.2060003E-02   0.0000000E+00   2.9300000E+02
   1.0000000E-01   1.1100000E-01   4.2060003E-02   0.0000000E+00   2.9300000E+02
   1.0000000E-01   1.1300001E-01   4.2060003E-02   0.0000000E+00   2.9300000E+02
   1.0000000E-01   1.1499999E-01   4.2060003E-02   0.0000000E+00   2.9300000E+02
   1.0000000E-01   1.1700000E-01   4.2060003E-02   0.0000000E+00   2.9300000E+02
   1.0000000E-01   1.1900000E-01   4.2060003E-02   0.0000000E+00   2.9300000E+02
   1.0000000E-01   1.2100000E-01   4.2060003E-02   0.0000000E+00   2.9300000E+02
   1.0000000E-01   1.2633334E-01   4.2060003E-02   0.0000000E+00   2.9300000E+02
   1.0000000E-01   1.3733333E-01   4.2060003E-02   0.0000000E+00   2.9300000E+02
   1.0000000E-01   1.5200000E-01   4.2060003E-02   0.0000000E+00   2.9300000E+02
   1.0000000E-01   8.0000004E-03   4.4020001E-02   0.0000000E+00   2.9300000E+02
   1.0000000E-01   2.2666667E-02   4.4020001E-02   0.0000000E+00   2.9300000E+02
   1.0000000E-01   3.3666667E-02   4.4020001E-02   0.0000000E+00   2.9300000E+02
   1.0000000E-01   3.8999997E-02   4.4020001E-02   0.0000000E+00   2.9300000E+02
   1.0000000E-01   4.1000001E-02   4.4020001E-02   0.0000000E+00   2.9300000E+02
   1.0000000E-01   4.2999998E-02   4.4020001E-02   0.0000000E+00   2.9300000E+02
   1.0000000E-01   4.5000002E-02   4.4020001E-02   0.0000000E+00   2.9300000E+02
   1.0000000E-01   4.6999998E-02   4.4020001E-02   0.0000000E+00   2.9300000E+02
   1.0000000E-01   4.9000002E-02   4.4020001E-02   0.0000000E+00   2.9300000E+02
   1.0000000E-01   5.0999999E-02   4.4020001E-02   0.0000000E+00   2.9300000E+02
   1.0000000E-01   5.3000003E-02   4.4020001E-02   0.0000000E+00   2.9300000E+02
   1.0000000E-01   5.5000000E-02   4.4020001E-02   0.0000000E+00   2.9300000E+02
   1.0000000E-01   5.7000000E-02   4.4020001E-02   0.0000000E+00   2.9300000E+02
   1.0000000E-01   5.9000000E-02   4.4020001E-02   0.0000000E+00   2.9300000E+02
   1.0000000E-01   6.0999997E-02   4.4020001E-02   0.0000000E+00   2.9300000E+02
   1.0000000E-01   6.3000001E-02   4.4020001E-02   0.0000000E+00   2.9300000E+02
   1.0000000E-01   6.4999998E-02   4.4020001E-02   0.0000000E+00   2.9300000E+02
   1.0000000E-01   6.7000002E-02   4.4020001E-02   0.0000000E+00   2.9300000E+02
   1.0000000E-01   6.9000006E-02   4.4020001E-02   0.0000000E+00   2.9300000E+02
   1.0000000E-01   7.0999995E-02   4.4020001E-02   0.0000000E+00   2.9300000E+02
   1.0000000E-01   7.2999999E-02   4.4020001E-02   0.0000000E+00   2.9300000E+02
   1.0000000E-01   7.5000003E-02   4.4020001E-02   0.0000000E+00   2.9300000E+02
   1.0000000E-01   7.7000000E-02   4.4020001E-02   0.0000000E+00   2.9300000E+02
   1.0000000E-01   7.8999996E-02   4.4020001E-02   0.0000000E+00   2.9300000E+02
   1.0000000E-01   8.1000000E-02   4.4020001E-02   0.0000000E+00   2.9300000E+02
   1.0000000E-01   8.3000004E-02   4.4020001E-02   0.0000000E+00   2.9300000E+02
   1.0000000E-01   8.5000001E-02   4.4020001E-02   0.0000000E+00   2.9300000E+02
   1.0000000E-01   8.6999997E-02   4.4020001E-02   0.0000000E+00   2.9300000E+02
   1.0000000E-01   8.9000002E-02   4.4020001E-02   0.0000000E+00   2.9300000E+02
   1.0000000E-01   9.1000006E-02   4.4020001E-02   0.0000000E+00   2.9300000E+02
   1.0000000E-01   9.2999995E-02   4.4020001E-02   0.0000000E+00   2.9300000E+02
   1.0000000E-01   9.4999999E-02   4.4020001E-02   0.0000000E+00   2.9300000E+02
   1.0000000E-01   9.7000003E-02   4.4020001E-02   0.0000000E+00   2.9300000E+02
   1.0000000E-01   9.8999999E-02   4.4020001E-02   0.0000000E+00   2.9300000E+02
   1.0000000E-01   1.0100000E-01   4.4020001E-02   0.0000000E+00   2.9300000E+02
   1.0000000E-01   1.0300000E-01   4.4020001E-02   0.0000000E+00   2.9300000E+02
   1.0000000E-01   1.0500000E-01   4.4020001E-02   0.0000000E+00   2.9300000E+02
   1.0000000E-01   1.0700000E-01   4.4020001E-02   0.0000000E+00   2.9300000E+02
   1.0000000E-01   1.0900000E-01   4.4020001E-02   0.0000000E+00   2.9300000E+02
   1.0000000E-01   1.1100000E-01   4.4020001E-02   0.0000000E+00   2.9300000E+02
   1.0000000E-01   1.1300001E-01   4.4020001E-02   0.0000000E+00   2.9300000E+02
   1.0000000E-01   1.1499999E-01   4.4020001E-02   0.0000000E+00   2.9300000E+02
   1.0000000E-01   1.1700000E-01   4.4020001E-02   0.0000000E+00   2.9300000E+02
   1.0000000E-01   1.1900000E-01   4.4020001E-02   0.0000000E+00   2.9300000E+02
   1.0000000E-01   1.2100000E-01   4.4020001E-02   0.0000000E+00   2.9300000E+02
   1.0000000E-01   1.2633334E-01   4.4020001E-02   0.0000000E+00   2.9300000E+02
   1.0000000E-01   1.3733333E-01   4.4020001E-02   0.0000000E+00   2.9300000E+02
   1.0000000E-01   1.5200000E-01   4.4020001E-02   0.0000000E+00   2.9300000E+02