 1.0000000E-01   8.0000004E-03  -3.0200002E-03   0.0000000E+00   2.9300000E+02
   1.0000000E-01   2.2666667E-02  -3.0200002E-03   0.0000000E+00   2.9300000E+02
   1.0000000E-01   3.3666667E-02  -3.0200002E-03   0.0000000E+00   2.9300000E+02
   1.0000000E-01   3.8999997E-02  -3.0200002E-03   0.0000000E+00   2.9300000E+02
   1.0000000E-01   4.1000001E-02  -3.0200002E-03   0.0000000E+00   2.9300000E+02
   1.0000000E-01   4.2999998E-02  -3.0200002E-03   4.9999928E-01   3.5124252E+02
   1.0000000E-01   4.5000002E-02  -3.0200002E-03   1.0000000E+00   3.5148206E+02
   1.0000000E-01   4.6999998E-02  -3.0200002E-03   1.0000000E+00   3.5203754E+02
   1.0000000E-01   4.9000002E-02  -3.0200002E-03   1.0000000E+00   3.5321735E+02
   1.0000000E-01   5.0999999E-02  -3.0200002E-03   1.0000000E+00   3.5596802E+02
   1.0000000E-01   5.3000003E-02  -3.0200002E-03   1.0000000E+00   3.6342804E+02
   1.0000000E-01   5.5000000E-02  -3.0200002E-03   1.0000000E+00   3.8441992E+02
   1.0000000E-01   5.7000000E-02  -3.0200002E-03   1.0000000E+00   4.3682739E+02
   1.0000000E-01   5.9000000E-02  -3.0200002E-03   1.0000000E+00   5.3852948E+02
   1.0000000E-01   6.0999997E-02  -3.0200002E-03   1.0000000E+00   6.6720856E+02
   1.0000000E-01   6.3000001E-02  -3.0200002E-03   1.0000000E+00   7.1633344E+02
   1.0000000E-01   6.4999998E-02  -3.0200002E-03   1.0000000E+00   6.7853943E+02
   1.0000000E-01   6.7000002E-02  -3.0200002E-03   1.0000000E+00   5.7725989E+02
   1.0000000E-01   6.9000006E-02  -3.0200002E-03   1.0000000E+00   4.8330988E+02
   1.0000000E-01   7.0999995E-02  -3.0200002E-03   1.0000000E+00   4.1528461E+02
   1.0000000E-01   7.2999999E-02  -3.0200002E-03   1.0000000E+00   3.7836691E+02
   1.0000000E-01   7.5000003E-02  -3.0200002E-03   1.0000000E+00   3.6245416E+02
   1.0000000E-01   7.7000000E-02  -3.0200002E-03   1.0000000E+00   3.5618552E+02
   1.0000000E-01   7.8999996E-02  -3.0200002E-03   1.0000000E+00   3.5355289E+02
   1.0000000E-01   8.1000000E-02  -3.0200002E-03   1.0000000E+00   3.5235226E+02
   1.0000000E-01   8.3000004E-02  -3.0200002E-03   5.4590148E-01   3.5182181E+02
   1.0000000E-01   8.5000001E-02  -3.0200002E-03   0.0000000E+00   2.9300000E+02
   1.0000000E-01   8.6999997E-02  -3.0200002E-03   0.0000000E+00   2.9300000E+02
   1.0000000E-01   8.9000002E-02  -3.0200002E-03   0.0000000E+00   2.9300000E+02
   1.0000000E-01   9.1000006E-02  -3.0200002E-03   0.0000000E+00   2.9300000E+02
   1.0000000E-01   9.2999995E-02  -3.0200002E-03   0.0000000E+00   2.9300000E+02
   1.0000000E-01   9.4999999E-02  -3.0200002E-03   0.0000000E+00   2.9300000E+02
   1.0000000E-01   9.7000003E-02  -3.0200002E-03   0.0000000E+00   2.9300000E+02
   1.0000000E-01   9.8999999E-02  -3.0200002E-03   0.0000000E+00   2.9300000E+02
   1.0000000E-01   1.0100000E-01  -3.0200002E-03   0.0000000E+00   2.9300000E+02
   1.0000000E-01   1.0300000E-01  -3.0200002E-03   0.0000000E+00   2.9300000E+02
   1.0000000E-01   1.0500000E-01  -3.0200002E-03   0.0000000E+00   2.9300000E+02
   1.0000000E-01   1.0700000E-01  -3.0200002E-03   0.0000000E+00   2.9300000E+02
   1.0000000E-01   1.0900000E-01  -3.0200002E-03   0.0000000E+00   2.9300000E+02
   1.0000000E-01   1.1100000E-01  -3.0200002E-03   0.0000000E+00   2.9300000E+02
   1.0000000E-01   1.1300001E-01  -3.0200002E-03   0.0000000E+00   2.9300000E+02
   1.0000000E-01   1.1499999E-01  -3.0200002E-03   0.0000000E+00   2.9300000E+02
   1.0000000E-01   1.1700000E-01  -3.0200002E-03   0.0000000E+00   2.9300000E+02
   1.0000000E-01   1.1900000E-01  -3.0200002E-03   0.0000000E+00   2.9300000E+02
   1.0000000E-01   1.2100000E-01  -3.0200002E-03   0.0000000E+00   2.9300000E+02
   1.0000000E-01   1.2633334E-01  -3.0200002E-03   0.0000000E+00   2.9300000E+02
   1.0000000E-01   1.3733333E-01  -3.0200002E-03   0.0000000E+00   2.9300000E+02
   1.0000000E-01   1.5200000E-01  -3.0200002E-03   0.0000000E+00   2.9300000E+02
   1.0000000E-01   8.0000004E-03  -1.0599999E-03   0.0000000E+00   2.9300000E+02
   1.0000000E-01   2.2666667E-02  -1.0599999E-03   0.0000000E+00   2.9300000E+02
   1.0000000E-01   3.3666667E-02  -1.0599999E-03   0.0000000E+00   2.9300000E+02
   1.0000000E-01   3.8999997E-02  -1.0599999E-03   0.0000000E+00   2.9300000E+02
   1.0000000E-01   4.1000001E-02  -1.0599999E-03   0.0000000E+00   2.9300000E+02
   1.0000000E-01   4.2999998E-02  -1.0599999E-03   4.9999928E-01   3.5165906E+02
   1.0000000E-01   4.5000002E-02  -1.0599999E-03   1.0000000E+00   3.5185831E+02
   1.0000000E-01   4.6999998E-02  -1.0599999E-03   1.0000000E+00   3.5242462E+02
   1.0000000E-01   4.9000002E-02  -1.0599999E-03   1.0000000E+00   3.5375366E+02
   1.0000000E-01   5.0999999E-02  -1.0599999E-03   1.0000000E+00   3.5731693E+02
   1.0000000E-01   5.3000003E-02  -1.0599999E-03   1.0000000E+00   3.6832101E+02
   1.0000000E-01   5.5000000E-02  -1.0599999E-03   1.0000000E+00   4.0217325E+02
   1.0000000E-01   5.7000000E-02  -1.0599999E-03   1.0000000E+00   4.9299826E+02
   1.0000000E-01   5.9000000E-02  -1.0599999E-03   1.0000000E+00   6.8685913E+02
   1.0000000E-01   6.0999997E-02  -1.0599999E-03   1.0000000E+00   9.7769849E+02
   1.0000000E-01   6.3000001E-02  -1.0599999E-03   1.0000000E+00   1.0598544E+03
   1.0000000E-01   6.4999998E-02  -1.0599999E-03   1.0000000E+00   9.9984955E+02
   1.0000000E-01   6.7000002E-02  -1.0599999E-03   1.0000000E+00   7.8910120E+02
   1.0000000E-01   6.9000006E-02  -1.0599999E-03   1.0000000E+00   6.1037317E+02
   1.0000000E-01   7.0999995E-02  -1.0599999E-03   1.0000000E+00   4.7466174E+02
   1.0000000E-01   7.2999999E-02  -1.0599999E-03   1.0000000E+00   3.9928845E+02
   1.0000000E-01   7.5000003E-02  -1.0599999E-03   1.0000000E+00   3.6841174E+02
   1.0000000E-01   7.7000000E-02  -1.0599999E-03   1.0000000E+00   3.5776779E+02
   1.0000000E-01   7.8999996E-02  -1.0599999E-03   1.0000000E+00   3.5411325E+02
   1.0000000E-01   8.1000000E-02  -1.0599999E-03   1.0000000E+00   3.5271530E+02
   1.0000000E-01   8.3000004E-02  -1.0599999E-03   5.4590148E-01   3.5216473E+02
   1.0000000E-01   8.5000001E-02  -1.0599999E-03   0.0000000E+00   2.9300000E+02
   1.0000000E-01   8.6999997E-02  -1.0599999E-03   0.0000000E+00   2.9300000E+02
   1.0000000E-01   8.9000002E-02  -1.0599999E-03   0.0000000E+00   2.9300000E+02
   1.0000000E-01   9.1000006E-02  -1.0599999E-03   0.0000000E+00   2.9300000E+02
   1.0000000E-01   9.2999995E-02  -1.0599999E-03   0.0000000E+00   2.9300000E+02
   1.0000000E-01   9.4999999E-02  -1.0599999E-03   0.0000000E+00   2.9300000E+02
   1.0000000E-01   9.7000003E-02  -1.0599999E-03   0.0000000E+00   2.9300000E+02
   1.0000000E-01   9.8999999E-02  -1.0599999E-03   0.0000000E+00   2.9300000E+02
   1.0000000E-01   1.0100000E-01  -1.0599999E-03   0.0000000E+00   2.9300000E+02
   1.0000000E-01   1.0300000E-01  -1.0599999E-03   0.0000000E+00   2.9300000E+02
   1.0000000E-01   1.0500000E-01  -1.0599999E-03   0.0000000E+00   2.9300000E+02
   1.0000000E-01   1.0700000E-01  -1.0599999E-03   0.0000000E+00   2.9300000E+02
   1.0000000E-01   1.0900000E-01  -1.0599999E-03   0.0000000E+00   2.9300000E+02
   1.0000000E-01   1.1100000E-01  -1.0599999E-03   0.0000000E+00   2.9300000E+02
   1.0000000E-01   1.1300001E-01  -1.0599999E-03   0.0000000E+00   2.9300000E+02
   1.0000000E-01   1.1499999E-01  -1.0599999E-03   0.0000000E+00   2.9300000E+02
   1.0000000E-01   1.1700000E-01  -1.0599999E-03   0.0000000E+00   2.9300000E+02
   1.0000000E-01   1.1900000E-01  -1.0599999E-03   0.0000000E+00   2.9300000E+02
   1.0000000E-01   1.2100000E-01  -1.0599999E-03   0.0000000E+00   2.9300000E+02
   1.0000000E-01   1.2633334E-01  -1.0599999E-03   0.0000000E+00   2.9300000E+02
   1.0000000E-01   1.3733333E-01  -1.0599999E-03   0.0000000E+00   2.9300000E+02
   1.0000000E-01   1.5200000E-01  -1.0599999E-03   0.0000000E+00   2.9300000E+02
   1.0000000E-01   8.0000004E-03   8.9999998E-04   9.5918369E-01   3.5235681E+02
   1.0000000E-01   2.2666667E-02   8.9999998E-04   9.5918369E-01   3.5234067E+02
   1.0000000E-01   3.3666667E-02   8.9999998E-04   9.5918369E-01   3.5223993E+02
   1.0000000E-01   3.8999997E-02   8.9999998E-04   9.5918369E-01   3.5208682E+02
   1.0000000E-01   4.1000001E-02   8.9999998E-04   9.5918369E-01   3.5203897E+02
   1.0000000E-01   4.2999998E-02   8.9999998E-04   9.8979592E-01   3.5201862E+02
   1.0000000E-01   4.5000002E-02   8.9999998E-04   1.0000000E+00   3.5218433E+02
   1.0000000E-01   4.6999998E-02   8.9999998E-04   1.0000000E+00   3.5275284E+02
   1.0000000E-01   4.9000002E-02   8.9999998E-04   1.0000000E+00   3.5425165E+02
   1.0000000E-01   5.0999999E-02   8.9999998E-04   1.0000000E+00   3.5884055E+02
   1.0000000E-01   5.3000003E-02   8.9999998E-04   1.0000000E+00   3.7453964E+02
   1.0000000E-01   5.5000000E-02   8.9999998E-04   1.0000000E+00   4.2625006E+02
   1.0000000E-01   5.7000000E-02   8.9999998E-04   1.0000000E+00   5.7494476E+02
   1.0000000E-01   5.9000000E-02   8.9999998E-04   1.0000000E+00   9.3787122E+02
   1.0000000E-01   6.0999997E-02   8.9999998E-04   9.9340278E-01   1.7440640E+03
   1.0000000E-01   6.3000001E-02   8.9999998E-04   9.9844718E-01   1.7576008E+03
   1.0000000E-01   6.4999998E-02   8.9999998E-04   9.9159932E-01   1.7462556E+03
   1.0000000E-01   6.7000002E-02   8.9999998E-04   9.9584514E-01   1.2473434E+03
   1.0000000E-01   6.9000006E-02   8.9999998E-04   1.0000000E+00   8.8417340E+02
   1.0000000E-01   7.0999995E-02   8.9999998E-04   1.0000000E+00   6.0597095E+02
   1.0000000E-01   7.2999999E-02   8.9999998E-04   1.0000000E+00   4.4420602E+02
   1.0000000E-01   7.5000003E-02   8.9999998E-04   1.0000000E+00   3.8032660E+02
   1.0000000E-01   7.7000000E-02   8.9999998E-04   1.0000000E+00   3.6046164E+02
   1.0000000E-01   7.8999996E-02   8.9999998E-04   1.0000000E+00   3.5476834E+02
   1.0000000E-01   8.1000000E-02   8.9999998E-04   1.0000000E+00   3.5298511E+02
   1.0000000E-01   8.3000004E-02   8.9999998E-04   1.0000000E+00   3.5235559E+02
   1.0000000E-01   8.5000001E-02   8.9999998E-04   9.5918369E-01   3.5213031E+02
   1.0000000E-01   8.6999997E-02   8.9999998E-04   9.5918369E-01   3.5207098E+02
   1.0000000E-01   8.9000002E-02   8.9999998E-04   9.5918369E-01   3.5208649E+02
   1.0000000E-01   9.1000006E-02   8.9999998E-04   9.5918369E-01   3.5212970E+02
   1.0000000E-01   9.2999995E-02   8.9999998E-04   9.5918369E-01   3.5217767E+02
   1.0000000E-01   9.4999999E-02   8.9999998E-04   9.5918369E-01   3.5222067E+02
   1.0000000E-01   9.7000003E-02   8.9999998E-04   9.5918369E-01   3.5225577E+02
   1.0000000E-01   9.8999999E-02   8.9999998E-04   9.5918369E-01   3.5228293E+02
   1.0000000E-01   1.0100000E-01   8.9999998E-04   9.5918369E-01   3.5230338E+02
   1.0000000E-01   1.0300000E-01   8.9999998E-04   9.5918369E-01   3.5231848E+02
   1.0000000E-01   1.0500000E-01   8.9999998E-04   9.5918369E-01   3.5232953E+02
   1.0000000E-01   1.0700000E-01   8.9999998E-04   9.5918369E-01   3.5233752E+02
   1.0000000E-01   1.0900000E-01   8.9999998E-04   9.5918369E-01   3.5234326E+02
   1.0000000E-01   1.1100000E-01   8.9999998E-04   9.5918369E-01   3.5234738E+02
   1.0000000E-01   1.1300001E-01   8.9999998E-04   9.5918369E-01   3.5235028E+02
   1.0000000E-01   1.1499999E-01   8.9999998E-04   9.5918369E-01   3.5235229E+02
   1.0000000E-01   1.1700000E-01   8.9999998E-04   9.5918369E-01   3.5235364E+02
   1.0000000E-01   1.1900000E-01   8.9999998E-04   9.5918369E-01   3.5235449E+02
   1.0000000E-01   1.2100000E-01   8.9999998E-04   9.5918369E-01   3.5235492E+02
   1.0000000E-01   1.2633334E-01   8.9999998E-04   9.5918369E-01   3.5235522E+02
   1.0000000E-01   1.3733333E-01   8.9999998E-04   9.5918369E-01   3.5235037E+02
   1.0000000E-01   1.5200000E-01   8.9999998E-04   4.7959173E-01   3.5233789E+02
   1.0000000E-01   8.0000004E-03   2.8599999E-03   1.0000000E+00   3.5245883E+02
   1.0000000E-01   2.2666667E-02   2.8599999E-03   1.0000000E+00   3.5244318E+02
   1.0000000E-01   3.3666667E-02   2.8599999E-03   1.0000000E+00   3.5234698E+02
   1.0000000E-01   3.8999997E-02   2.8599999E-03   1.0000000E+00   3.5221231E+02
   1.0000000E-01   4.1000001E-02   2.8599999E-03   1.0000000E+00   3.5218375E+02
   1.0000000E-01   4.2999998E-02   2.8599999E-03   1.0000000E+00   3.5221542E+02
   1.0000000E-01   4.5000002E-02   2.8599999E-03   1.0000000E+00   3.5240881E+02
   1.0000000E-01   4.6999998E-02   2.8599999E-03   1.0000000E+00   3.5295801E+02
   1.0000000E-01   4.9000002E-02   2.8599999E-03   1.0000000E+00   3.5445392E+02
   1.0000000E-01   5.0999999E-02   2.8599999E-03   1.0000000E+00   3.5929666E+02
   1.0000000E-01   5.3000003E-02   2.8599999E-03   1.0000000E+00   3.7654147E+02
   1.0000000E-01   5.5000000E-02   2.8599999E-03   1.0000000E+00   4.3450803E+02
   1.0000000E-01   5.7000000E-02   2.8599999E-03   1.0000000E+00   6.0144397E+02
   1.0000000E-01   5.9000000E-02   2.8599999E-03   1.0000000E+00   9.9411047E+02
   1.0000000E-01   6.0999997E-02   2.8599999E-03   9.9389243E-01   1.7388092E+03
   1.0000000E-01   6.3000001E-02   2.8599999E-03   9.9846590E-01   1.7557489E+03
   1.0000000E-01   6.4999998E-02   2.8599999E-03   9.9383718E-01   1.7462208E+03
   1.0000000E-01   6.7000002E-02   2.8599999E-03   9.9524194E-01   1.7227957E+03
   1.0000000E-01   6.9000006E-02   2.8599999E-03   9.9000317E-01   1.2488088E+03
   1.0000000E-01   7.0999995E-02   2.8599999E-03   1.0000000E+00   7.9597748E+02
   1.0000000E-01   7.2999999E-02   2.8599999E-03   1.0000000E+00   5.0377570E+02
   1.0000000E-01   7.5000003E-02   2.8599999E-03   1.0000000E+00   3.9420352E+02
   1.0000000E-01   7.7000000E-02   2.8599999E-03   1.0000000E+00   3.6309058E+02
   1.0000000E-01   7.8999996E-02   2.8599999E-03   1.0000000E+00   3.5524335E+02
   1.0000000E-01   8.1000000E-02   2.8599999E-03   1.0000000E+00   3.5314774E+02
   1.0000000E-01   8.3000004E-02   2.8599999E-03   1.0000000E+00   3.5247552E+02
   1.0000000E-01   8.5000001E-02   2.8599999E-03   1.0000000E+00   3.5224112E+02
   1.0000000E-01   8.6999997E-02   2.8599999E-03   1.0000000E+00   3.5218015E+02
   1.0000000E-01   8.9000002E-02   2.8599999E-03   1.0000000E+00   3.5219385E+02
   1.0000000E-01   9.1000006E-02   2.8599999E-03   1.0000000E+00   3.5223523E+02
   1.0000000E-01   9.2999995E-02   2.8599999E-03   1.0000000E+00   3.5228174E+02
   1.0000000E-01   9.4999999E-02   2.8599999E-03   1.0000000E+00   3.5232370E+02
   1.0000000E-01   9.7000003E-02   2.8599999E-03   1.0000000E+00   3.5235809E+02
   1.0000000E-01   9.8999999E-02   2.8599999E-03   1.0000000E+00   3.5238483E+02
   1.0000000E-01   1.0100000E-01   2.8599999E-03   1.0000000E+00   3.5240506E+02
   1.0000000E-01   1.0300000E-01   2.8599999E-03   1.0000000E+00   3.5242004E+02
   1.0000000E-01   1.0500000E-01   2.8599999E-03   1.0000000E+00   3.5243106E+02
   1.0000000E-01   1.0700000E-01   2.8599999E-03   1.0000000E+00   3.5243909E+02
   1.0000000E-01   1.0900000E-01   2.8599999E-03   1.0000000E+00   3.5244489E+02
   1.0000000E-01   1.1100000E-01   2.8599999E-03   1.0000000E+00   3.5244904E+02
   1.0000000E-01   1.1300001E-01   2.8599999E-03   1.0000000E+00   3.5245200E+02
   1.0000000E-01   1.1499999E-01   2.8599999E-03   1.0000000E+00   3.5245407E+02
   1.0000000E-01   1.1700000E-01   2.8599999E-03   1.0000000E+00   3.5245547E+02
   1.0000000E-01   1.1900000E-01   2.8599999E-03   1.0000000E+00   3.5245636E+02
   1.0000000E-01   1.2100000E-01   2.8599999E-03   1.0000000E+00   3.5245685E+02
   1.0000000E-01   1.2633334E-01   2.8599999E-03   1.0000000E+00   3.5245721E+02
   1.0000000E-01   1.3733333E-01   2.8599999E-03   1.0000000E+00   3.5245218E+02
   1.0000000E-01   1.5200000E-01   2.8599999E-03   1.0000000E+00   3.5241522E+02
   1.0000000E-01   8.0000004E-03   4.8199999E-03   1.0000000E+00   3.5255057E+02
   1.0000000E-01   2.2666667E-02   4.8199999E-03   1.0000000E+00   3.5253583E+02
   1.0000000E-01   3.3666667E-02   4.8199999E-03   1.0000000E+00   3.5244751E+02
   1.0000000E-01   3.8999997E-02   4.8199999E-03   1.0000000E+00   3.5233603E+02
   1.0000000E-01   4.1000001E-02   4.8199999E-03   1.0000000E+00   3.5232138E+02
   1.0000000E-01   4.2999998E-02   4.8199999E-03   1.0000000E+00   3.5236942E+02
   1.0000000E-01   4.5000002E-02   4.8199999E-03   1.0000000E+00   3.5255487E+02
   1.0000000E-01   4.6999998E-02   4.8199999E-03   1.0000000E+00   3.5303412E+02
   1.0000000E-01   4.9000002E-02   4.8199999E-03   1.0000000E+00   3.5430988E+02
   1.0000000E-01   5.0999999E-02   4.8199999E-03   1.0000000E+00   3.5843787E+02
   1.0000000E-01   5.3000003E-02   4.8199999E-03   1.0000000E+00   3.7334564E+02
   1.0000000E-01   5.5000000E-02   4.8199999E-03   1.0000000E+00   4.2454630E+02
   1.0000000E-01   5.7000000E-02   4.8199999E-03   1.0000000E+00   5.7621222E+02
   1.0000000E-01   5.9000000E-02   4.8199999E-03   1.0000000E+00   9.4918378E+02
   1.0000000E-01   6.0999997E-02   4.8199999E-03   9.9423951E-01   1.7331600E+03
   1.0000000E-01   6.3000001E-02   4.8199999E-03   8.8144153E-01   1.7517439E+03
   1.0000000E-01   6.4999998E-02   4.8199999E-03   5.9986287E-01   1.7466154E+03
   1.0000000E-01   6.7000002E-02   4.8199999E-03   6.0980052E-01   1.7356909E+03
   1.0000000E-01   6.9000006E-02   4.8199999E-03   7.3758429E-01   1.7168601E+03
   1.0000000E-01   7.0999995E-02   4.8199999E-03   9.9710828E-01   9.8332611E+02
   1.0000000E-01   7.2999999E-02   4.8199999E-03   1.0000000E+00   5.3504407E+02
   1.0000000E-01   7.5000003E-02   4.8199999E-03   1.0000000E+00   3.9645703E+02
   1.0000000E-01   7.7000000E-02   4.8199999E-03   1.0000000E+00   3.6267075E+02
   1.0000000E-01   7.8999996E-02   4.8199999E-03   1.0000000E+00   3.5500165E+02
   1.0000000E-01   8.1000000E-02   4.8199999E-03   1.0000000E+00   3.5311584E+02
   1.0000000E-01   8.3000004E-02   4.8199999E-03   1.0000000E+00   3.5253363E+02
   1.0000000E-01   8.5000001E-02   4.8199999E-03   1.0000000E+00   3.5233038E+02
   1.0000000E-01   8.6999997E-02   4.8199999E-03   1.0000000E+00   3.5227838E+02
   1.0000000E-01   8.9000002E-02   4.8199999E-03   1.0000000E+00   3.5229291E+02
   1.0000000E-01   9.1000006E-02   4.8199999E-03   1.0000000E+00   3.5233258E+02
   1.0000000E-01   9.2999995E-02   4.8199999E-03   1.0000000E+00   3.5237698E+02
   1.0000000E-01   9.4999999E-02   4.8199999E-03   1.0000000E+00   3.5241718E+02
   1.0000000E-01   9.7000003E-02   4.8199999E-03   1.0000000E+00   3.5245032E+02
   1.0000000E-01   9.8999999E-02   4.8199999E-03   1.0000000E+00   3.5247629E+02
   1.0000000E-01   1.0100000E-01   4.8199999E-03   1.0000000E+00   3.5249606E+02
   1.0000000E-01   1.0300000E-01   4.8199999E-03   1.0000000E+00   3.5251089E+02
   1.0000000E-01   1.0500000E-01   4.8199999E-03   1.0000000E+00   3.5252185E+02
   1.0000000E-01   1.0700000E-01   4.8199999E-03   1.0000000E+00   3.5252991E+02
   1.0000000E-01   1.0900000E-01   4.8199999E-03   1.0000000E+00   3.5253580E+02
   1.0000000E-01   1.1100000E-01   4.8199999E-03   1.0000000E+00   3.5254007E+02
   1.0000000E-01   1.1300001E-01   4.8199999E-03   1.0000000E+00   3.5254312E+02
   1.0000000E-01   1.1499999E-01   4.8199999E-03   1.0000000E+00   3.5254529E+02
   1.0000000E-01   1.1700000E-01   4.8199999E-03   1.0000000E+00   3.5254678E+02
   1.0000000E-01   1.1900000E-01   4.8199999E-03   1.0000000E+00   3.5254776E+02
   1.0000000E-01   1.2100000E-01   4.8199999E-03   1.0000000E+00   3.5254831E+02
   1.0000000E-01   1.2633334E-01   4.8199999E-03   1.0000000E+00   3.5254886E+02
   1.0000000E-01   1.3733333E-01   4.8199999E-03   1.0000000E+00   3.5254401E+02
   1.0000000E-01   1.5200000E-01   4.8199999E-03   1.0000000E+00   3.5251318E+02
   1.0000000E-01   8.0000004E-03   6.7799999E-03   1.0000000E+00   3.5262958E+02
   1.0000000E-01   2.2666667E-02   6.7799999E-03   1.0000000E+00   3.5261606E+02
   1.0000000E-01   3.3666667E-02   6.7799999E-03   1.0000000E+00   3.5253735E+02
   1.0000000E-01   3.8999997E-02   6.7799999E-03   1.0000000E+00   3.5244638E+02
   1.0000000E-01   4.1000001E-02   6.7799999E-03   1.0000000E+00   3.5243820E+02
   1.0000000E-01   4.2999998E-02   6.7799999E-03   1.0000000E+00   3.5248468E+02
   1.0000000E-01   4.5000002E-02   6.7799999E-03   1.0000000E+00   3.5264035E+02
   1.0000000E-01   4.6999998E-02   6.7799999E-03   1.0000000E+00   3.5301477E+02
   1.0000000E-01   4.9000002E-02   6.7799999E-03   1.0000000E+00   3.5393887E+02
   1.0000000E-01   5.0999999E-02   6.7799999E-03   1.0000000E+00   3.5673602E+02
   1.0000000E-01   5.3000003E-02   6.7799999E-03   1.0000000E+00   3.6656210E+02
   1.0000000E-01   5.5000000E-02   6.7799999E-03   1.0000000E+00   4.0032468E+02
   1.0000000E-01   5.7000000E-02   6.7799999E-03   1.0000000E+00   5.0155109E+02
   1.0000000E-01   5.9000000E-02   6.7799999E-03   1.0000000E+00   7.5828577E+02
   1.0000000E-01   6.0999997E-02   6.7799999E-03   6.3914430E-01   1.7244517E+03
   1.0000000E-01   6.3000001E-02   6.7799999E-03   0.0000000E+00   2.9300000E+02
   1.0000000E-01   6.4999998E-02   6.7799999E-03   0.0000000E+00   2.9300000E+02
   1.0000000E-01   6.7000002E-02   6.7799999E-03   0.0000000E+00   2.9300000E+02
   1.0000000E-01   6.9000006E-02   6.7799999E-03   0.0000000E+00   2.9300000E+02
   1.0000000E-01   7.0999995E-02   6.7799999E-03   2.2635248E-03   8.6035455E+02
   1.0000000E-01   7.2999999E-02   6.7799999E-03   6.0489810E-01   4.1272974E+02
   1.0000000E-01   7.5000003E-02   6.7799999E-03   1.0000000E+00   3.6974304E+02
   1.0000000E-01   7.7000000E-02   6.7799999E-03   1.0000000E+00   3.5743585E+02
   1.0000000E-01   7.8999996E-02   6.7799999E-03   1.0000000E+00   3.5396228E+02
   1.0000000E-01   8.1000000E-02   6.7799999E-03   1.0000000E+00   3.5291422E+02
   1.0000000E-01   8.3000004E-02   6.7799999E-03   1.0000000E+00   3.5253244E+02
   1.0000000E-01   8.5000001E-02   6.7799999E-03   1.0000000E+00   3.5239023E+02
   1.0000000E-01   8.6999997E-02   6.7799999E-03   1.0000000E+00   3.5235834E+02
   1.0000000E-01   8.9000002E-02   6.7799999E-03   1.0000000E+00   3.5237799E+02
   1.0000000E-01   9.1000006E-02   6.7799999E-03   1.0000000E+00   3.5241727E+02
   1.0000000E-01   9.2999995E-02   6.7799999E-03   1.0000000E+00   3.5245972E+02
   1.0000000E-01   9.4999999E-02   6.7799999E-03   1.0000000E+00   3.5249796E+02
   1.0000000E-01   9.7000003E-02   6.7799999E-03   1.0000000E+00   3.5252960E+02
   1.0000000E-01   9.8999999E-02   6.7799999E-03   1.0000000E+00   3.5255463E+02
   1.0000000E-01   1.0100000E-01   6.7799999E-03   1.0000000E+00   3.5257388E+02
   1.0000000E-01   1.0300000E-01   6.7799999E-03   1.0000000E+00   3.5258847E+02
   1.0000000E-01   1.0500000E-01   6.7799999E-03   1.0000000E+00   3.5259940E+02
   1.0000000E-01   1.0700000E-01   6.7799999E-03   1.0000000E+00   3.5260751E+02
   1.0000000E-01   1.0900000E-01   6.7799999E-03   1.0000000E+00   3.5261356E+02
   1.0000000E-01   1.1100000E-01   6.7799999E-03   1.0000000E+00   3.5261798E+02
   1.0000000E-01   1.1300001E-01   6.7799999E-03   1.0000000E+00   3.5262122E+02
   1.0000000E-01   1.1499999E-01   6.7799999E-03   1.0000000E+00   3.5262357E+02
   1.0000000E-01   1.1700000E-01   6.7799999E-03   1.0000000E+00   3.5262518E+02
   1.0000000E-01   1.1900000E-01   6.7799999E-03   1.0000000E+00   3.5262628E+02
   1.0000000E-01   1.2100000E-01   6.7799999E-03   1.0000000E+00   3.5262695E+02
   1.0000000E-01   1.2633334E-01   6.7799999E-03   1.0000000E+00   3.5262775E+02
   1.0000000E-01   1.3733333E-01   6.7799999E-03   1.0000000E+00   3.5262332E+02
   1.0000000E-01   1.5200000E-01   6.7799999E-03   1.0000000E+00   3.5259775E+02
   1.0000000E-01   8.0000004E-03   8.7400004E-03   1.0000000E+00   3.5269632E+02
   1.0000000E-01   2.2666667E-02   8.7400004E-03   1.0000000E+00   3.5268420E+02
   1.0000000E-01   3.3666667E-02   8.7400004E-03   1.0000000E+00   3.5261542E+02
   1.0000000E-01   3.8999997E-02   8.7400004E-03   1.0000000E+00   3.5253961E+02
   1.0000000E-01   4.1000001E-02   8.7400004E-03   1.0000000E+00   3.5253244E+02
   1.0000000E-01   4.2999998E-02   8.7400004E-03   1.0000000E+00   3.5256799E+02
   1.0000000E-01   4.5000002E-02   8.7400004E-03   1.0000000E+00   3.5268445E+02
   1.0000000E-01   4.6999998E-02   8.7400004E-03   1.0000000E+00   3.5294958E+02
   1.0000000E-01   4.9000002E-02   8.7400004E-03   1.0000000E+00   3.5353259E+02
   1.0000000E-01   5.0999999E-02   8.7400004E-03   1.0000000E+00   3.5504044E+02
   1.0000000E-01   5.3000003E-02   8.7400004E-03   1.0000000E+00   3.5972095E+02
   1.0000000E-01   5.5000000E-02   8.7400004E-03   1.0000000E+00   3.7439813E+02
   1.0000000E-01   5.7000000E-02   8.7400004E-03   1.0000000E+00   4.1298090E+02
   1.0000000E-01   5.9000000E-02   8.7400004E-03   1.0000000E+00   4.8086984E+02
   1.0000000E-01   6.0999997E-02   8.7400004E-03   0.0000000E+00   2.9300000E+02
   1.0000000E-01   6.3000001E-02   8.7400004E-03   0.0000000E+00   2.9300000E+02
   1.0000000E-01   6.4999998E-02   8.7400004E-03   0.0000000E+00   2.9300000E+02
   1.0000000E-01   6.7000002E-02   8.7400004E-03   0.0000000E+00   2.9300000E+02
   1.0000000E-01   6.9000006E-02   8.7400004E-03   0.0000000E+00   2.9300000E+02
   1.0000000E-01   7.0999995E-02   8.7400004E-03   0.0000000E+00   2.9300000E+02
   1.0000000E-01   7.2999999E-02   8.7400004E-03   0.0000000E+00   2.9300000E+02
   1.0000000E-01   7.5000003E-02   8.7400004E-03   6.2265325E-01   3.5753088E+02
   1.0000000E-01   7.7000000E-02   8.7400004E-03   1.0000000E+00   3.5434207E+02
   1.0000000E-01   7.8999996E-02   8.7400004E-03   1.0000000E+00   3.5319781E+02
   1.0000000E-01   8.1000000E-02   8.7400004E-03   1.0000000E+00   3.5271738E+02
   1.0000000E-01   8.3000004E-02   8.7400004E-03   1.0000000E+00   3.5250601E+02
   1.0000000E-01   8.5000001E-02   8.7400004E-03   1.0000000E+00   3.5242761E+02
   1.0000000E-01   8.6999997E-02   8.7400004E-03   1.0000000E+00   3.5242050E+02
   1.0000000E-01   8.9000002E-02   8.7400004E-03   1.0000000E+00   3.5244803E+02
   1.0000000E-01   9.1000006E-02   8.7400004E-03   1.0000000E+00   3.5248822E+02
   1.0000000E-01   9.2999995E-02   8.7400004E-03   1.0000000E+00   3.5252924E+02
   1.0000000E-01   9.4999999E-02   8.7400004E-03   1.0000000E+00   3.5256567E+02
   1.0000000E-01   9.7000003E-02   8.7400004E-03   1.0000000E+00   3.5259586E+02
   1.0000000E-01   9.8999999E-02   8.7400004E-03   1.0000000E+00   3.5261993E+02
   1.0000000E-01   1.0100000E-01   8.7400004E-03   1.0000000E+00   3.5263867E+02
   1.0000000E-01   1.0300000E-01   8.7400004E-03   1.0000000E+00   3.5265308E+02
   1.0000000E-01   1.0500000E-01   8.7400004E-03   1.0000000E+00   3.5266403E+02
   1.0000000E-01   1.0700000E-01   8.7400004E-03   1.0000000E+00   3.5267230E+02
   1.0000000E-01   1.0900000E-01   8.7400004E-03   1.0000000E+00   3.5267856E+02
   1.0000000E-01   1.1100000E-01   8.7400004E-03   1.0000000E+00   3.5268323E+02
   1.0000000E-01   1.1300001E-01   8.7400004E-03   1.0000000E+00   3.5268671E+02
   1.0000000E-01   1.1499999E-01   8.7400004E-03   1.0000000E+00   3.5268924E+02
   1.0000000E-01   1.1700000E-01   8.7400004E-03   1.0000000E+00   3.5269107E+02
   1.0000000E-01   1.1900000E-01   8.7400004E-03   1.0000000E+00   3.5269235E+02
   1.0000000E-01   1.2100000E-01   8.7400004E-03   1.0000000E+00   3.5269315E+02
   1.0000000E-01   1.2633334E-01   8.7400004E-03   1.0000000E+00   3.5269431E+02
   1.0000000E-01   1.3733333E-01   8.7400004E-03   1.0000000E+00   3.5269049E+02
   1.0000000E-01   1.5200000E-01   8.7400004E-03   1.0000000E+00   3.5266934E+02
   1.0000000E-01   8.0000004E-03   1.0700000E-02   1.0000000E+00   3.5275119E+02
   1.0000000E-01   2.2666667E-02   1.0700000E-02   1.0000000E+00   3.5274054E+02
   1.0000000E-01   3.3666667E-02   1.0700000E-02   1.0000000E+00   3.5268115E+02
   1.0000000E-01   3.8999997E-02   1.0700000E-02   1.0000000E+00   3.5261563E+02
   1.0000000E-01   4.1000001E-02   1.0700000E-02   1.0000000E+00   3.5260626E+02
   1.0000000E-01   4.2999998E-02   1.0700000E-02   1.0000000E+00   3.5262729E+02
   1.0000000E-01   4.5000002E-02   1.0700000E-02   1.0000000E+00   3.5270432E+02
   1.0000000E-01   4.6999998E-02   1.0700000E-02   1.0000000E+00   3.5287717E+02
   1.0000000E-01   4.9000002E-02   1.0700000E-02   1.0000000E+00   3.5322058E+02
   1.0000000E-01   5.0999999E-02   1.0700000E-02   1.0000000E+00   3.5394824E+02
   1.0000000E-01   5.3000003E-02   1.0700000E-02   1.0000000E+00   3.5578064E+02
   1.0000000E-01   5.5000000E-02   1.0700000E-02   1.0000000E+00   3.6073557E+02
   1.0000000E-01   5.7000000E-02   1.0700000E-02   1.0000000E+00   3.7218411E+02
   1.0000000E-01   5.9000000E-02   1.0700000E-02   1.0000000E+00   3.8875656E+02
   1.0000000E-01   6.0999997E-02   1.0700000E-02   0.0000000E+00   2.9300000E+02
   1.0000000E-01   6.3000001E-02   1.0700000E-02   0.0000000E+00   2.9300000E+02
   1.0000000E-01   6.4999998E-02   1.0700000E-02   0.0000000E+00   2.9300000E+02
   1.0000000E-01   6.7000002E-02   1.0700000E-02   0.0000000E+00   2.9300000E+02
   1.0000000E-01   6.9000006E-02   1.0700000E-02   0.0000000E+00   2.9300000E+02
   1.0000000E-01   7.0999995E-02   1.0700000E-02   0.0000000E+00   2.9300000E+02
   1.0000000E-01   7.2999999E-02   1.0700000E-02   0.0000000E+00   2.9300000E+02
   1.0000000E-01   7.5000003E-02   1.0700000E-02   1.0000026E-02   3.5443796E+02
   1.0000000E-01   7.7000000E-02   1.0700000E-02   6.4000016E-01   3.5317603E+02
   1.0000000E-01   7.8999996E-02   1.0700000E-02   1.0000000E+00   3.5277368E+02
   1.0000000E-01   8.1000000E-02   1.0700000E-02   1.0000000E+00   3.5257001E+02
   1.0000000E-01   8.3000004E-02   1.0700000E-02   1.0000000E+00   3.5247583E+02
   1.0000000E-01   8.5000001E-02   1.0700000E-02   1.0000000E+00   3.5245145E+02
   1.0000000E-01   8.6999997E-02   1.0700000E-02   1.0000000E+00   3.5246774E+02
   1.0000000E-01   8.9000002E-02   1.0700000E-02   1.0000000E+00   3.5250357E+02
   1.0000000E-01   9.1000006E-02   1.0700000E-02   1.0000000E+00   3.5254526E+02
   1.0000000E-01   9.2999995E-02   1.0700000E-02   1.0000000E+00   3.5258527E+02
   1.0000000E-01   9.4999999E-02   1.0700000E-02   1.0000000E+00   3.5262018E+02
   1.0000000E-01   9.7000003E-02   1.0700000E-02   1.0000000E+00   3.5264914E+02
   1.0000000E-01   9.8999999E-02   1.0700000E-02   1.0000000E+00   3.5267239E+02
   1.0000000E-01   1.0100000E-01   1.0700000E-02   1.0000000E+00   3.5269077E+02
   1.0000000E-01   1.0300000E-01   1.0700000E-02   1.0000000E+00   3.5270508E+02
   1.0000000E-01   1.0500000E-01   1.0700000E-02   1.0000000E+00   3.5271616E+02
   1.0000000E-01   1.0700000E-01   1.0700000E-02   1.0000000E+00   3.5272470E+02
   1.0000000E-01   1.0900000E-01   1.0700000E-02   1.0000000E+00   3.5273123E+02
   1.0000000E-01   1.1100000E-01   1.0700000E-02   1.0000000E+00   3.5273624E+02
   1.0000000E-01   1.1300001E-01   1.0700000E-02   1.0000000E+00   3.5274002E+02
   1.0000000E-01   1.1499999E-01   1.0700000E-02   1.0000000E+00   3.5274283E+02
   1.0000000E-01   1.1700000E-01   1.0700000E-02   1.0000000E+00   3.5274493E+02
   1.0000000E-01   1.1900000E-01   1.0700000E-02   1.0000000E+00   3.5274640E+02
   1.0000000E-01   1.2100000E-01   1.0700000E-02   1.0000000E+00   3.5274741E+02
   1.0000000E-01   1.2633334E-01   1.0700000E-02   1.0000000E+00   3.5274896E+02
   1.0000000E-01   1.3733333E-01   1.0700000E-02   1.0000000E+00   3.5274585E+02
   1.0000000E-01   1.5200000E-01   1.0700000E-02   1.0000000E+00   3.5272845E+02
   1.0000000E-01   8.0000004E-03   1.2660000E-02   1.0000000E+00   3.5279477E+02
   1.0000000E-01   2.2666667E-02   1.2660000E-02   1.0000000E+00   3.5278549E+02
   1.0000000E-01   3.3666667E-02   1.2660000E-02   1.0000000E+00   3.5273447E+02
   1.0000000E-01   3.8999997E-02   1.2660000E-02   1.0000000E+00   3.5267569E+02
   1.0000000E-01   4.1000001E-02   1.2660000E-02   1.0000000E+00   3.5266306E+02
   1.0000000E-01   4.2999998E-02   1.2660000E-02   1.0000000E+00   3.5266977E+02
   1.0000000E-01   4.5000002E-02   1.2660000E-02   1.0000000E+00   3.5271231E+02
   1.0000000E-01   4.6999998E-02   1.2660000E-02   1.0000000E+00   3.5281381E+02
   1.0000000E-01   4.9000002E-02   1.2660000E-02   1.0000000E+00   3.5300687E+02
   1.0000000E-01   5.0999999E-02   1.2660000E-02   1.0000000E+00   3.5335449E+02
   1.0000000E-01   5.3000003E-02   1.2660000E-02   1.0000000E+00   3.5403375E+02
   1.0000000E-01   5.5000000E-02   1.2660000E-02   1.0000000E+00   3.5550308E+02
   1.0000000E-01   5.7000000E-02   1.2660000E-02   1.0000000E+00   3.5840823E+02
   1.0000000E-01   5.9000000E-02   1.2660000E-02   1.0000000E+00   3.6204050E+02
   1.0000000E-01   6.0999997E-02   1.2660000E-02   0.0000000E+00   2.9300000E+02
   1.0000000E-01   6.3000001E-02   1.2660000E-02   0.0000000E+00   2.9300000E+02
   1.0000000E-01   6.4999998E-02   1.2660000E-02   0.0000000E+00   2.9300000E+02
   1.0000000E-01   6.7000002E-02   1.2660000E-02   0.0000000E+00   2.9300000E+02
   1.0000000E-01   6.9000006E-02   1.2660000E-02   0.0000000E+00   2.9300000E+02
   1.0000000E-01   7.0999995E-02   1.2660000E-02   0.0000000E+00   2.9300000E+02
   1.0000000E-01   7.2999999E-02   1.2660000E-02   0.0000000E+00   2.9300000E+02
   1.0000000E-01   7.5000003E-02   1.2660000E-02   0.0000000E+00   2.9300000E+02
   1.0000000E-01   7.7000000E-02   1.2660000E-02   1.3061253E-02   3.5275049E+02
   1.0000000E-01   7.8999996E-02   1.2660000E-02   6.5693891E-01   3.5252972E+02
   1.0000000E-01   8.1000000E-02   1.2660000E-02   1.0000000E+00   3.5246802E+02
   1.0000000E-01   8.3000004E-02   1.2660000E-02   1.0000000E+00   3.5245224E+02
   1.0000000E-01   8.5000001E-02   1.2660000E-02   1.0000000E+00   3.5246823E+02
   1.0000000E-01   8.6999997E-02   1.2660000E-02   1.0000000E+00   3.5250305E+02
   1.0000000E-01   8.9000002E-02   1.2660000E-02   1.0000000E+00   3.5254568E+02
   1.0000000E-01   9.1000006E-02   1.2660000E-02   1.0000000E+00   3.5258868E+02
   1.0000000E-01   9.2999995E-02   1.2660000E-02   1.0000000E+00   3.5262790E+02
   1.0000000E-01   9.4999999E-02   1.2660000E-02   1.0000000E+00   3.5266165E+02
   1.0000000E-01   9.7000003E-02   1.2660000E-02   1.0000000E+00   3.5268964E+02
   1.0000000E-01   9.8999999E-02   1.2660000E-02   1.0000000E+00   3.5271234E+02
   1.0000000E-01   1.0100000E-01   1.2660000E-02   1.0000000E+00   3.5273050E+02
   1.0000000E-01   1.0300000E-01   1.2660000E-02   1.0000000E+00   3.5274490E+02
   1.0000000E-01   1.0500000E-01   1.2660000E-02   1.0000000E+00   3.5275626E+02
   1.0000000E-01   1.0700000E-01   1.2660000E-02   1.0000000E+00   3.5276514E+02
   1.0000000E-01   1.0900000E-01   1.2660000E-02   1.0000000E+00   3.5277209E+02
   1.0000000E-01   1.1100000E-01   1.2660000E-02   1.0000000E+00   3.5277750E+02
   1.0000000E-01   1.1300001E-01   1.2660000E-02   1.0000000E+00   3.5278165E+02
   1.0000000E-01   1.1499999E-01   1.2660000E-02   1.0000000E+00   3.5278485E+02
   1.0000000E-01   1.1700000E-01   1.2660000E-02   1.0000000E+00   3.5278723E+02
   1.0000000E-01   1.1900000E-01   1.2660000E-02   1.0000000E+00   3.5278897E+02
   1.0000000E-01   1.2100000E-01   1.2660000E-02   1.0000000E+00   3.5279019E+02
   1.0000000E-01   1.2633334E-01   1.2660000E-02   1.0000000E+00   3.5279227E+02
   1.0000000E-01   1.3733333E-01   1.2660000E-02   1.0000000E+00   3.5278992E+02
   1.0000000E-01   1.5200000E-01   1.2660000E-02   1.0000000E+00   3.5277563E+02
   1.0000000E-01   8.0000004E-03   1.4620000E-02   1.0000000E+00   3.5282751E+02
   1.0000000E-01   2.2666667E-02   1.4620000E-02   1.0000000E+00   3.5281949E+02
   1.0000000E-01   3.3666667E-02   1.4620000E-02   1.0000000E+00   3.5277563E+02
   1.0000000E-01   3.8999997E-02   1.4620000E-02   1.0000000E+00   3.5272147E+02
   1.0000000E-01   4.1000001E-02   1.4620000E-02   1.0000000E+00   3.5270569E+02
   1.0000000E-01   4.2999998E-02   1.4620000E-02   1.0000000E+00   3.5270053E+02
   1.0000000E-01   4.5000002E-02   1.4620000E-02   1.0000000E+00   3.5271585E+02
   1.0000000E-01   4.6999998E-02   1.4620000E-02   1.0000000E+00   3.5276492E+02
   1.0000000E-01   4.9000002E-02   1.4620000E-02   1.0000000E+00   3.5286273E+02
   1.0000000E-01   5.0999999E-02   1.4620000E-02   1.0000000E+00   3.5302646E+02
   1.0000000E-01   5.3000003E-02   1.4620000E-02   1.0000000E+00   3.5328690E+02
   1.0000000E-01   5.5000000E-02   1.4620000E-02   1.0000000E+00   3.5371512E+02
   1.0000000E-01   5.7000000E-02   1.4620000E-02   1.0000000E+00   3.5438962E+02
   1.0000000E-01   5.9000000E-02   1.4620000E-02   1.0000000E+00   3.5509024E+02
   1.0000000E-01   6.0999997E-02   1.4620000E-02   0.0000000E+00   2.9300000E+02
   1.0000000E-01   6.3000001E-02   1.4620000E-02   0.0000000E+00   2.9300000E+02
   1.0000000E-01   6.4999998E-02   1.4620000E-02   0.0000000E+00   2.9300000E+02
   1.0000000E-01   6.7000002E-02   1.4620000E-02   0.0000000E+00   2.9300000E+02
   1.0000000E-01   6.9000006E-02   1.4620000E-02   0.0000000E+00   2.9300000E+02
   1.0000000E-01   7.0999995E-02   1.4620000E-02   0.0000000E+00   2.9300000E+02
   1.0000000E-01   7.2999999E-02   1.4620000E-02   0.0000000E+00   2.9300000E+02
   1.0000000E-01   7.5000003E-02   1.4620000E-02   0.0000000E+00   2.9300000E+02
   1.0000000E-01   7.7000000E-02   1.4620000E-02   0.0000000E+00   2.9300000E+02
   1.0000000E-01   7.8999996E-02   1.4620000E-02   1.6530646E-02   3.5242389E+02
   1.0000000E-01   8.1000000E-02   1.4620000E-02   6.7346954E-01   3.5240134E+02
   1.0000000E-01   8.3000004E-02   1.4620000E-02   1.0000000E+00   3.5243842E+02
   1.0000000E-01   8.5000001E-02   1.4620000E-02   1.0000000E+00   3.5248093E+02
   1.0000000E-01   8.6999997E-02   1.4620000E-02   1.0000000E+00   3.5252808E+02
   1.0000000E-01   8.9000002E-02   1.4620000E-02   1.0000000E+00   3.5257516E+02
   1.0000000E-01   9.1000006E-02   1.4620000E-02   1.0000000E+00   3.5261890E+02
   1.0000000E-01   9.2999995E-02   1.4620000E-02   1.0000000E+00   3.5265750E+02
   1.0000000E-01   9.4999999E-02   1.4620000E-02   1.0000000E+00   3.5269037E+02
   1.0000000E-01   9.7000003E-02   1.4620000E-02   1.0000000E+00   3.5271774E+02
   1.0000000E-01   9.8999999E-02   1.4620000E-02   1.0000000E+00   3.5274017E+02
   1.0000000E-01   1.0100000E-01   1.4620000E-02   1.0000000E+00   3.5275836E+02
   1.0000000E-01   1.0300000E-01   1.4620000E-02   1.0000000E+00   3.5277301E+02
   1.0000000E-01   1.0500000E-01   1.4620000E-02   1.0000000E+00   3.5278476E+02
   1.0000000E-01   1.0700000E-01   1.4620000E-02   1.0000000E+00   3.5279416E+02
   1.0000000E-01   1.0900000E-01   1.4620000E-02   1.0000000E+00   3.5280161E+02
   1.0000000E-01   1.1100000E-01   1.4620000E-02   1.0000000E+00   3.5280753E+02
   1.0000000E-01   1.1300001E-01   1.4620000E-02   1.0000000E+00   3.5281213E+02
   1.0000000E-01   1.1499999E-01   1.4620000E-02   1.0000000E+00   3.5281573E+02
   1.0000000E-01   1.1700000E-01   1.4620000E-02   1.0000000E+00   3.5281851E+02
   1.0000000E-01   1.1900000E-01   1.4620000E-02   1.0000000E+00   3.5282056E+02
   1.0000000E-01   1.2100000E-01   1.4620000E-02   1.0000000E+00   3.5282205E+02
   1.0000000E-01   1.2633334E-01   1.4620000E-02   1.0000000E+00   3.5282468E+02
   1.0000000E-01   1.3733333E-01   1.4620000E-02   1.0000000E+00   3.5282312E+02
   1.0000000E-01   1.5200000E-01   1.4620000E-02   1.0000000E+00   3.5281137E+02
   1.0000000E-01   8.0000004E-03   1.6580001E-02   1.0000000E+00   3.5284985E+02
   1.0000000E-01   2.2666667E-02   1.6580001E-02   1.0000000E+00   3.5284296E+02
   1.0000000E-01   3.3666667E-02   1.6580001E-02   1.0000000E+00   3.5280502E+02
   1.0000000E-01   3.8999997E-02   1.6580001E-02   1.0000000E+00   3.5275430E+02
   1.0000000E-01   4.1000001E-02   1.6580001E-02   1.0000000E+00   3.5273621E+02
   1.0000000E-01   4.2999998E-02   1.6580001E-02   1.0000000E+00   3.5272238E+02
   1.0000000E-01   4.5000002E-02   1.6580001E-02   1.0000000E+00   3.5271823E+02
   1.0000000E-01   4.6999998E-02   1.6580001E-02   1.0000000E+00   3.5273090E+02
   1.0000000E-01   4.9000002E-02   1.6580001E-02   1.0000000E+00   3.5276749E+02
   1.0000000E-01   5.0999999E-02   1.6580001E-02   1.0000000E+00   3.5283264E+02
   1.0000000E-01   5.3000003E-02   1.6580001E-02   1.0000000E+00   3.5292679E+02
   1.0000000E-01   5.5000000E-02   1.6580001E-02   1.0000000E+00   3.5304800E+02
   1.0000000E-01   5.7000000E-02   1.6580001E-02   1.0000000E+00   3.5318533E+02
   1.0000000E-01   5.9000000E-02   1.6580001E-02   1.0000000E+00   3.5327151E+02
   1.0000000E-01   6.0999997E-02   1.6580001E-02   0.0000000E+00   2.9300000E+02
   1.0000000E-01   6.3000001E-02   1.6580001E-02   0.0000000E+00   2.9300000E+02
   1.0000000E-01   6.4999998E-02   1.6580001E-02   0.0000000E+00   2.9300000E+02
   1.0000000E-01   6.7000002E-02   1.6580001E-02   0.0000000E+00   2.9300000E+02
   1.0000000E-01   6.9000006E-02   1.6580001E-02   0.0000000E+00   2.9300000E+02
   1.0000000E-01   7.0999995E-02   1.6580001E-02   0.0000000E+00   2.9300000E+02
   1.0000000E-01   7.2999999E-02   1.6580001E-02   0.0000000E+00   2.9300000E+02
   1.0000000E-01   7.5000003E-02   1.6580001E-02   0.0000000E+00   2.9300000E+02
   1.0000000E-01   7.7000000E-02   1.6580001E-02   0.0000000E+00   2.9300000E+02
   1.0000000E-01   7.8999996E-02   1.6580001E-02   0.0000000E+00   2.9300000E+02
   1.0000000E-01   8.1000000E-02   1.6580001E-02   2.0408200E-02   3.5238678E+02
   1.0000000E-01   8.3000004E-02   1.6580001E-02   6.8959200E-01   3.5242618E+02
   1.0000000E-01   8.5000001E-02   1.6580001E-02   1.0000000E+00   3.5248926E+02
   1.0000000E-01   8.6999997E-02   1.6580001E-02   1.0000000E+00   3.5254318E+02
   1.0000000E-01   8.9000002E-02   1.6580001E-02   1.0000000E+00   3.5259256E+02
   1.0000000E-01   9.1000006E-02   1.6580001E-02   1.0000000E+00   3.5263644E+02
   1.0000000E-01   9.2999995E-02   1.6580001E-02   1.0000000E+00   3.5267450E+02
   1.0000000E-01   9.4999999E-02   1.6580001E-02   1.0000000E+00   3.5270682E+02
   1.0000000E-01   9.7000003E-02   1.6580001E-02   1.0000000E+00   3.5273389E+02
   1.0000000E-01   9.8999999E-02   1.6580001E-02   1.0000000E+00   3.5275632E+02
   1.0000000E-01   1.0100000E-01   1.6580001E-02   1.0000000E+00   3.5277478E+02
   1.0000000E-01   1.0300000E-01   1.6580001E-02   1.0000000E+00   3.5278989E+02
   1.0000000E-01   1.0500000E-01   1.6580001E-02   1.0000000E+00   3.5280219E+02
   1.0000000E-01   1.0700000E-01   1.6580001E-02   1.0000000E+00   3.5281219E+02
   1.0000000E-01   1.0900000E-01   1.6580001E-02   1.0000000E+00   3.5282025E+02
   1.0000000E-01   1.1100000E-01   1.6580001E-02   1.0000000E+00   3.5282675E+02
   1.0000000E-01   1.1300001E-01   1.6580001E-02   1.0000000E+00   3.5283191E+02
   1.0000000E-01   1.1499999E-01   1.6580001E-02   1.0000000E+00   3.5283600E+02
   1.0000000E-01   1.1700000E-01   1.6580001E-02   1.0000000E+00   3.5283917E+02
   1.0000000E-01   1.1900000E-01   1.6580001E-02   1.0000000E+00   3.5284158E+02
   1.0000000E-01   1.2100000E-01   1.6580001E-02   1.0000000E+00   3.5284335E+02
   1.0000000E-01   1.2633334E-01   1.6580001E-02   1.0000000E+00   3.5284668E+02
   1.0000000E-01   1.3733333E-01   1.6580001E-02   1.0000000E+00   3.5284586E+02
   1.0000000E-01   1.5200000E-01   1.6580001E-02   1.0000000E+00   3.5283609E+02
   1.0000000E-01   8.0000004E-03   1.8539999E-02   1.0000000E+00   3.5286218E+02
   1.0000000E-01   2.2666667E-02   1.8539999E-02   1.0000000E+00   3.5285620E+02
   1.0000000E-01   3.3666667E-02   1.8539999E-02   1.0000000E+00   3.5282300E+02
   1.0000000E-01   3.8999997E-02   1.8539999E-02   1.0000000E+00   3.5277509E+02
   1.0000000E-01   4.1000001E-02   1.8539999E-02   1.0000000E+00   3.5275565E+02
   1.0000000E-01   4.2999998E-02   1.8539999E-02   1.0000000E+00   3.5273618E+02
   1.0000000E-01   4.5000002E-02   1.8539999E-02   1.0000000E+00   3.5271933E+02
   1.0000000E-01   4.6999998E-02   1.8539999E-02   1.0000000E+00   3.5270850E+02
   1.0000000E-01   4.9000002E-02   1.8539999E-02   1.0000000E+00   3.5270685E+02
   1.0000000E-01   5.0999999E-02   1.8539999E-02   1.0000000E+00   3.5271533E+02
   1.0000000E-01   5.3000003E-02   1.8539999E-02   1.0000000E+00   3.5273053E+02
   1.0000000E-01   5.5000000E-02   1.8539999E-02   1.0000000E+00   3.5274344E+02
   1.0000000E-01   5.7000000E-02   1.8539999E-02   1.0000000E+00   3.5273911E+02
   1.0000000E-01   5.9000000E-02   1.8539999E-02   1.0000000E+00   3.5269284E+02
   1.0000000E-01   6.0999997E-02   1.8539999E-02   0.0000000E+00   2.9300000E+02
   1.0000000E-01   6.3000001E-02   1.8539999E-02   0.0000000E+00   2.9300000E+02
   1.0000000E-01   6.4999998E-02   1.8539999E-02   0.0000000E+00   2.9300000E+02
   1.0000000E-01   6.7000002E-02   1.8539999E-02   0.0000000E+00   2.9300000E+02
   1.0000000E-01   6.9000006E-02   1.8539999E-02   0.0000000E+00   2.9300000E+02
   1.0000000E-01   7.0999995E-02   1.8539999E-02   0.0000000E+00   2.9300000E+02
   1.0000000E-01   7.2999999E-02   1.8539999E-02   0.0000000E+00   2.9300000E+02
   1.0000000E-01   7.5000003E-02   1.8539999E-02   0.0000000E+00   2.9300000E+02
   1.0000000E-01   7.7000000E-02   1.8539999E-02   0.0000000E+00   2.9300000E+02
   1.0000000E-01   7.8999996E-02   1.8539999E-02   0.0000000E+00   2.9300000E+02
   1.0000000E-01   8.1000000E-02   1.8539999E-02   0.0000000E+00   2.9300000E+02
   1.0000000E-01   8.3000004E-02   1.8539999E-02   2.4693917E-02   3.5243417E+02
   1.0000000E-01   8.5000001E-02   1.8539999E-02   7.0530623E-01   3.5248489E+02
   1.0000000E-01   8.6999997E-02   1.8539999E-02   1.0000000E+00   3.5254800E+02
   1.0000000E-01   8.9000002E-02   1.8539999E-02   1.0000000E+00   3.5259808E+02
   1.0000000E-01   9.1000006E-02   1.8539999E-02   1.0000000E+00   3.5264175E+02
   1.0000000E-01   9.2999995E-02   1.8539999E-02   1.0000000E+00   3.5267938E+02
   1.0000000E-01   9.4999999E-02   1.8539999E-02   1.0000000E+00   3.5271146E+02
   1.0000000E-01   9.7000003E-02   1.8539999E-02   1.0000000E+00   3.5273856E+02
   1.0000000E-01   9.8999999E-02   1.8539999E-02   1.0000000E+00   3.5276126E+02
   1.0000000E-01   1.0100000E-01   1.8539999E-02   1.0000000E+00   3.5278021E+02
   1.0000000E-01   1.0300000E-01   1.8539999E-02   1.0000000E+00   3.5279593E+02
   1.0000000E-01   1.0500000E-01   1.8539999E-02   1.0000000E+00   3.5280890E+02
   1.0000000E-01   1.0700000E-01   1.8539999E-02   1.0000000E+00   3.5281961E+02
   1.0000000E-01   1.0900000E-01   1.8539999E-02   1.0000000E+00   3.5282837E+02
   1.0000000E-01   1.1100000E-01   1.8539999E-02   1.0000000E+00   3.5283554E+02
   1.0000000E-01   1.1300001E-01   1.8539999E-02   1.0000000E+00   3.5284131E+02
   1.0000000E-01   1.1499999E-01   1.8539999E-02   1.0000000E+00   3.5284595E+02
   1.0000000E-01   1.1700000E-01   1.8539999E-02   1.0000000E+00   3.5284958E+02
   1.0000000E-01   1.1900000E-01   1.8539999E-02   1.0000000E+00   3.5285239E+02
   1.0000000E-01   1.2100000E-01   1.8539999E-02   1.0000000E+00   3.5285449E+02
   1.0000000E-01   1.2633334E-01   1.8539999E-02   1.0000000E+00   3.5285852E+02
   1.0000000E-01   1.3733333E-01   1.8539999E-02   1.0000000E+00   3.5285843E+02
   1.0000000E-01   1.5200000E-01   1.8539999E-02   1.0000000E+00   3.5285019E+02
   1.0000000E-01   8.0000004E-03   2.0500001E-02   1.0000000E+00   3.5286462E+02
   1.0000000E-01   2.2666667E-02   2.0500001E-02   1.0000000E+00   3.5285944E+02
   1.0000000E-01   3.3666667E-02   2.0500001E-02   1.0000000E+00   3.5282996E+02
   1.0000000E-01   3.8999997E-02   2.0500001E-02   1.0000000E+00   3.5278442E+02
   1.0000000E-01   4.1000001E-02   2.0500001E-02   1.0000000E+00   3.5276437E+02
   1.0000000E-01   4.2999998E-02   2.0500001E-02   1.0000000E+00   3.5274170E+02
   1.0000000E-01   4.5000002E-02   2.0500001E-02   1.0000000E+00   3.5271732E+02
   1.0000000E-01   4.6999998E-02   2.0500001E-02   1.0000000E+00   3.5269250E+02
   1.0000000E-01   4.9000002E-02   2.0500001E-02   1.0000000E+00   3.5266827E+02
   1.0000000E-01   5.0999999E-02   2.0500001E-02   1.0000000E+00   3.5264438E+02
   1.0000000E-01   5.3000003E-02   2.0500001E-02   1.0000000E+00   3.5261798E+02
   1.0000000E-01   5.5000000E-02   2.0500001E-02   1.0000000E+00   3.5258279E+02
   1.0000000E-01   5.7000000E-02   2.0500001E-02   1.0000000E+00   3.5252960E+02
   1.0000000E-01   5.9000000E-02   2.0500001E-02   1.0000000E+00   3.5244757E+02
   1.0000000E-01   6.0999997E-02   2.0500001E-02   0.0000000E+00   2.9300000E+02
   1.0000000E-01   6.3000001E-02   2.0500001E-02   0.0000000E+00   2.9300000E+02
   1.0000000E-01   6.4999998E-02   2.0500001E-02   0.0000000E+00   2.9300000E+02
   1.0000000E-01   6.7000002E-02   2.0500001E-02   0.0000000E+00   2.9300000E+02
   1.0000000E-01   6.9000006E-02   2.0500001E-02   0.0000000E+00   2.9300000E+02
   1.0000000E-01   7.0999995E-02   2.0500001E-02   0.0000000E+00   2.9300000E+02
   1.0000000E-01   7.2999999E-02   2.0500001E-02   0.0000000E+00   2.9300000E+02
   1.0000000E-01   7.5000003E-02   2.0500001E-02   0.0000000E+00   2.9300000E+02
   1.0000000E-01   7.7000000E-02   2.0500001E-02   0.0000000E+00   2.9300000E+02
   1.0000000E-01   7.8999996E-02   2.0500001E-02   0.0000000E+00   2.9300000E+02
   1.0000000E-01   8.1000000E-02   2.0500001E-02   0.0000000E+00   2.9300000E+02
   1.0000000E-01   8.3000004E-02   2.0500001E-02   0.0000000E+00   2.9300000E+02
   1.0000000E-01   8.5000001E-02   2.0500001E-02   2.9387798E-02   3.5249002E+02
   1.0000000E-01   8.6999997E-02   2.0500001E-02   7.2061241E-01   3.5253561E+02
   1.0000000E-01   8.9000002E-02   2.0500001E-02   1.0000000E+00   3.5259201E+02
   1.0000000E-01   9.1000006E-02   2.0500001E-02   1.0000000E+00   3.5263531E+02
   1.0000000E-01   9.2999995E-02   2.0500001E-02   1.0000000E+00   3.5267270E+02
   1.0000000E-01   9.4999999E-02   2.0500001E-02   1.0000000E+00   3.5270483E+02
   1.0000000E-01   9.7000003E-02   2.0500001E-02   1.0000000E+00   3.5273221E+02
   1.0000000E-01   9.8999999E-02   2.0500001E-02   1.0000000E+00   3.5275543E+02
   1.0000000E-01   1.0100000E-01   2.0500001E-02   1.0000000E+00   3.5277499E+02
   1.0000000E-01   1.0300000E-01   2.0500001E-02   1.0000000E+00   3.5279144E+02
   1.0000000E-01   1.0500000E-01   2.0500001E-02   1.0000000E+00   3.5280521E+02
   1.0000000E-01   1.0700000E-01   2.0500001E-02   1.0000000E+00   3.5281671E+02
   1.0000000E-01   1.0900000E-01   2.0500001E-02   1.0000000E+00   3.5282623E+02
   1.0000000E-01   1.1100000E-01   2.0500001E-02   1.0000000E+00   3.5283411E+02
   1.0000000E-01   1.1300001E-01   2.0500001E-02   1.0000000E+00   3.5284058E+02
   1.0000000E-01   1.1499999E-01   2.0500001E-02   1.0000000E+00   3.5284579E+02
   1.0000000E-01   1.1700000E-01   2.0500001E-02   1.0000000E+00   3.5284995E+02
   1.0000000E-01   1.1900000E-01   2.0500001E-02   1.0000000E+00   3.5285318E+02
   1.0000000E-01   1.2100000E-01   2.0500001E-02   1.0000000E+00   3.5285565E+02
   1.0000000E-01   1.2633334E-01   2.0500001E-02   1.0000000E+00   3.5286047E+02
   1.0000000E-01   1.3733333E-01   2.0500001E-02   1.0000000E+00   3.5286105E+02
   1.0000000E-01   1.5200000E-01   2.0500001E-02   1.0000000E+00   3.5285385E+02
   1.0000000E-01   8.0000004E-03   2.2459999E-02   1.0000000E+00   3.5285730E+02
   1.0000000E-01   2.2666667E-02   2.2459999E-02   1.0000000E+00   3.5285266E+02
   1.0000000E-01   3.3666667E-02   2.2459999E-02   1.0000000E+00   3.5282605E+02
   1.0000000E-01   3.8999997E-02   2.2459999E-02   1.0000000E+00   3.5278256E+02
   1.0000000E-01   4.1000001E-02   2.2459999E-02   1.0000000E+00   3.5276239E+02
   1.0000000E-01   4.2999998E-02   2.2459999E-02   1.0000000E+00   3.5273813E+02
   1.0000000E-01   4.5000002E-02   2.2459999E-02   1.0000000E+00   3.5270972E+02
   1.0000000E-01   4.6999998E-02   2.2459999E-02   1.0000000E+00   3.5267725E+02
   1.0000000E-01   4.9000002E-02   2.2459999E-02   1.0000000E+00   3.5264062E+02
   1.0000000E-01   5.0999999E-02   2.2459999E-02   1.0000000E+00   3.5259915E+02
   1.0000000E-01   5.3000003E-02   2.2459999E-02   1.0000000E+00   3.5255078E+02
   1.0000000E-01   5.5000000E-02   2.2459999E-02   1.0000000E+00   3.5249179E+02
   1.0000000E-01   5.7000000E-02   2.2459999E-02   1.0000000E+00   3.5241721E+02
   1.0000000E-01   5.9000000E-02   2.2459999E-02   1.0000000E+00   3.5232187E+02
   1.0000000E-01   6.0999997E-02   2.2459999E-02   0.0000000E+00   2.9300000E+02
   1.0000000E-01   6.3000001E-02   2.2459999E-02   0.0000000E+00   2.9300000E+02
   1.0000000E-01   6.4999998E-02   2.2459999E-02   0.0000000E+00   2.9300000E+02
   1.0000000E-01   6.7000002E-02   2.2459999E-02   0.0000000E+00   2.9300000E+02
   1.0000000E-01   6.9000006E-02   2.2459999E-02   0.0000000E+00   2.9300000E+02
   1.0000000E-01   7.0999995E-02   2.2459999E-02   0.0000000E+00   2.9300000E+02
   1.0000000E-01   7.2999999E-02   2.2459999E-02   0.0000000E+00   2.9300000E+02
   1.0000000E-01   7.5000003E-02   2.2459999E-02   0.0000000E+00   2.9300000E+02
   1.0000000E-01   7.7000000E-02   2.2459999E-02   0.0000000E+00   2.9300000E+02
   1.0000000E-01   7.8999996E-02   2.2459999E-02   0.0000000E+00   2.9300000E+02
   1.0000000E-01   8.1000000E-02   2.2459999E-02   0.0000000E+00   2.9300000E+02
   1.0000000E-01   8.3000004E-02   2.2459999E-02   0.0000000E+00   2.9300000E+02
   1.0000000E-01   8.5000001E-02   2.2459999E-02   0.0000000E+00   2.9300000E+02
   1.0000000E-01   8.6999997E-02   2.2459999E-02   3.4489844E-02   3.5253177E+02
   1.0000000E-01   8.9000002E-02   2.2459999E-02   7.3551035E-01   3.5256842E+02
   1.0000000E-01   9.1000006E-02   2.2459999E-02   1.0000000E+00   3.5261768E+02
   1.0000000E-01   9.2999995E-02   2.2459999E-02   1.0000000E+00   3.5265506E+02
   1.0000000E-01   9.4999999E-02   2.2459999E-02   1.0000000E+00   3.5268744E+02
   1.0000000E-01   9.7000003E-02   2.2459999E-02   1.0000000E+00   3.5271530E+02
   1.0000000E-01   9.8999999E-02   2.2459999E-02   1.0000000E+00   3.5273917E+02
   1.0000000E-01   1.0100000E-01   2.2459999E-02   1.0000000E+00   3.5275949E+02
   1.0000000E-01   1.0300000E-01   2.2459999E-02   1.0000000E+00   3.5277670E+02
   1.0000000E-01   1.0500000E-01   2.2459999E-02   1.0000000E+00   3.5279129E+02
   1.0000000E-01   1.0700000E-01   2.2459999E-02   1.0000000E+00   3.5280359E+02
   1.0000000E-01   1.0900000E-01   2.2459999E-02   1.0000000E+00   3.5281393E+02
   1.0000000E-01   1.1100000E-01   2.2459999E-02   1.0000000E+00   3.5282260E+02
   1.0000000E-01   1.1300001E-01   2.2459999E-02   1.0000000E+00   3.5282977E+02
   1.0000000E-01   1.1499999E-01   2.2459999E-02   1.0000000E+00   3.5283563E+02
   1.0000000E-01   1.1700000E-01   2.2459999E-02   1.0000000E+00   3.5284033E+02
   1.0000000E-01   1.1900000E-01   2.2459999E-02   1.0000000E+00   3.5284406E+02
   1.0000000E-01   1.2100000E-01   2.2459999E-02   1.0000000E+00   3.5284689E+02
   1.0000000E-01   1.2633334E-01   2.2459999E-02   1.0000000E+00   3.5285254E+02
   1.0000000E-01   1.3733333E-01   2.2459999E-02   1.0000000E+00   3.5285376E+02
   1.0000000E-01   1.5200000E-01   2.2459999E-02   1.0000000E+00   3.5284717E+02
   1.0000000E-01   8.0000004E-03   2.4420001E-02   1.0000000E+00   3.5284000E+02
   1.0000000E-01   2.2666667E-02   2.4420001E-02   1.0000000E+00   3.5283582E+02
   1.0000000E-01   3.3666667E-02   2.4420001E-02   1.0000000E+00   3.5281137E+02
   1.0000000E-01   3.8999997E-02   2.4420001E-02   1.0000000E+00   3.5276953E+02
   1.0000000E-01   4.1000001E-02   2.4420001E-02   1.0000000E+00   3.5274957E+02
   1.0000000E-01   4.2999998E-02   2.4420001E-02   1.0000000E+00   3.5272467E+02
   1.0000000E-01   4.5000002E-02   2.4420001E-02   1.0000000E+00   3.5269437E+02
   1.0000000E-01   4.6999998E-02   2.4420001E-02   1.0000000E+00   3.5265808E+02
   1.0000000E-01   4.9000002E-02   2.4420001E-02   1.0000000E+00   3.5261520E+02
   1.0000000E-01   5.0999999E-02   2.4420001E-02   1.0000000E+00   3.5256482E+02
   1.0000000E-01   5.3000003E-02   2.4420001E-02   1.0000000E+00   3.5250540E+02
   1.0000000E-01   5.5000000E-02   2.4420001E-02   1.0000000E+00   3.5243469E+02
   1.0000000E-01   5.7000000E-02   2.4420001E-02   1.0000000E+00   3.5235004E+02
   1.0000000E-01   5.9000000E-02   2.4420001E-02   1.0000000E+00   3.5224878E+02
   1.0000000E-01   6.0999997E-02   2.4420001E-02   0.0000000E+00   2.9300000E+02
   1.0000000E-01   6.3000001E-02   2.4420001E-02   0.0000000E+00   2.9300000E+02
   1.0000000E-01   6.4999998E-02   2.4420001E-02   0.0000000E+00   2.9300000E+02
   1.0000000E-01   6.7000002E-02   2.4420001E-02   0.0000000E+00   2.9300000E+02
   1.0000000E-01   6.9000006E-02   2.4420001E-02   0.0000000E+00   2.9300000E+02
   1.0000000E-01   7.0999995E-02   2.4420001E-02   0.0000000E+00   2.9300000E+02
   1.0000000E-01   7.2999999E-02   2.4420001E-02   0.0000000E+00   2.9300000E+02
   1.0000000E-01   7.5000003E-02   2.4420001E-02   0.0000000E+00   2.9300000E+02
   1.0000000E-01   7.7000000E-02   2.4420001E-02   0.0000000E+00   2.9300000E+02
   1.0000000E-01   7.8999996E-02   2.4420001E-02   0.0000000E+00   2.9300000E+02
   1.0000000E-01   8.1000000E-02   2.4420001E-02   0.0000000E+00   2.9300000E+02
   1.0000000E-01   8.3000004E-02   2.4420001E-02   0.0000000E+00   2.9300000E+02
   1.0000000E-01   8.5000001E-02   2.4420001E-02   0.0000000E+00   2.9300000E+02
   1.0000000E-01   8.6999997E-02   2.4420001E-02   0.0000000E+00   2.9300000E+02
   1.0000000E-01   8.9000002E-02   2.4420001E-02   4.0000051E-02   3.5255511E+02
   1.0000000E-01   9.1000006E-02   2.4420001E-02   7.5000012E-01   3.5258307E+02
   1.0000000E-01   9.2999995E-02   2.4420001E-02   1.0000000E+00   3.5262683E+02
   1.0000000E-01   9.4999999E-02   2.4420001E-02   1.0000000E+00   3.5265973E+02
   1.0000000E-01   9.7000003E-02   2.4420001E-02   1.0000000E+00   3.5268823E+02
   1.0000000E-01   9.8999999E-02   2.4420001E-02   1.0000000E+00   3.5271280E+02
   1.0000000E-01   1.0100000E-01   2.4420001E-02   1.0000000E+00   3.5273383E+02
   1.0000000E-01   1.0300000E-01   2.4420001E-02   1.0000000E+00   3.5275180E+02
   1.0000000E-01   1.0500000E-01   2.4420001E-02   1.0000000E+00   3.5276718E+02
   1.0000000E-01   1.0700000E-01   2.4420001E-02   1.0000000E+00   3.5278027E+02
   1.0000000E-01   1.0900000E-01   2.4420001E-02   1.0000000E+00   3.5279144E+02
   1.0000000E-01   1.1100000E-01   2.4420001E-02   1.0000000E+00   3.5280090E+02
   1.0000000E-01   1.1300001E-01   2.4420001E-02   1.0000000E+00   3.5280884E+02
   1.0000000E-01   1.1499999E-01   2.4420001E-02   1.0000000E+00   3.5281537E+02
   1.0000000E-01   1.1700000E-01   2.4420001E-02   1.0000000E+00   3.5282068E+02
   1.0000000E-01   1.1900000E-01   2.4420001E-02   1.0000000E+00   3.5282489E+02
   1.0000000E-01   1.2100000E-01   2.4420001E-02   1.0000000E+00   3.5282812E+02
   1.0000000E-01   1.2633334E-01   2.4420001E-02   1.0000000E+00   3.5283466E+02
   1.0000000E-01   1.3733333E-01   2.4420001E-02   1.0000000E+00   3.5283643E+02
   1.0000000E-01   1.5200000E-01   2.4420001E-02   1.0000000E+00   3.5283002E+02
   1.0000000E-01   8.0000004E-03   2.6379999E-02   1.0000000E+00   3.5281250E+02
   1.0000000E-01   2.2666667E-02   2.6379999E-02   1.0000000E+00   3.5280869E+02
   1.0000000E-01   3.3666667E-02   2.6379999E-02   1.0000000E+00   3.5278580E+02
   1.0000000E-01   3.8999997E-02   2.6379999E-02   1.0000000E+00   3.5274533E+02
   1.0000000E-01   4.1000001E-02   2.6379999E-02   1.0000000E+00   3.5272565E+02
   1.0000000E-01   4.2999998E-02   2.6379999E-02   1.0000000E+00   3.5270065E+02
   1.0000000E-01   4.5000002E-02   2.6379999E-02   1.0000000E+00   3.5266962E+02
   1.0000000E-01   4.6999998E-02   2.6379999E-02   1.0000000E+00   3.5263168E+02
   1.0000000E-01   4.9000002E-02   2.6379999E-02   1.0000000E+00   3.5258597E+02
   1.0000000E-01   5.0999999E-02   2.6379999E-02   1.0000000E+00   3.5253146E+02
   1.0000000E-01   5.3000003E-02   2.6379999E-02   1.0000000E+00   3.5246689E+02
   1.0000000E-01   5.5000000E-02   2.6379999E-02   1.0000000E+00   3.5239078E+02
   1.0000000E-01   5.7000000E-02   2.6379999E-02   1.0000000E+00   3.5230151E+02
   1.0000000E-01   5.9000000E-02   2.6379999E-02   1.0000000E+00   3.5219760E+02
   1.0000000E-01   6.0999997E-02   2.6379999E-02   0.0000000E+00   2.9300000E+02
   1.0000000E-01   6.3000001E-02   2.6379999E-02   0.0000000E+00   2.9300000E+02
   1.0000000E-01   6.4999998E-02   2.6379999E-02   0.0000000E+00   2.9300000E+02
   1.0000000E-01   6.7000002E-02   2.6379999E-02   0.0000000E+00   2.9300000E+02
   1.0000000E-01   6.9000006E-02   2.6379999E-02   0.0000000E+00   2.9300000E+02
   1.0000000E-01   7.0999995E-02   2.6379999E-02   0.0000000E+00   2.9300000E+02
   1.0000000E-01   7.2999999E-02   2.6379999E-02   0.0000000E+00   2.9300000E+02
   1.0000000E-01   7.5000003E-02   2.6379999E-02   0.0000000E+00   2.9300000E+02
   1.0000000E-01   7.7000000E-02   2.6379999E-02   0.0000000E+00   2.9300000E+02
   1.0000000E-01   7.8999996E-02   2.6379999E-02   0.0000000E+00   2.9300000E+02
   1.0000000E-01   8.1000000E-02   2.6379999E-02   0.0000000E+00   2.9300000E+02
   1.0000000E-01   8.3000004E-02   2.6379999E-02   0.0000000E+00   2.9300000E+02
   1.0000000E-01   8.5000001E-02   2.6379999E-02   0.0000000E+00   2.9300000E+02
   1.0000000E-01   8.6999997E-02   2.6379999E-02   0.0000000E+00   2.9300000E+02
   1.0000000E-01   8.9000002E-02   2.6379999E-02   0.0000000E+00   2.9300000E+02
   1.0000000E-01   9.1000006E-02   2.6379999E-02   4.5918424E-02   3.5255945E+02
   1.0000000E-01   9.2999995E-02   2.6379999E-02   7.6408178E-01   3.5258249E+02
   1.0000000E-01   9.4999999E-02   2.6379999E-02   1.0000000E+00   3.5262210E+02
   1.0000000E-01   9.7000003E-02   2.6379999E-02   1.0000000E+00   3.5265131E+02
   1.0000000E-01   9.8999999E-02   2.6379999E-02   1.0000000E+00   3.5267651E+02
   1.0000000E-01   1.0100000E-01   2.6379999E-02   1.0000000E+00   3.5269815E+02
   1.0000000E-01   1.0300000E-01   2.6379999E-02   1.0000000E+00   3.5271674E+02
   1.0000000E-01   1.0500000E-01   2.6379999E-02   1.0000000E+00   3.5273276E+02
   1.0000000E-01   1.0700000E-01   2.6379999E-02   1.0000000E+00   3.5274661E+02
   1.0000000E-01   1.0900000E-01   2.6379999E-02   1.0000000E+00   3.5275858E+02
   1.0000000E-01   1.1100000E-01   2.6379999E-02   1.0000000E+00   3.5276886E+02
   1.0000000E-01   1.1300001E-01   2.6379999E-02   1.0000000E+00   3.5277756E+02
   1.0000000E-01   1.1499999E-01   2.6379999E-02   1.0000000E+00   3.5278482E+02
   1.0000000E-01   1.1700000E-01   2.6379999E-02   1.0000000E+00   3.5279071E+02
   1.0000000E-01   1.1900000E-01   2.6379999E-02   1.0000000E+00   3.5279544E+02
   1.0000000E-01   1.2100000E-01   2.6379999E-02   1.0000000E+00   3.5279913E+02
   1.0000000E-01   1.2633334E-01   2.6379999E-02   1.0000000E+00   3.5280652E+02
   1.0000000E-01   1.3733333E-01   2.6379999E-02   1.0000000E+00   3.5280878E+02
   1.0000000E-01   1.5200000E-01   2.6379999E-02   1.0000000E+00   3.5280215E+02
   1.0000000E-01   8.0000004E-03   2.8340001E-02   1.0000000E+00   3.5277444E+02
   1.0000000E-01   2.2666667E-02   2.8340001E-02   1.0000000E+00   3.5277084E+02
   1.0000000E-01   3.3666667E-02   2.8340001E-02   1.0000000E+00   3.5274911E+02
   1.0000000E-01   3.8999997E-02   2.8340001E-02   1.0000000E+00   3.5270969E+02
   1.0000000E-01   4.1000001E-02   2.8340001E-02   1.0000000E+00   3.5269034E+02
   1.0000000E-01   4.2999998E-02   2.8340001E-02   1.0000000E+00   3.5266550E+02
   1.0000000E-01   4.5000002E-02   2.8340001E-02   1.0000000E+00   3.5263434E+02
   1.0000000E-01   4.6999998E-02   2.8340001E-02   1.0000000E+00   3.5259586E+02
   1.0000000E-01   4.9000002E-02   2.8340001E-02   1.0000000E+00   3.5254907E+02
   1.0000000E-01   5.0999999E-02   2.8340001E-02   1.0000000E+00   3.5249292E+02
   1.0000000E-01   5.3000003E-02   2.8340001E-02   1.0000000E+00   3.5242630E+02
   1.0000000E-01   5.5000000E-02   2.8340001E-02   1.0000000E+00   3.5234796E+02
   1.0000000E-01   5.7000000E-02   2.8340001E-02   1.0000000E+00   3.5225684E+02
   1.0000000E-01   5.9000000E-02   2.8340001E-02   1.0000000E+00   3.5215189E+02
   1.0000000E-01   6.0999997E-02   2.8340001E-02   0.0000000E+00   2.9300000E+02
   1.0000000E-01   6.3000001E-02   2.8340001E-02   0.0000000E+00   2.9300000E+02
   1.0000000E-01   6.4999998E-02   2.8340001E-02   0.0000000E+00   2.9300000E+02
   1.0000000E-01   6.7000002E-02   2.8340001E-02   0.0000000E+00   2.9300000E+02
   1.0000000E-01   6.9000006E-02   2.8340001E-02   0.0000000E+00   2.9300000E+02
   1.0000000E-01   7.0999995E-02   2.8340001E-02   0.0000000E+00   2.9300000E+02
   1.0000000E-01   7.2999999E-02   2.8340001E-02   0.0000000E+00   2.9300000E+02
   1.0000000E-01   7.5000003E-02   2.8340001E-02   0.0000000E+00   2.9300000E+02
   1.0000000E-01   7.7000000E-02   2.8340001E-02   0.0000000E+00   2.9300000E+02
   1.0000000E-01   7.8999996E-02   2.8340001E-02   0.0000000E+00   2.9300000E+02
   1.0000000E-01   8.1000000E-02   2.8340001E-02   0.0000000E+00   2.9300000E+02
   1.0000000E-01   8.3000004E-02   2.8340001E-02   0.0000000E+00   2.9300000E+02
   1.0000000E-01   8.5000001E-02   2.8340001E-02   0.0000000E+00   2.9300000E+02
   1.0000000E-01   8.6999997E-02   2.8340001E-02   0.0000000E+00   2.9300000E+02
   1.0000000E-01   8.9000002E-02   2.8340001E-02   0.0000000E+00   2.9300000E+02
   1.0000000E-01   9.1000006E-02   2.8340001E-02   0.0000000E+00   2.9300000E+02
   1.0000000E-01   9.2999995E-02   2.8340001E-02   5.2244958E-02   3.5255133E+02
   1.0000000E-01   9.4999999E-02   2.8340001E-02   7.7775520E-01   3.5256912E+02
   1.0000000E-01   9.7000003E-02   2.8340001E-02   1.0000000E+00   3.5260486E+02
   1.0000000E-01   9.8999999E-02   2.8340001E-02   1.0000000E+00   3.5263049E+02
   1.0000000E-01   1.0100000E-01   2.8340001E-02   1.0000000E+00   3.5265247E+02
   1.0000000E-01   1.0300000E-01   2.8340001E-02   1.0000000E+00   3.5267133E+02
   1.0000000E-01   1.0500000E-01   2.8340001E-02   1.0000000E+00   3.5268774E+02
   1.0000000E-01   1.0700000E-01   2.8340001E-02   1.0000000E+00   3.5270221E+02
   1.0000000E-01   1.0900000E-01   2.8340001E-02   1.0000000E+00   3.5271497E+02
   1.0000000E-01   1.1100000E-01   2.8340001E-02   1.0000000E+00   3.5272610E+02
   1.0000000E-01   1.1300001E-01   2.8340001E-02   1.0000000E+00   3.5273563E+02
   1.0000000E-01   1.1499999E-01   2.8340001E-02   1.0000000E+00   3.5274362E+02
   1.0000000E-01   1.1700000E-01   2.8340001E-02   1.0000000E+00   3.5275018E+02
   1.0000000E-01   1.1900000E-01   2.8340001E-02   1.0000000E+00   3.5275543E+02
   1.0000000E-01   1.2100000E-01   2.8340001E-02   1.0000000E+00   3.5275952E+02
   1.0000000E-01   1.2633334E-01   2.8340001E-02   1.0000000E+00   3.5276779E+02
   1.0000000E-01   1.3733333E-01   2.8340001E-02   1.0000000E+00   3.5277048E+02
   1.0000000E-01   1.5200000E-01   2.8340001E-02   1.0000000E+00   3.5276328E+02
   1.0000000E-01   8.0000004E-03   3.0299999E-02   1.0000000E+00   3.5272528E+02
   1.0000000E-01   2.2666667E-02   3.0299999E-02   1.0000000E+00   3.5272186E+02
   1.0000000E-01   3.3666667E-02   3.0299999E-02   1.0000000E+00   3.5270096E+02
   1.0000000E-01   3.8999997E-02   3.0299999E-02   1.0000000E+00   3.5266238E+02
   1.0000000E-01   4.1000001E-02   3.0299999E-02   1.0000000E+00   3.5264328E+02
   1.0000000E-01   4.2999998E-02   3.0299999E-02   1.0000000E+00   3.5261871E+02
   1.0000000E-01   4.5000002E-02   3.0299999E-02   1.0000000E+00   3.5258768E+02
   1.0000000E-01   4.6999998E-02   3.0299999E-02   1.0000000E+00   3.5254919E+02
   1.0000000E-01   4.9000002E-02   3.0299999E-02   1.0000000E+00   3.5250223E+02
   1.0000000E-01   5.0999999E-02   3.0299999E-02   1.0000000E+00   3.5244571E+02
   1.0000000E-01   5.3000003E-02   3.0299999E-02   1.0000000E+00   3.5237854E+02
   1.0000000E-01   5.5000000E-02   3.0299999E-02   1.0000000E+00   3.5229962E+02
   1.0000000E-01   5.7000000E-02   3.0299999E-02   1.0000000E+00   3.5220798E+02
   1.0000000E-01   5.9000000E-02   3.0299999E-02   1.0000000E+00   3.5210281E+02
   1.0000000E-01   6.0999997E-02   3.0299999E-02   0.0000000E+00   2.9300000E+02
   1.0000000E-01   6.3000001E-02   3.0299999E-02   0.0000000E+00   2.9300000E+02
   1.0000000E-01   6.4999998E-02   3.0299999E-02   0.0000000E+00   2.9300000E+02
   1.0000000E-01   6.7000002E-02   3.0299999E-02   0.0000000E+00   2.9300000E+02
   1.0000000E-01   6.9000006E-02   3.0299999E-02   0.0000000E+00   2.9300000E+02
   1.0000000E-01   7.0999995E-02   3.0299999E-02   0.0000000E+00   2.9300000E+02
   1.0000000E-01   7.2999999E-02   3.0299999E-02   0.0000000E+00   2.9300000E+02
   1.0000000E-01   7.5000003E-02   3.0299999E-02   0.0000000E+00   2.9300000E+02
   1.0000000E-01   7.7000000E-02   3.0299999E-02   0.0000000E+00   2.9300000E+02
   1.0000000E-01   7.8999996E-02   3.0299999E-02   0.0000000E+00   2.9300000E+02
   1.0000000E-01   8.1000000E-02   3.0299999E-02   0.0000000E+00   2.9300000E+02
   1.0000000E-01   8.3000004E-02   3.0299999E-02   0.0000000E+00   2.9300000E+02
   1.0000000E-01   8.5000001E-02   3.0299999E-02   0.0000000E+00   2.9300000E+02
   1.0000000E-01   8.6999997E-02   3.0299999E-02   0.0000000E+00   2.9300000E+02
   1.0000000E-01   8.9000002E-02   3.0299999E-02   0.0000000E+00   2.9300000E+02
   1.0000000E-01   9.1000006E-02   3.0299999E-02   0.0000000E+00   2.9300000E+02
   1.0000000E-01   9.2999995E-02   3.0299999E-02   0.0000000E+00   2.9300000E+02
   1.0000000E-01   9.4999999E-02   3.0299999E-02   5.8979653E-02   3.5253079E+02
   1.0000000E-01   9.7000003E-02   3.0299999E-02   7.9102051E-01   3.5254333E+02
   1.0000000E-01   9.8999999E-02   3.0299999E-02   1.0000000E+00   3.5257489E+02
   1.0000000E-01   1.0100000E-01   3.0299999E-02   1.0000000E+00   3.5259671E+02
   1.0000000E-01   1.0300000E-01   3.0299999E-02   1.0000000E+00   3.5261530E+02
   1.0000000E-01   1.0500000E-01   3.0299999E-02   1.0000000E+00   3.5263162E+02
   1.0000000E-01   1.0700000E-01   3.0299999E-02   1.0000000E+00   3.5264658E+02
   1.0000000E-01   1.0900000E-01   3.0299999E-02   1.0000000E+00   3.5266016E+02
   1.0000000E-01   1.1100000E-01   3.0299999E-02   1.0000000E+00   3.5267224E+02
   1.0000000E-01   1.1300001E-01   3.0299999E-02   1.0000000E+00   3.5268265E+02
   1.0000000E-01   1.1499999E-01   3.0299999E-02   1.0000000E+00   3.5269144E+02
   1.0000000E-01   1.1700000E-01   3.0299999E-02   1.0000000E+00   3.5269864E+02
   1.0000000E-01   1.1900000E-01   3.0299999E-02   1.0000000E+00   3.5270441E+02
   1.0000000E-01   1.2100000E-01   3.0299999E-02   1.0000000E+00   3.5270892E+02
   1.0000000E-01   1.2633334E-01   3.0299999E-02   1.0000000E+00   3.5271802E+02
   1.0000000E-01   1.3733333E-01   3.0299999E-02   1.0000000E+00   3.5272104E+02
   1.0000000E-01   1.5200000E-01   3.0299999E-02   1.0000000E+00   3.5271289E+02
   1.0000000E-01   8.0000004E-03   3.2260001E-02   1.0000000E+00   3.5266455E+02
   1.0000000E-01   2.2666667E-02   3.2260001E-02   1.0000000E+00   3.5266125E+02
   1.0000000E-01   3.3666667E-02   3.2260001E-02   1.0000000E+00   3.5264090E+02
   1.0000000E-01   3.8999997E-02   3.2260001E-02   1.0000000E+00   3.5260297E+02
   1.0000000E-01   4.1000001E-02   3.2260001E-02   1.0000000E+00   3.5258414E+02
   1.0000000E-01   4.2999998E-02   3.2260001E-02   1.0000000E+00   3.5255981E+02
   1.0000000E-01   4.5000002E-02   3.2260001E-02   1.0000000E+00   3.5252905E+02
   1.0000000E-01   4.6999998E-02   3.2260001E-02   1.0000000E+00   3.5249084E+02
   1.0000000E-01   4.9000002E-02   3.2260001E-02   1.0000000E+00   3.5244412E+02
   1.0000000E-01   5.0999999E-02   3.2260001E-02   1.0000000E+00   3.5238782E+02
   1.0000000E-01   5.3000003E-02   3.2260001E-02   1.0000000E+00   3.5232092E+02
   1.0000000E-01   5.5000000E-02   3.2260001E-02   1.0000000E+00   3.5224228E+02
   1.0000000E-01   5.7000000E-02   3.2260001E-02   1.0000000E+00   3.5215091E+02
   1.0000000E-01   5.9000000E-02   3.2260001E-02   1.0000000E+00   3.5204593E+02
   1.0000000E-01   6.0999997E-02   3.2260001E-02   0.0000000E+00   2.9300000E+02
   1.0000000E-01   6.3000001E-02   3.2260001E-02   0.0000000E+00   2.9300000E+02
   1.0000000E-01   6.4999998E-02   3.2260001E-02   0.0000000E+00   2.9300000E+02
   1.0000000E-01   6.7000002E-02   3.2260001E-02   0.0000000E+00   2.9300000E+02
   1.0000000E-01   6.9000006E-02   3.2260001E-02   0.0000000E+00   2.9300000E+02
   1.0000000E-01   7.0999995E-02   3.2260001E-02   0.0000000E+00   2.9300000E+02
   1.0000000E-01   7.2999999E-02   3.2260001E-02   0.0000000E+00   2.9300000E+02
   1.0000000E-01   7.5000003E-02   3.2260001E-02   0.0000000E+00   2.9300000E+02
   1.0000000E-01   7.7000000E-02   3.2260001E-02   0.0000000E+00   2.9300000E+02
   1.0000000E-01   7.8999996E-02   3.2260001E-02   0.0000000E+00   2.9300000E+02
   1.0000000E-01   8.1000000E-02   3.2260001E-02   0.0000000E+00   2.9300000E+02
   1.0000000E-01   8.3000004E-02   3.2260001E-02   0.0000000E+00   2.9300000E+02
   1.0000000E-01   8.5000001E-02   3.2260001E-02   0.0000000E+00   2.9300000E+02
   1.0000000E-01   8.6999997E-02   3.2260001E-02   0.0000000E+00   2.9300000E+02
   1.0000000E-01   8.9000002E-02   3.2260001E-02   0.0000000E+00   2.9300000E+02
   1.0000000E-01   9.1000006E-02   3.2260001E-02   0.0000000E+00   2.9300000E+02
   1.0000000E-01   9.2999995E-02   3.2260001E-02   0.0000000E+00   2.9300000E+02
   1.0000000E-01   9.4999999E-02   3.2260001E-02   0.0000000E+00   2.9300000E+02
   1.0000000E-01   9.7000003E-02   3.2260001E-02   6.6122517E-02   3.5249747E+02
   1.0000000E-01   9.8999999E-02   3.2260001E-02   8.0387765E-01   3.5250421E+02
   1.0000000E-01   1.0100000E-01   3.2260001E-02   1.0000000E+00   3.5253076E+02
   1.0000000E-01   1.0300000E-01   3.2260001E-02   1.0000000E+00   3.5254813E+02
   1.0000000E-01   1.0500000E-01   3.2260001E-02   1.0000000E+00   3.5256360E+02
   1.0000000E-01   1.0700000E-01   3.2260001E-02   1.0000000E+00   3.5257895E+02
   1.0000000E-01   1.0900000E-01   3.2260001E-02   1.0000000E+00   3.5259357E+02
   1.0000000E-01   1.1100000E-01   3.2260001E-02   1.0000000E+00   3.5260678E+02
   1.0000000E-01   1.1300001E-01   3.2260001E-02   1.0000000E+00   3.5261823E+02
   1.0000000E-01   1.1499999E-01   3.2260001E-02   1.0000000E+00   3.5262781E+02
   1.0000000E-01   1.1700000E-01   3.2260001E-02   1.0000000E+00   3.5263568E+02
   1.0000000E-01   1.1900000E-01   3.2260001E-02   1.0000000E+00   3.5264197E+02
   1.0000000E-01   1.2100000E-01   3.2260001E-02   1.0000000E+00   3.5264685E+02
   1.0000000E-01   1.2633334E-01   3.2260001E-02   1.0000000E+00   3.5265671E+02
   1.0000000E-01   1.3733333E-01   3.2260001E-02   1.0000000E+00   3.5266000E+02
   1.0000000E-01   1.5200000E-01   3.2260001E-02   1.0000000E+00   3.5265048E+02
   1.0000000E-01   8.0000004E-03   3.4220003E-02   1.0000000E+00   3.5259171E+02
   1.0000000E-01   2.2666667E-02   3.4220003E-02   1.0000000E+00   3.5258850E+02
   1.0000000E-01   3.3666667E-02   3.4220003E-02   1.0000000E+00   3.5256857E+02
   1.0000000E-01   3.8999997E-02   3.4220003E-02   1.0000000E+00   3.5253110E+02
   1.0000000E-01   4.1000001E-02   3.4220003E-02   1.0000000E+00   3.5251248E+02
   1.0000000E-01   4.2999998E-02   3.4220003E-02   1.0000000E+00   3.5248843E+02
   1.0000000E-01   4.5000002E-02   3.4220003E-02   1.0000000E+00   3.5245795E+02
   1.0000000E-01   4.6999998E-02   3.4220003E-02   1.0000000E+00   3.5242007E+02
   1.0000000E-01   4.9000002E-02   3.4220003E-02   1.0000000E+00   3.5237381E+02
   1.0000000E-01   5.0999999E-02   3.4220003E-02   1.0000000E+00   3.5231812E+02
   1.0000000E-01   5.3000003E-02   3.4220003E-02   1.0000000E+00   3.5225195E+02
   1.0000000E-01   5.5000000E-02   3.4220003E-02   1.0000000E+00   3.5217426E+02
   1.0000000E-01   5.7000000E-02   3.4220003E-02   1.0000000E+00   3.5208377E+02
   1.0000000E-01   5.9000000E-02   3.4220003E-02   1.0000000E+00   3.5197925E+02
   1.0000000E-01   6.0999997E-02   3.4220003E-02   0.0000000E+00   2.9300000E+02
   1.0000000E-01   6.3000001E-02   3.4220003E-02   0.0000000E+00   2.9300000E+02
   1.0000000E-01   6.4999998E-02   3.4220003E-02   0.0000000E+00   2.9300000E+02
   1.0000000E-01   6.7000002E-02   3.4220003E-02   0.0000000E+00   2.9300000E+02
   1.0000000E-01   6.9000006E-02   3.4220003E-02   0.0000000E+00   2.9300000E+02
   1.0000000E-01   7.0999995E-02   3.4220003E-02   0.0000000E+00   2.9300000E+02
   1.0000000E-01   7.2999999E-02   3.4220003E-02   0.0000000E+00   2.9300000E+02
   1.0000000E-01   7.5000003E-02   3.4220003E-02   0.0000000E+00   2.9300000E+02
   1.0000000E-01   7.7000000E-02   3.4220003E-02   0.0000000E+00   2.9300000E+02
   1.0000000E-01   7.8999996E-02   3.4220003E-02   0.0000000E+00   2.9300000E+02
   1.0000000E-01   8.1000000E-02   3.4220003E-02   0.0000000E+00   2.9300000E+02
   1.0000000E-01   8.3000004E-02   3.4220003E-02   0.0000000E+00   2.9300000E+02
   1.0000000E-01   8.5000001E-02   3.4220003E-02   0.0000000E+00   2.9300000E+02
   1.0000000E-01   8.6999997E-02   3.4220003E-02   0.0000000E+00   2.9300000E+02
   1.0000000E-01   8.9000002E-02   3.4220003E-02   0.0000000E+00   2.9300000E+02
   1.0000000E-01   9.1000006E-02   3.4220003E-02   0.0000000E+00   2.9300000E+02
   1.0000000E-01   9.2999995E-02   3.4220003E-02   0.0000000E+00   2.9300000E+02
   1.0000000E-01   9.4999999E-02   3.4220003E-02   0.0000000E+00   2.9300000E+02
   1.0000000E-01   9.7000003E-02   3.4220003E-02   0.0000000E+00   2.9300000E+02
   1.0000000E-01   9.8999999E-02   3.4220003E-02   7.3673539E-02   3.5244968E+02
   1.0000000E-01   1.0100000E-01   3.4220003E-02   8.1632662E-01   3.5244925E+02
   1.0000000E-01   1.0300000E-01   3.4220003E-02   1.0000000E+00   3.5246924E+02
   1.0000000E-01   1.0500000E-01   3.4220003E-02   1.0000000E+00   3.5248203E+02
   1.0000000E-01   1.0700000E-01   3.4220003E-02   1.0000000E+00   3.5249832E+02
   1.0000000E-01   1.0900000E-01   3.4220003E-02   1.0000000E+00   3.5251471E+02
   1.0000000E-01   1.1100000E-01   3.4220003E-02   1.0000000E+00   3.5252942E+02
   1.0000000E-01   1.1300001E-01   3.4220003E-02   1.0000000E+00   3.5254199E+02
   1.0000000E-01   1.1499999E-01   3.4220003E-02   1.0000000E+00   3.5255243E+02
   1.0000000E-01   1.1700000E-01   3.4220003E-02   1.0000000E+00   3.5256091E+02
   1.0000000E-01   1.1900000E-01   3.4220003E-02   1.0000000E+00   3.5256766E+02
   1.0000000E-01   1.2100000E-01   3.4220003E-02   1.0000000E+00   3.5257288E+02
   1.0000000E-01   1.2633334E-01   3.4220003E-02   1.0000000E+00   3.5258337E+02
   1.0000000E-01   1.3733333E-01   3.4220003E-02   1.0000000E+00   3.5258685E+02
   1.0000000E-01   1.5200000E-01   3.4220003E-02   1.0000000E+00   3.5257565E+02
   1.0000000E-01   8.0000004E-03   3.6180001E-02   1.0000000E+00   3.5250635E+02
   1.0000000E-01   2.2666667E-02   3.6180001E-02   1.0000000E+00   3.5250317E+02
   1.0000000E-01   3.3666667E-02   3.6180001E-02   1.0000000E+00   3.5248352E+02
   1.0000000E-01   3.8999997E-02   3.6180001E-02   1.0000000E+00   3.5244641E+02
   1.0000000E-01   4.1000001E-02   3.6180001E-02   1.0000000E+00   3.5242795E+02
   1.0000000E-01   4.2999998E-02   3.6180001E-02   1.0000000E+00   3.5240408E+02
   1.0000000E-01   4.5000002E-02   3.6180001E-02   1.0000000E+00   3.5237390E+02
   1.0000000E-01   4.6999998E-02   3.6180001E-02   1.0000000E+00   3.5233640E+02
   1.0000000E-01   4.9000002E-02   3.6180001E-02   1.0000000E+00   3.5229065E+02
   1.0000000E-01   5.0999999E-02   3.6180001E-02   1.0000000E+00   3.5223575E+02
   1.0000000E-01   5.3000003E-02   3.6180001E-02   1.0000000E+00   3.5217075E+02
   1.0000000E-01   5.5000000E-02   3.6180001E-02   1.0000000E+00   3.5209467E+02
   1.0000000E-01   5.7000000E-02   3.6180001E-02   1.0000000E+00   3.5200589E+02
   1.0000000E-01   5.9000000E-02   3.6180001E-02   1.0000000E+00   3.5190198E+02
   1.0000000E-01   6.0999997E-02   3.6180001E-02   0.0000000E+00   2.9300000E+02
   1.0000000E-01   6.3000001E-02   3.6180001E-02   0.0000000E+00   2.9300000E+02
   1.0000000E-01   6.4999998E-02   3.6180001E-02   0.0000000E+00   2.9300000E+02
   1.0000000E-01   6.7000002E-02   3.6180001E-02   0.0000000E+00   2.9300000E+02
   1.0000000E-01   6.9000006E-02   3.6180001E-02   0.0000000E+00   2.9300000E+02
   1.0000000E-01   7.0999995E-02   3.6180001E-02   0.0000000E+00   2.9300000E+02
   1.0000000E-01   7.2999999E-02   3.6180001E-02   0.0000000E+00   2.9300000E+02
   1.0000000E-01   7.5000003E-02   3.6180001E-02   0.0000000E+00   2.9300000E+02
   1.0000000E-01   7.7000000E-02   3.6180001E-02   0.0000000E+00   2.9300000E+02
   1.0000000E-01   7.8999996E-02   3.6180001E-02   0.0000000E+00   2.9300000E+02
   1.0000000E-01   8.1000000E-02   3.6180001E-02   0.0000000E+00   2.9300000E+02
   1.0000000E-01   8.3000004E-02   3.6180001E-02   0.0000000E+00   2.9300000E+02
   1.0000000E-01   8.5000001E-02   3.6180001E-02   0.0000000E+00   2.9300000E+02
   1.0000000E-01   8.6999997E-02   3.6180001E-02   0.0000000E+00   2.9300000E+02
   1.0000000E-01   8.9000002E-02   3.6180001E-02   0.0000000E+00   2.9300000E+02
   1.0000000E-01   9.1000006E-02   3.6180001E-02   0.0000000E+00   2.9300000E+02
   1.0000000E-01   9.2999995E-02   3.6180001E-02   0.0000000E+00   2.9300000E+02
   1.0000000E-01   9.4999999E-02   3.6180001E-02   0.0000000E+00   2.9300000E+02
   1.0000000E-01   9.7000003E-02   3.6180001E-02   0.0000000E+00   2.9300000E+02
   1.0000000E-01   9.8999999E-02   3.6180001E-02   0.0000000E+00   2.9300000E+02
   1.0000000E-01   1.0100000E-01   3.6180001E-02   8.1632726E-02   3.5238315E+02
   1.0000000E-01   1.0300000E-01   3.6180001E-02   8.2836747E-01   3.5237244E+02
   1.0000000E-01   1.0500000E-01   3.6180001E-02   1.0000000E+00   3.5238312E+02
   1.0000000E-01   1.0700000E-01   3.6180001E-02   1.0000000E+00   3.5240356E+02
   1.0000000E-01   1.0900000E-01   3.6180001E-02   1.0000000E+00   3.5242337E+02
   1.0000000E-01   1.1100000E-01   3.6180001E-02   1.0000000E+00   3.5244009E+02
   1.0000000E-01   1.1300001E-01   3.6180001E-02   1.0000000E+00   3.5245383E+02
   1.0000000E-01   1.1499999E-01   3.6180001E-02   1.0000000E+00   3.5246503E+02
   1.0000000E-01   1.1700000E-01   3.6180001E-02   1.0000000E+00   3.5247403E+02
   1.0000000E-01   1.1900000E-01   3.6180001E-02   1.0000000E+00   3.5248114E+02
   1.0000000E-01   1.2100000E-01   3.6180001E-02   1.0000000E+00   3.5248663E+02
   1.0000000E-01   1.2633334E-01   3.6180001E-02   1.0000000E+00   3.5249765E+02
   1.0000000E-01   1.3733333E-01   3.6180001E-02   1.0000000E+00   3.5250125E+02
   1.0000000E-01   1.5200000E-01   3.6180001E-02   1.0000000E+00   3.5248788E+02
   1.0000000E-01   8.0000004E-03   3.8139999E-02   1.0000000E+00   3.5240805E+02
   1.0000000E-01   2.2666667E-02   3.8139999E-02   1.0000000E+00   3.5240491E+02
   1.0000000E-01   3.3666667E-02   3.8139999E-02   1.0000000E+00   3.5238544E+02
   1.0000000E-01   3.8999997E-02   3.8139999E-02   1.0000000E+00   3.5234857E+02
   1.0000000E-01   4.1000001E-02   3.8139999E-02   1.0000000E+00   3.5233023E+02
   1.0000000E-01   4.2999998E-02   3.8139999E-02   1.0000000E+00   3.5230655E+02
   1.0000000E-01   4.5000002E-02   3.8139999E-02   1.0000000E+00   3.5227655E+02
   1.0000000E-01   4.6999998E-02   3.8139999E-02   1.0000000E+00   3.5223938E+02
   1.0000000E-01   4.9000002E-02   3.8139999E-02   1.0000000E+00   3.5219412E+02
   1.0000000E-01   5.0999999E-02   3.8139999E-02   1.0000000E+00   3.5214001E+02
   1.0000000E-01   5.3000003E-02   3.8139999E-02   1.0000000E+00   3.5207645E+02
   1.0000000E-01   5.5000000E-02   3.8139999E-02   1.0000000E+00   3.5200290E+02
   1.0000000E-01   5.7000000E-02   3.8139999E-02   1.0000000E+00   3.5191791E+02
   1.0000000E-01   5.9000000E-02   3.8139999E-02   1.0000000E+00   3.5181409E+02
   1.0000000E-01   6.0999997E-02   3.8139999E-02   0.0000000E+00   2.9300000E+02
   1.0000000E-01   6.3000001E-02   3.8139999E-02   0.0000000E+00   2.9300000E+02
   1.0000000E-01   6.4999998E-02   3.8139999E-02   0.0000000E+00   2.9300000E+02
   1.0000000E-01   6.7000002E-02   3.8139999E-02   0.0000000E+00   2.9300000E+02
   1.0000000E-01   6.9000006E-02   3.8139999E-02   0.0000000E+00   2.9300000E+02
   1.0000000E-01   7.0999995E-02   3.8139999E-02   0.0000000E+00   2.9300000E+02
   1.0000000E-01   7.2999999E-02   3.8139999E-02   0.0000000E+00   2.9300000E+02
   1.0000000E-01   7.5000003E-02   3.8139999E-02   0.0000000E+00   2.9300000E+02
   1.0000000E-01   7.7000000E-02   3.8139999E-02   0.0000000E+00   2.9300000E+02
   1.0000000E-01   7.8999996E-02   3.8139999E-02   0.0000000E+00   2.9300000E+02
   1.0000000E-01   8.1000000E-02   3.8139999E-02   0.0000000E+00   2.9300000E+02
   1.0000000E-01   8.3000004E-02   3.8139999E-02   0.0000000E+00   2.9300000E+02
   1.0000000E-01   8.5000001E-02   3.8139999E-02   0.0000000E+00   2.9300000E+02
   1.0000000E-01   8.6999997E-02   3.8139999E-02   0.0000000E+00   2.9300000E+02
   1.0000000E-01   8.9000002E-02   3.8139999E-02   0.0000000E+00   2.9300000E+02
   1.0000000E-01   9.1000006E-02   3.8139999E-02   0.0000000E+00   2.9300000E+02
   1.0000000E-01   9.2999995E-02   3.8139999E-02   0.0000000E+00   2.9300000E+02
   1.0000000E-01   9.4999999E-02   3.8139999E-02   0.0000000E+00   2.9300000E+02
   1.0000000E-01   9.7000003E-02   3.8139999E-02   0.0000000E+00   2.9300000E+02
   1.0000000E-01   9.8999999E-02   3.8139999E-02   0.0000000E+00   2.9300000E+02
   1.0000000E-01   1.0100000E-01   3.8139999E-02   0.0000000E+00   2.9300000E+02
   1.0000000E-01   1.0300000E-01   3.8139999E-02   9.0000078E-02   3.5228204E+02
   1.0000000E-01   1.0500000E-01   3.8139999E-02   8.4000009E-01   3.5224780E+02
   1.0000000E-01   1.0700000E-01   3.8139999E-02   1.0000000E+00   3.5229510E+02
   1.0000000E-01   1.0900000E-01   3.8139999E-02   1.0000000E+00   3.5232062E+02
   1.0000000E-01   1.1100000E-01   3.8139999E-02   1.0000000E+00   3.5233920E+02
   1.0000000E-01   1.1300001E-01   3.8139999E-02   1.0000000E+00   3.5235382E+02
   1.0000000E-01   1.1499999E-01   3.8139999E-02   1.0000000E+00   3.5236551E+02
   1.0000000E-01   1.1700000E-01   3.8139999E-02   1.0000000E+00   3.5237485E+02
   1.0000000E-01   1.1900000E-01   3.8139999E-02   1.0000000E+00   3.5238220E+02
   1.0000000E-01   1.2100000E-01   3.8139999E-02   1.0000000E+00   3.5238785E+02
   1.0000000E-01   1.2633334E-01   3.8139999E-02   1.0000000E+00   3.5239914E+02
   1.0000000E-01   1.3733333E-01   3.8139999E-02   1.0000000E+00   3.5240286E+02
   1.0000000E-01   1.5200000E-01   3.8139999E-02   1.0000000E+00   3.5238690E+02
   1.0000000E-01   8.0000004E-03   4.0100001E-02   4.4897914E-01   3.5233270E+02
   1.0000000E-01   2.2666667E-02   4.0100001E-02   4.4897914E-01   3.5232959E+02
   1.0000000E-01   3.3666667E-02   4.0100001E-02   4.4897914E-01   3.5231018E+02
   1.0000000E-01   3.8999997E-02   4.0100001E-02   4.4897914E-01   3.5227344E+02
   1.0000000E-01   4.1000001E-02   4.0100001E-02   4.4897914E-01   3.5225519E+02
   1.0000000E-01   4.2999998E-02   4.0100001E-02   4.4897914E-01   3.5223160E+02
   1.0000000E-01   4.5000002E-02   4.0100001E-02   4.4897914E-01   3.5220175E+02
   1.0000000E-01   4.6999998E-02   4.0100001E-02   4.4897914E-01   3.5216476E+02
   1.0000000E-01   4.9000002E-02   4.0100001E-02   4.4897914E-01   3.5211990E+02
   1.0000000E-01   5.0999999E-02   4.0100001E-02   4.4897914E-01   3.5206656E+02
   1.0000000E-01   5.3000003E-02   4.0100001E-02   4.4897914E-01   3.5200488E+02
   1.0000000E-01   5.5000000E-02   4.0100001E-02   4.4897914E-01   3.5193668E+02
   1.0000000E-01   5.7000000E-02   4.0100001E-02   4.4897914E-01   3.5186880E+02
   1.0000000E-01   5.9000000E-02   4.0100001E-02   2.2448942E-01   3.5180457E+02
   1.0000000E-01   6.0999997E-02   4.0100001E-02   0.0000000E+00   2.9300000E+02
   1.0000000E-01   6.3000001E-02   4.0100001E-02   0.0000000E+00   2.9300000E+02
   1.0000000E-01   6.4999998E-02   4.0100001E-02   0.0000000E+00   2.9300000E+02
   1.0000000E-01   6.7000002E-02   4.0100001E-02   0.0000000E+00   2.9300000E+02
   1.0000000E-01   6.9000006E-02   4.0100001E-02   0.0000000E+00   2.9300000E+02
   1.0000000E-01   7.0999995E-02   4.0100001E-02   0.0000000E+00   2.9300000E+02
   1.0000000E-01   7.2999999E-02   4.0100001E-02   0.0000000E+00   2.9300000E+02
   1.0000000E-01   7.5000003E-02   4.0100001E-02   0.0000000E+00   2.9300000E+02
   1.0000000E-01   7.7000000E-02   4.0100001E-02   0.0000000E+00   2.9300000E+02
   1.0000000E-01   7.8999996E-02   4.0100001E-02   0.0000000E+00   2.9300000E+02
   1.0000000E-01   8.1000000E-02   4.0100001E-02   0.0000000E+00   2.9300000E+02
   1.0000000E-01   8.3000004E-02   4.0100001E-02   0.0000000E+00   2.9300000E+02
   1.0000000E-01   8.5000001E-02   4.0100001E-02   0.0000000E+00   2.9300000E+02
   1.0000000E-01   8.6999997E-02   4.0100001E-02   0.0000000E+00   2.9300000E+02
   1.0000000E-01   8.9000002E-02   4.0100001E-02   0.0000000E+00   2.9300000E+02
   1.0000000E-01   9.1000006E-02   4.0100001E-02   0.0000000E+00   2.9300000E+02
   1.0000000E-01   9.2999995E-02   4.0100001E-02   0.0000000E+00   2.9300000E+02
   1.0000000E-01   9.4999999E-02   4.0100001E-02   0.0000000E+00   2.9300000E+02
   1.0000000E-01   9.7000003E-02   4.0100001E-02   0.0000000E+00   2.9300000E+02
   1.0000000E-01   9.8999999E-02   4.0100001E-02   0.0000000E+00   2.9300000E+02
   1.0000000E-01   1.0100000E-01   4.0100001E-02   0.0000000E+00   2.9300000E+02
   1.0000000E-01   1.0300000E-01   4.0100001E-02   0.0000000E+00   2.9300000E+02
   1.0000000E-01   1.0500000E-01   4.0100001E-02   9.8775446E-02   3.5221582E+02
   1.0000000E-01   1.0700000E-01   4.0100001E-02   4.4897914E-01   3.5222897E+02
   1.0000000E-01   1.0900000E-01   4.0100001E-02   4.4897914E-01   3.5224628E+02
   1.0000000E-01   1.1100000E-01   4.0100001E-02   4.4897914E-01   3.5226328E+02
   1.0000000E-01   1.1300001E-01   4.0100001E-02   4.4897914E-01   3.5227774E+02
   1.0000000E-01   1.1499999E-01   4.0100001E-02   4.4897914E-01   3.5228955E+02
   1.0000000E-01   1.1700000E-01   4.0100001E-02   4.4897914E-01   3.5229904E+02
   1.0000000E-01   1.1900000E-01   4.0100001E-02   4.4897914E-01   3.5230649E+02
   1.0000000E-01   1.2100000E-01   4.0100001E-02   4.4897914E-01   3.5231223E+02
   1.0000000E-01   1.2633334E-01   4.0100001E-02   4.4897914E-01   3.5232370E+02
   1.0000000E-01   1.3733333E-01   4.0100001E-02   4.4897914E-01   3.5232758E+02
   1.0000000E-01   1.5200000E-01   4.0100001E-02   2.2448952E-01   3.5232324E+02
   1.0000000E-01   8.0000004E-03   4.2060003E-02   0.0000000E+00   2.9300000E+02
   1.0000000E-01   2.2666667E-02   4.2060003E-02   0.0000000E+00   2.9300000E+02
   1.0000000E-01   3.3666667E-02   4.2060003E-02   0.0000000E+00   2.9300000E+02
   1.0000000E-01   3.8999997E-02   4.2060003E-02   0.0000000E+00   2.9300000E+02
   1.0000000E-01   4.1000001E-02   4.2060003E-02   0.0000000E+00   2.9300000E+02
   1.0000000E-01   4.2999998E-02   4.2060003E-02   0.0000000E+00   2.9300000E+02
   1.0000000E-01   4.5000002E-02   4.2060003E-02   0.0000000E+00   2.9300000E+02
   1.0000000E-01   4.6999998E-02   4.2060003E-02   0.0000000E+00   2.9300000E+02
   1.0000000E-01   4.9000002E-02   4.2060003E-02   0.0000000E+00   2.9300000E+02
   1.0000000E-01   5.0999999E-02   4.2060003E-02   0.0000000E+00   2.9300000E+02
   1.0000000E-01   5.3000003E-02   4.2060003E-02   0.0000000E+00   2.9300000E+02
   1.0000000E-01   5.5000000E-02   4.2060003E-02   0.0000000E+00   2.9300000E+02
   1.0000000E-01   5.7000000E-02   4.2060003E-02   0.0000000E+00   2.9300000E+02
   1.0000000E-01   5.9000000E-02   4.2060003E-02   0.0000000E+00   2.9300000E+02
   1.0000000E-01   6.0999997E-02   4.2060003E-02   0.0000000E+00   2.9300000E+02
   1.0000000E-01   6.3000001E-02   4.2060003E-02   0.0000000E+00   2.9300000E+02
   1.0000000E-01   6.4999998E-02   4.2060003E-02   0.0000000E+00   2.9300000E+02
   1.0000000E-01   6.7000002E-02   4.2060003E-02   0.0000000E+00   2.9300000E+02
   1.0000000E-01   6.9000006E-02   4.2060003E-02   0.0000000E+00   2.9300000E+02
   1.0000000E-01   7.0999995E-02   4.2060003E-02   0.0000000E+00   2.9300000E+02
   1.0000000E-01   7.2999999E-02   4.2060003E-02   0.0000000E+00   2.9300000E+02
   1.0000000E-01   7.5000003E-02   4.2060003E-02   0.0000000E+00   2.9300000E+02
   1.0000000E-01   7.7000000E-02   4.2060003E-02   0.0000000E+00   2.9300000E+02
   1.0000000E-01   7.8999996E-02   4.2060003E-02   0.0000000E+00   2.9300000E+02
   1.0000000E-01   8.1000000E-02   4.2060003E-02   0.0000000E+00   2.9300000E+02
   1.0000000E-01   8.3000004E-02   4.2060003E-02   0.0000000E+00   2.9300000E+02
   1.0000000E-01   8.5000001E-02   4.2060003E-02   0.0000000E+00   2.9300000E+02
   1.0000000E-01   8.6999997E-02   4.2060003E-02   0.0000000E+00   2.9300000E+02
   1.0000000E-01   8.9000002E-02   4.2060003E-02   0.0000000E+00   2.9300000E+02
   1.0000000E-01   9.1000006E-02   4.2060003E-02   0.0000000E+00   2.9300000E+02
   1.0000000E-01   9.2999995E-02   4.2060003E-02   0.0000000E+00   2.9300000E+02
   1.0000000E-01   9.4999999E-02   4.2060003E-02   0.0000000E+00   2.9300000E+02
   1.0000000E-01   9.7000003E-02   4.2060003E-02   0.0000000E+00   2.9300000E+02
   1.0000000E-01   9.8999999E-02   4.2060003E-02   0.0000000E+00   2.9300000E+02
   1.0000000E-01   1.0100000E-01   4.2060003E-02   0.0000000E+00   2.9300000E+02
   1.0000000E-01   1.0300000E-01   4.2060003E-02   0.0000000E+00   2.9300000E+02
   1.0000000E-01   1.0500000E-01   4.2060003E-02   0.0000000E+00   2.9300000E+02
   1.0000000E-01   1.0700000E-01   4.2060003E-02   0.0000000E+00   2.9300000E+02
   1.0000000E-01   1.0900000E-01   4.2060003E-02   0.0000000E+00   2.9300000E+02
   1.0000000E-01   1.1100000E-01   4.2060003E-02   0.0000000E+00   2.9300000E+02
   1.0000000E-01   1.1300001E-01   4.2060003E-02   0.0000000E+00   2.9300000E+02
   1.0000000E-01   1.1499999E-01   4.2060003E-02   0.0000000E+00   2.9300000E+02
   1.0000000E-01   1.1700000E-01   4.2060003E-02   0.0000000E+00   2.9300000E+02
   1.0000000E-01   1.1900000E-01   4.2060003E-02   0.0000000E+00   2.9300000E+02
   1.0000000E-01   1.2100000E-01   4.2060003E-02   0.0000000E+00   2.9300000E+02
   1.0000000E-01   1.2633334E-01   4.2060003E-02   0.0000000E+00   2.9300000E+02
   1.0000000E-01   1.3733333E-01   4.2060003E-02   0.0000000E+00   2.9300000E+02
   1.0000000E-01   1.5200000E-01   4.2060003E-02   0.0000000E+00   2.9300000E+02
   1.0000000E-01   8.0000004E-03   4.4020001E-02   0.0000000E+00   2.9300000E+02
   1.0000000E-01   2.2666667E-02   4.4020001E-02   0.0000000E+00   2.9300000E+02
   1.0000000E-01   3.3666667E-02   4.4020001E-02   0.0000000E+00   2.9300000E+02
   1.0000000E-01   3.8999997E-02   4.4020001E-02   0.0000000E+00   2.9300000E+02
   1.0000000E-01   4.1000001E-02   4.4020001E-02   0.0000000E+00   2.9300000E+02
   1.0000000E-01   4.2999998E-02   4.4020001E-02   0.0000000E+00   2.9300000E+02
   1.0000000E-01   4.5000002E-02   4.4020001E-02   0.0000000E+00   2.9300000E+02
   1.0000000E-01   4.6999998E-02   4.4020001E-02   0.0000000E+00   2.9300000E+02
   1.0000000E-01   4.9000002E-02   4.4020001E-02   0.0000000E+00   2.9300000E+02
   1.0000000E-01   5.0999999E-02   4.4020001E-02   0.0000000E+00   2.9300000E+02
   1.0000000E-01   5.3000003E-02   4.4020001E-02   0.0000000E+00   2.9300000E+02
   1.0000000E-01   5.5000000E-02   4.4020001E-02   0.0000000E+00   2.9300000E+02
   1.0000000E-01   5.7000000E-02   4.4020001E-02   0.0000000E+00   2.9300000E+02
   1.0000000E-01   5.9000000E-02   4.4020001E-02   0.0000000E+00   2.9300000E+02
   1.0000000E-01   6.0999997E-02   4.4020001E-02   0.0000000E+00   2.9300000E+02
   1.0000000E-01   6.3000001E-02   4.4020001E-02   0.0000000E+00   2.9300000E+02
   1.0000000E-01   6.4999998E-02   4.4020001E-02   0.0000000E+00   2.9300000E+02
   1.0000000E-01   6.7000002E-02   4.4020001E-02   0.0000000E+00   2.9300000E+02
   1.0000000E-01   6.9000006E-02   4.4020001E-02   0.0000000E+00   2.9300000E+02
   1.0000000E-01   7.0999995E-02   4.4020001E-02   0.0000000E+00   2.9300000E+02
   1.0000000E-01   7.2999999E-02   4.4020001E-02   0.0000000E+00   2.9300000E+02
   1.0000000E-01   7.5000003E-02   4.4020001E-02   0.0000000E+00   2.9300000E+02
   1.0000000E-01   7.7000000E-02   4.4020001E-02   0.0000000E+00   2.9300000E+02
   1.0000000E-01   7.8999996E-02   4.4020001E-02   0.0000000E+00   2.9300000E+02
   1.0000000E-01   8.1000000E-02   4.4020001E-02   0.0000000E+00   2.9300000E+02
   1.0000000E-01   8.3000004E-02   4.4020001E-02   0.0000000E+00   2.9300000E+02
   1.0000000E-01   8.5000001E-02   4.4020001E-02   0.0000000E+00   2.9300000E+02
   1.0000000E-01   8.6999997E-02   4.4020001E-02   0.0000000E+00   2.9300000E+02
   1.0000000E-01   8.9000002E-02   4.4020001E-02   0.0000000E+00   2.9300000E+02
   1.0000000E-01   9.1000006E-02   4.4020001E-02   0.0000000E+00   2.9300000E+02
   1.0000000E-01   9.2999995E-02   4.4020001E-02   0.0000000E+00   2.9300000E+02
   1.0000000E-01   9.4999999E-02   4.4020001E-02   0.0000000E+00   2.9300000E+02
   1.0000000E-01   9.7000003E-02   4.4020001E-02   0.0000000E+00   2.9300000E+02
   1.0000000E-01   9.8999999E-02   4.4020001E-02   0.0000000E+00   2.9300000E+02
   1.0000000E-01   1.0100000E-01   4.4020001E-02   0.0000000E+00   2.9300000E+02
   1.0000000E-01   1.0300000E-01   4.4020001E-02   0.0000000E+00   2.9300000E+02
   1.0000000E-01   1.0500000E-01   4.4020001E-02   0.0000000E+00   2.9300000E+02
   1.0000000E-01   1.0700000E-01   4.4020001E-02   0.0000000E+00   2.9300000E+02
   1.0000000E-01   1.0900000E-01   4.4020001E-02   0.0000000E+00   2.9300000E+02
   1.0000000E-01   1.1100000E-01   4.4020001E-02   0.0000000E+00   2.9300000E+02
   1.0000000E-01   1.1300001E-01   4.4020001E-02   0.0000000E+00   2.9300000E+02
   1.0000000E-01   1.1499999E-01   4.4020001E-02   0.0000000E+00   2.9300000E+02
   1.0000000E-01   1.1700000E-01   4.4020001E-02   0.0000000E+00   2.9300000E+02
   1.0000000E-01   1.1900000E-01   4.4020001E-02   0.0000000E+00   2.9300000E+02
   1.0000000E-01   1.2100000E-01   4.4020001E-02   0.0000000E+00   2.9300000E+02
   1.0000000E-01   1.2633334E-01   4.4020001E-02   0.0000000E+00   2.9300000E+02
   1.0000000E-01   1.3733333E-01   4.4020001E-02   0.0000000E+00   2.9300000E+02
   1.0000000E-01   1.5200000E-01   4.4020001E-02   0.0000000E+00   2.9300000E+02