
   1.0000000E-01   8.0000004E-03  -3.0200002E-03   0.0000000E+00   2.9300000E+02
   1.0000000E-01   2.2666667E-02  -3.0200002E-03   0.0000000E+00   2.9300000E+02
   1.0000000E-01   3.3666667E-02  -3.0200002E-03   0.0000000E+00   2.9300000E+02
   1.0000000E-01   3.8999997E-02  -3.0200002E-03   0.0000000E+00   2.9300000E+02
   1.0000000E-01   4.1000001E-02  -3.0200002E-03   0.0000000E+00   2.9300000E+02
   1.0000000E-01   4.2999998E-02  -3.0200002E-03   4.9999928E-01   6.0049512E+02
   1.0000000E-01   4.5000002E-02  -3.0200002E-03   1.0000000E+00   6.3341168E+02
   1.0000000E-01   4.6999998E-02  -3.0200002E-03   1.0000000E+00   6.8962299E+02
   1.0000000E-01   4.9000002E-02  -3.0200002E-03   1.0000000E+00   7.7490588E+02
   1.0000000E-01   5.0999999E-02  -3.0200002E-03   1.0000000E+00   8.8602216E+02
   1.0000000E-01   5.3000003E-02  -3.0200002E-03   1.0000000E+00   1.0192762E+03
   1.0000000E-01   5.5000000E-02  -3.0200002E-03   1.0000000E+00   1.1689364E+03
   1.0000000E-01   5.7000000E-02  -3.0200002E-03   1.0000000E+00   1.3260895E+03
   1.0000000E-01   5.9000000E-02  -3.0200002E-03   1.0000000E+00   1.4776973E+03
   1.0000000E-01   6.0999997E-02  -3.0200002E-03   9.9864578E-01   1.6041189E+03
   1.0000000E-01   6.3000001E-02  -3.0200002E-03   9.9763131E-01   1.6731021E+03
   1.0000000E-01   6.4999998E-02  -3.0200002E-03   9.9866837E-01   1.6716200E+03
   1.0000000E-01   6.7000002E-02  -3.0200002E-03   9.9937141E-01   1.5997147E+03
   1.0000000E-01   6.9000006E-02  -3.0200002E-03   1.0000000E+00   1.4904889E+03
   1.0000000E-01   7.0999995E-02  -3.0200002E-03   1.0000000E+00   1.3572937E+03
   1.0000000E-01   7.2999999E-02  -3.0200002E-03   1.0000000E+00   1.2141521E+03
   1.0000000E-01   7.5000003E-02  -3.0200002E-03   1.0000000E+00   1.0735656E+03
   1.0000000E-01   7.7000000E-02  -3.0200002E-03   1.0000000E+00   9.4652014E+02
   1.0000000E-01   7.8999996E-02  -3.0200002E-03   1.0000000E+00   8.4235803E+02
   1.0000000E-01   8.1000000E-02  -3.0200002E-03   1.0000000E+00   7.6957294E+02
   1.0000000E-01   8.3000004E-02  -3.0200002E-03   5.4590148E-01   7.2558960E+02
   1.0000000E-01   8.5000001E-02  -3.0200002E-03   0.0000000E+00   2.9300000E+02
   1.0000000E-01   8.6999997E-02  -3.0200002E-03   0.0000000E+00   2.9300000E+02
   1.0000000E-01   8.9000002E-02  -3.0200002E-03   0.0000000E+00   2.9300000E+02
   1.0000000E-01   9.1000006E-02  -3.0200002E-03   0.0000000E+00   2.9300000E+02
   1.0000000E-01   9.2999995E-02  -3.0200002E-03   0.0000000E+00   2.9300000E+02
   1.0000000E-01   9.4999999E-02  -3.0200002E-03   0.0000000E+00   2.9300000E+02
   1.0000000E-01   9.7000003E-02  -3.0200002E-03   0.0000000E+00   2.9300000E+02
   1.0000000E-01   9.8999999E-02  -3.0200002E-03   0.0000000E+00   2.9300000E+02
   1.0000000E-01   1.0100000E-01  -3.0200002E-03   0.0000000E+00   2.9300000E+02
   1.0000000E-01   1.0300000E-01  -3.0200002E-03   0.0000000E+00   2.9300000E+02
   1.0000000E-01   1.0500000E-01  -3.0200002E-03   0.0000000E+00   2.9300000E+02
   1.0000000E-01   1.0700000E-01  -3.0200002E-03   0.0000000E+00   2.9300000E+02
   1.0000000E-01   1.0900000E-01  -3.0200002E-03   0.0000000E+00   2.9300000E+02
   1.0000000E-01   1.1100000E-01  -3.0200002E-03   0.0000000E+00   2.9300000E+02
   1.0000000E-01   1.1300001E-01  -3.0200002E-03   0.0000000E+00   2.9300000E+02
   1.0000000E-01   1.1499999E-01  -3.0200002E-03   0.0000000E+00   2.9300000E+02
   1.0000000E-01   1.1700000E-01  -3.0200002E-03   0.0000000E+00   2.9300000E+02
   1.0000000E-01   1.1900000E-01  -3.0200002E-03   0.0000000E+00   2.9300000E+02
   1.0000000E-01   1.2100000E-01  -3.0200002E-03   0.0000000E+00   2.9300000E+02
   1.0000000E-01   1.2633334E-01  -3.0200002E-03   0.0000000E+00   2.9300000E+02
   1.0000000E-01   1.3733333E-01  -3.0200002E-03   0.0000000E+00   2.9300000E+02
   1.0000000E-01   1.5200000E-01  -3.0200002E-03   0.0000000E+00   2.9300000E+02
   1.0000000E-01   8.0000004E-03  -1.0599999E-03   0.0000000E+00   2.9300000E+02
   1.0000000E-01   2.2666667E-02  -1.0599999E-03   0.0000000E+00   2.9300000E+02
   1.0000000E-01   3.3666667E-02  -1.0599999E-03   0.0000000E+00   2.9300000E+02
   1.0000000E-01   3.8999997E-02  -1.0599999E-03   0.0000000E+00   2.9300000E+02
   1.0000000E-01   4.1000001E-02  -1.0599999E-03   0.0000000E+00   2.9300000E+02
   1.0000000E-01   4.2999998E-02  -1.0599999E-03   4.9999928E-01   5.7885535E+02
   1.0000000E-01   4.5000002E-02  -1.0599999E-03   1.0000000E+00   6.2112329E+02
   1.0000000E-01   4.6999998E-02  -1.0599999E-03   1.0000000E+00   6.8204828E+02
   1.0000000E-01   4.9000002E-02  -1.0599999E-03   1.0000000E+00   7.6985938E+02
   1.0000000E-01   5.0999999E-02  -1.0599999E-03   1.0000000E+00   8.8256152E+02
   1.0000000E-01   5.3000003E-02  -1.0599999E-03   1.0000000E+00   1.0175339E+03
   1.0000000E-01   5.5000000E-02  -1.0599999E-03   1.0000000E+00   1.1700634E+03
   1.0000000E-01   5.7000000E-02  -1.0599999E-03   1.0000000E+00   1.3327523E+03
   1.0000000E-01   5.9000000E-02  -1.0599999E-03   1.0000000E+00   1.4957808E+03
   1.0000000E-01   6.0999997E-02  -1.0599999E-03   9.9847263E-01   1.6419926E+03
   1.0000000E-01   6.3000001E-02  -1.0599999E-03   9.9782908E-01   1.6867327E+03
   1.0000000E-01   6.4999998E-02  -1.0599999E-03   9.9841553E-01   1.6856224E+03
   1.0000000E-01   6.7000002E-02  -1.0599999E-03   9.9978453E-01   1.6300216E+03
   1.0000000E-01   6.9000006E-02  -1.0599999E-03   1.0000000E+00   1.5161071E+03
   1.0000000E-01   7.0999995E-02  -1.0599999E-03   1.0000000E+00   1.3784037E+03
   1.0000000E-01   7.2999999E-02  -1.0599999E-03   1.0000000E+00   1.2299680E+03
   1.0000000E-01   7.5000003E-02  -1.0599999E-03   1.0000000E+00   1.0832776E+03
   1.0000000E-01   7.7000000E-02  -1.0599999E-03   1.0000000E+00   9.4981897E+02
   1.0000000E-01   7.8999996E-02  -1.0599999E-03   1.0000000E+00   8.3855499E+02
   1.0000000E-01   8.1000000E-02  -1.0599999E-03   1.0000000E+00   7.5666498E+02
   1.0000000E-01   8.3000004E-02  -1.0599999E-03   5.4590148E-01   6.9845850E+02
   1.0000000E-01   8.5000001E-02  -1.0599999E-03   0.0000000E+00   2.9300000E+02
   1.0000000E-01   8.6999997E-02  -1.0599999E-03   0.0000000E+00   2.9300000E+02
   1.0000000E-01   8.9000002E-02  -1.0599999E-03   0.0000000E+00   2.9300000E+02
   1.0000000E-01   9.1000006E-02  -1.0599999E-03   0.0000000E+00   2.9300000E+02
   1.0000000E-01   9.2999995E-02  -1.0599999E-03   0.0000000E+00   2.9300000E+02
   1.0000000E-01   9.4999999E-02  -1.0599999E-03   0.0000000E+00   2.9300000E+02
   1.0000000E-01   9.7000003E-02  -1.0599999E-03   0.0000000E+00   2.9300000E+02
   1.0000000E-01   9.8999999E-02  -1.0599999E-03   0.0000000E+00   2.9300000E+02
   1.0000000E-01   1.0100000E-01  -1.0599999E-03   0.0000000E+00   2.9300000E+02
   1.0000000E-01   1.0300000E-01  -1.0599999E-03   0.0000000E+00   2.9300000E+02
   1.0000000E-01   1.0500000E-01  -1.0599999E-03   0.0000000E+00   2.9300000E+02
   1.0000000E-01   1.0700000E-01  -1.0599999E-03   0.0000000E+00   2.9300000E+02
   1.0000000E-01   1.0900000E-01  -1.0599999E-03   0.0000000E+00   2.9300000E+02
   1.0000000E-01   1.1100000E-01  -1.0599999E-03   0.0000000E+00   2.9300000E+02
   1.0000000E-01   1.1300001E-01  -1.0599999E-03   0.0000000E+00   2.9300000E+02
   1.0000000E-01   1.1499999E-01  -1.0599999E-03   0.0000000E+00   2.9300000E+02
   1.0000000E-01   1.1700000E-01  -1.0599999E-03   0.0000000E+00   2.9300000E+02
   1.0000000E-01   1.1900000E-01  -1.0599999E-03   0.0000000E+00   2.9300000E+02
   1.0000000E-01   1.2100000E-01  -1.0599999E-03   0.0000000E+00   2.9300000E+02
   1.0000000E-01   1.2633334E-01  -1.0599999E-03   0.0000000E+00   2.9300000E+02
   1.0000000E-01   1.3733333E-01  -1.0599999E-03   0.0000000E+00   2.9300000E+02
   1.0000000E-01   1.5200000E-01  -1.0599999E-03   0.0000000E+00   2.9300000E+02
   1.0000000E-01   8.0000004E-03   8.9999998E-04   9.5918369E-01   3.5226422E+02
   1.0000000E-01   2.2666667E-02   8.9999998E-04   9.5918369E-01   3.5444711E+02
   1.0000000E-01   3.3666667E-02   8.9999998E-04   9.5918369E-01   3.7608380E+02
   1.0000000E-01   3.8999997E-02   8.9999998E-04   9.5918369E-01   4.3912100E+02
   1.0000000E-01   4.1000001E-02   8.9999998E-04   9.5918369E-01   4.7690485E+02
   1.0000000E-01   4.2999998E-02   8.9999998E-04   9.8979592E-01   5.3479974E+02
   1.0000000E-01   4.5000002E-02   8.9999998E-04   1.0000000E+00   5.9499182E+02
   1.0000000E-01   4.6999998E-02   8.9999998E-04   1.0000000E+00   6.6584821E+02
   1.0000000E-01   4.9000002E-02   8.9999998E-04   1.0000000E+00   7.5711536E+02
   1.0000000E-01   5.0999999E-02   8.9999998E-04   1.0000000E+00   8.7131500E+02
   1.0000000E-01   5.3000003E-02   8.9999998E-04   1.0000000E+00   1.0079097E+03
   1.0000000E-01   5.5000000E-02   8.9999998E-04   1.0000000E+00   1.1637775E+03
   1.0000000E-01   5.7000000E-02   8.9999998E-04   1.0000000E+00   1.3332864E+03
   1.0000000E-01   5.9000000E-02   8.9999998E-04   9.9883562E-01   1.5096400E+03
   1.0000000E-01   6.0999997E-02   8.9999998E-04   9.9857223E-01   1.6889170E+03
   1.0000000E-01   6.3000001E-02   8.9999998E-04   9.9830681E-01   1.6955215E+03
   1.0000000E-01   6.4999998E-02   8.9999998E-04   9.9870521E-01   1.6948821E+03
   1.0000000E-01   6.7000002E-02   8.9999998E-04   9.9990797E-01   1.6836477E+03
   1.0000000E-01   6.9000006E-02   8.9999998E-04   1.0000000E+00   1.5560948E+03
   1.0000000E-01   7.0999995E-02   8.9999998E-04   1.0000000E+00   1.4131361E+03
   1.0000000E-01   7.2999999E-02   8.9999998E-04   1.0000000E+00   1.2551074E+03
   1.0000000E-01   7.5000003E-02   8.9999998E-04   1.0000000E+00   1.0965979E+03
   1.0000000E-01   7.7000000E-02   8.9999998E-04   1.0000000E+00   9.5156854E+02
   1.0000000E-01   7.8999996E-02   8.9999998E-04   1.0000000E+00   8.2808905E+02
   1.0000000E-01   8.1000000E-02   8.9999998E-04   1.0000000E+00   7.2734320E+02
   1.0000000E-01   8.3000004E-02   8.9999998E-04   1.0000000E+00   6.3929297E+02
   1.0000000E-01   8.5000001E-02   8.9999998E-04   9.5918369E-01   5.4991742E+02
   1.0000000E-01   8.6999997E-02   8.9999998E-04   9.5918369E-01   4.8680209E+02
   1.0000000E-01   8.9000002E-02   8.9999998E-04   9.5918369E-01   4.4271527E+02
   1.0000000E-01   9.1000006E-02   8.9999998E-04   9.5918369E-01   4.1215521E+02
   1.0000000E-01   9.2999995E-02   8.9999998E-04   9.5918369E-01   3.9127356E+02
   1.0000000E-01   9.4999999E-02   8.9999998E-04   9.5918369E-01   3.7724380E+02
   1.0000000E-01   9.7000003E-02   8.9999998E-04   9.5918369E-01   3.6798264E+02
   1.0000000E-01   9.8999999E-02   8.9999998E-04   9.5918369E-01   3.6197641E+02
   1.0000000E-01   1.0100000E-01   8.9999998E-04   9.5918369E-01   3.5814838E+02
   1.0000000E-01   1.0300000E-01   8.9999998E-04   9.5918369E-01   3.5574976E+02
   1.0000000E-01   1.0500000E-01   8.9999998E-04   9.5918369E-01   3.5427164E+02
   1.0000000E-01   1.0700000E-01   8.9999998E-04   9.5918369E-01   3.5337564E+02
   1.0000000E-01   1.0900000E-01   8.9999998E-04   9.5918369E-01   3.5284134E+02
   1.0000000E-01   1.1100000E-01   8.9999998E-04   9.5918369E-01   3.5252808E+02
   1.0000000E-01   1.1300001E-01   8.9999998E-04   9.5918369E-01   3.5234760E+02
   1.0000000E-01   1.1499999E-01   8.9999998E-04   9.5918369E-01   3.5224561E+02
   1.0000000E-01   1.1700000E-01   8.9999998E-04   9.5918369E-01   3.5218936E+02
   1.0000000E-01   1.1900000E-01   8.9999998E-04   9.5918369E-01   3.5215936E+02
   1.0000000E-01   1.2100000E-01   8.9999998E-04   9.5918369E-01   3.5214444E+02
   1.0000000E-01   1.2633334E-01   8.9999998E-04   9.5918369E-01   3.5212854E+02
   1.0000000E-01   1.3733333E-01   8.9999998E-04   9.5918369E-01   3.5212299E+02
   1.0000000E-01   1.5200000E-01   8.9999998E-04   4.7959173E-01   3.5211346E+02
   1.0000000E-01   8.0000004E-03   2.8599999E-03   1.0000000E+00   3.5236417E+02
   1.0000000E-01   2.2666667E-02   2.8599999E-03   1.0000000E+00   3.5448953E+02
   1.0000000E-01   3.3666667E-02   2.8599999E-03   1.0000000E+00   3.7541364E+02
   1.0000000E-01   3.8999997E-02   2.8599999E-03   1.0000000E+00   4.3497247E+02
   1.0000000E-01   4.1000001E-02   2.8599999E-03   1.0000000E+00   4.6879828E+02
   1.0000000E-01   4.2999998E-02   2.8599999E-03   1.0000000E+00   5.1619580E+02
   1.0000000E-01   4.5000002E-02   2.8599999E-03   1.0000000E+00   5.7435449E+02
   1.0000000E-01   4.6999998E-02   2.8599999E-03   1.0000000E+00   6.4675055E+02
   1.0000000E-01   4.9000002E-02   2.8599999E-03   1.0000000E+00   7.3847845E+02
   1.0000000E-01   5.0999999E-02   2.8599999E-03   1.0000000E+00   8.5247296E+02
   1.0000000E-01   5.3000003E-02   2.8599999E-03   1.0000000E+00   9.8947174E+02
   1.0000000E-01   5.5000000E-02   2.8599999E-03   1.0000000E+00   1.1479490E+03
   1.0000000E-01   5.7000000E-02   2.8599999E-03   1.0000000E+00   1.3240513E+03
   1.0000000E-01   5.9000000E-02   2.8599999E-03   1.0000000E+00   1.5122205E+03
   1.0000000E-01   6.0999997E-02   2.8599999E-03   9.9881059E-01   1.7068812E+03
   1.0000000E-01   6.3000001E-02   2.8599999E-03   9.9856216E-01   1.7053311E+03
   1.0000000E-01   6.4999998E-02   2.8599999E-03   9.9893349E-01   1.7033247E+03
   1.0000000E-01   6.7000002E-02   2.8599999E-03   9.9991518E-01   1.6990994E+03
   1.0000000E-01   6.9000006E-02   2.8599999E-03   9.9000317E-01   1.6075868E+03
   1.0000000E-01   7.0999995E-02   2.8599999E-03   1.0000000E+00   1.4656736E+03
   1.0000000E-01   7.2999999E-02   2.8599999E-03   1.0000000E+00   1.2902794E+03
   1.0000000E-01   7.5000003E-02   2.8599999E-03   1.0000000E+00   1.1115234E+03
   1.0000000E-01   7.7000000E-02   2.8599999E-03   1.0000000E+00   9.5071429E+02
   1.0000000E-01   7.8999996E-02   2.8599999E-03   1.0000000E+00   8.1575488E+02
   1.0000000E-01   8.1000000E-02   2.8599999E-03   1.0000000E+00   7.0596271E+02
   1.0000000E-01   8.3000004E-02   2.8599999E-03   1.0000000E+00   6.1556458E+02
   1.0000000E-01   8.5000001E-02   2.8599999E-03   1.0000000E+00   5.3921204E+02
   1.0000000E-01   8.6999997E-02   2.8599999E-03   1.0000000E+00   4.8145270E+02
   1.0000000E-01   8.9000002E-02   2.8599999E-03   1.0000000E+00   4.3973761E+02
   1.0000000E-01   9.1000006E-02   2.8599999E-03   1.0000000E+00   4.1041809E+02
   1.0000000E-01   9.2999995E-02   2.8599999E-03   1.0000000E+00   3.9025388E+02
   1.0000000E-01   9.4999999E-02   2.8599999E-03   1.0000000E+00   3.7665930E+02
   1.0000000E-01   9.7000003E-02   2.8599999E-03   1.0000000E+00   3.6766663E+02
   1.0000000E-01   9.8999999E-02   2.8599999E-03   1.0000000E+00   3.6182632E+02
   1.0000000E-01   1.0100000E-01   2.8599999E-03   1.0000000E+00   3.5810007E+02
   1.0000000E-01   1.0300000E-01   2.8599999E-03   1.0000000E+00   3.5576331E+02
   1.0000000E-01   1.0500000E-01   2.8599999E-03   1.0000000E+00   3.5432233E+02
   1.0000000E-01   1.0700000E-01   2.8599999E-03   1.0000000E+00   3.5344836E+02
   1.0000000E-01   1.0900000E-01   2.8599999E-03   1.0000000E+00   3.5292697E+02
   1.0000000E-01   1.1100000E-01   2.8599999E-03   1.0000000E+00   3.5262115E+02
   1.0000000E-01   1.1300001E-01   2.8599999E-03   1.0000000E+00   3.5244492E+02
   1.0000000E-01   1.1499999E-01   2.8599999E-03   1.0000000E+00   3.5234537E+02
   1.0000000E-01   1.1700000E-01   2.8599999E-03   1.0000000E+00   3.5229047E+02
   1.0000000E-01   1.1900000E-01   2.8599999E-03   1.0000000E+00   3.5226123E+02
   1.0000000E-01   1.2100000E-01   2.8599999E-03   1.0000000E+00   3.5224673E+02
   1.0000000E-01   1.2633334E-01   2.8599999E-03   1.0000000E+00   3.5223132E+02
   1.0000000E-01   1.3733333E-01   2.8599999E-03   1.0000000E+00   3.5222568E+02
   1.0000000E-01   1.5200000E-01   2.8599999E-03   1.0000000E+00   3.5219150E+02
   1.0000000E-01   8.0000004E-03   4.8199999E-03   1.0000000E+00   3.5245203E+02
   1.0000000E-01   2.2666667E-02   4.8199999E-03   1.0000000E+00   3.5446490E+02
   1.0000000E-01   3.3666667E-02   4.8199999E-03   1.0000000E+00   3.7408377E+02
   1.0000000E-01   3.8999997E-02   4.8199999E-03   1.0000000E+00   4.2861740E+02
   1.0000000E-01   4.1000001E-02   4.8199999E-03   1.0000000E+00   4.5883524E+02
   1.0000000E-01   4.2999998E-02   4.8199999E-03   1.0000000E+00   5.0069406E+02
   1.0000000E-01   4.5000002E-02   4.8199999E-03   1.0000000E+00   5.5524280E+02
   1.0000000E-01   4.6999998E-02   4.8199999E-03   1.0000000E+00   6.2532159E+02
   1.0000000E-01   4.9000002E-02   4.8199999E-03   1.0000000E+00   7.1459155E+02
   1.0000000E-01   5.0999999E-02   4.8199999E-03   1.0000000E+00   8.2605310E+02
   1.0000000E-01   5.3000003E-02   4.8199999E-03   1.0000000E+00   9.6148846E+02
   1.0000000E-01   5.5000000E-02   4.8199999E-03   1.0000000E+00   1.1211523E+03
   1.0000000E-01   5.7000000E-02   4.8199999E-03   1.0000000E+00   1.3035002E+03
   1.0000000E-01   5.9000000E-02   4.8199999E-03   1.0000000E+00   1.5049989E+03
   1.0000000E-01   6.0999997E-02   4.8199999E-03   9.9908894E-01   1.7202933E+03
   1.0000000E-01   6.3000001E-02   4.8199999E-03   9.9877387E-01   1.7156384E+03
   1.0000000E-01   6.4999998E-02   4.8199999E-03   9.9931574E-01   1.7099077E+03
   1.0000000E-01   6.7000002E-02   4.8199999E-03   9.9996370E-01   1.7081177E+03
   1.0000000E-01   6.9000006E-02   4.8199999E-03   9.9997920E-01   1.7022706E+03
   1.0000000E-01   7.0999995E-02   4.8199999E-03   9.9710828E-01   1.5506669E+03
   1.0000000E-01   7.2999999E-02   4.8199999E-03   1.0000000E+00   1.3341661E+03
   1.0000000E-01   7.5000003E-02   4.8199999E-03   1.0000000E+00   1.1201025E+03
   1.0000000E-01   7.7000000E-02   4.8199999E-03   1.0000000E+00   9.4025623E+02
   1.0000000E-01   7.8999996E-02   4.8199999E-03   1.0000000E+00   7.9699152E+02
   1.0000000E-01   8.1000000E-02   4.8199999E-03   1.0000000E+00   6.8422229E+02
   1.0000000E-01   8.3000004E-02   4.8199999E-03   1.0000000E+00   5.9540173E+02
   1.0000000E-01   8.5000001E-02   4.8199999E-03   1.0000000E+00   5.2552698E+02
   1.0000000E-01   8.6999997E-02   4.8199999E-03   1.0000000E+00   4.7274420E+02
   1.0000000E-01   8.9000002E-02   4.8199999E-03   1.0000000E+00   4.3427115E+02
   1.0000000E-01   9.1000006E-02   4.8199999E-03   1.0000000E+00   4.0701303E+02
   1.0000000E-01   9.2999995E-02   4.8199999E-03   1.0000000E+00   3.8815842E+02
   1.0000000E-01   9.4999999E-02   4.8199999E-03   1.0000000E+00   3.7539481E+02
   1.0000000E-01   9.7000003E-02   4.8199999E-03   1.0000000E+00   3.6692645E+02
   1.0000000E-01   9.8999999E-02   4.8199999E-03   1.0000000E+00   3.6141391E+02
   1.0000000E-01   1.0100000E-01   4.8199999E-03   1.0000000E+00   3.5789032E+02
   1.0000000E-01   1.0300000E-01   4.8199999E-03   1.0000000E+00   3.5567725E+02
   1.0000000E-01   1.0500000E-01   4.8199999E-03   1.0000000E+00   3.5431082E+02
   1.0000000E-01   1.0700000E-01   4.8199999E-03   1.0000000E+00   3.5348114E+02
   1.0000000E-01   1.0900000E-01   4.8199999E-03   1.0000000E+00   3.5298578E+02
   1.0000000E-01   1.1100000E-01   4.8199999E-03   1.0000000E+00   3.5269504E+02
   1.0000000E-01   1.1300001E-01   4.8199999E-03   1.0000000E+00   3.5252747E+02
   1.0000000E-01   1.1499999E-01   4.8199999E-03   1.0000000E+00   3.5243283E+02
   1.0000000E-01   1.1700000E-01   4.8199999E-03   1.0000000E+00   3.5238068E+02
   1.0000000E-01   1.1900000E-01   4.8199999E-03   1.0000000E+00   3.5235297E+02
   1.0000000E-01   1.2100000E-01   4.8199999E-03   1.0000000E+00   3.5233926E+02
   1.0000000E-01   1.2633334E-01   4.8199999E-03   1.0000000E+00   3.5232492E+02
   1.0000000E-01   1.3733333E-01   4.8199999E-03   1.0000000E+00   3.5231964E+02
   1.0000000E-01   1.5200000E-01   4.8199999E-03   1.0000000E+00   3.5229089E+02
   1.0000000E-01   8.0000004E-03   6.7799999E-03   1.0000000E+00   3.5252567E+02
   1.0000000E-01   2.2666667E-02   6.7799999E-03   1.0000000E+00   3.5438202E+02
   1.0000000E-01   3.3666667E-02   6.7799999E-03   1.0000000E+00   3.7228110E+02
   1.0000000E-01   3.8999997E-02   6.7799999E-03   1.0000000E+00   4.2115976E+02
   1.0000000E-01   4.1000001E-02   6.7799999E-03   1.0000000E+00   4.4807852E+02
   1.0000000E-01   4.2999998E-02   6.7799999E-03   1.0000000E+00   4.8556665E+02
   1.0000000E-01   4.5000002E-02   6.7799999E-03   1.0000000E+00   5.3569415E+02
   1.0000000E-01   4.6999998E-02   6.7799999E-03   1.0000000E+00   6.0126831E+02
   1.0000000E-01   4.9000002E-02   6.7799999E-03   1.0000000E+00   6.8558905E+02
   1.0000000E-01   5.0999999E-02   6.7799999E-03   1.0000000E+00   7.9188892E+02
   1.0000000E-01   5.3000003E-02   6.7799999E-03   1.0000000E+00   9.2301624E+02
   1.0000000E-01   5.5000000E-02   6.7799999E-03   1.0000000E+00   1.0813198E+03
   1.0000000E-01   5.7000000E-02   6.7799999E-03   1.0000000E+00   1.2685193E+03
   1.0000000E-01   5.9000000E-02   6.7799999E-03   1.0000000E+00   1.4848801E+03
   1.0000000E-01   6.0999997E-02   6.7799999E-03   9.9920958E-01   1.7255183E+03
   1.0000000E-01   6.3000001E-02   6.7799999E-03   9.9919558E-01   1.7239899E+03
   1.0000000E-01   6.4999998E-02   6.7799999E-03   9.9973363E-01   1.7227299E+03
   1.0000000E-01   6.7000002E-02   6.7799999E-03   9.9996340E-01   1.7293071E+03
   1.0000000E-01   6.9000006E-02   6.7799999E-03   9.9996841E-01   1.7164235E+03
   1.0000000E-01   7.0999995E-02   6.7799999E-03   9.9583143E-01   1.6879451E+03
   1.0000000E-01   7.2999999E-02   6.7799999E-03   9.9003601E-01   1.3731927E+03
   1.0000000E-01   7.5000003E-02   6.7799999E-03   1.0000000E+00   1.0998400E+03
   1.0000000E-01   7.7000000E-02   6.7799999E-03   1.0000000E+00   9.0543488E+02
   1.0000000E-01   7.8999996E-02   6.7799999E-03   1.0000000E+00   7.6382288E+02
   1.0000000E-01   8.1000000E-02   6.7799999E-03   1.0000000E+00   6.5574164E+02
   1.0000000E-01   8.3000004E-02   6.7799999E-03   1.0000000E+00   5.7261316E+02
   1.0000000E-01   8.5000001E-02   6.7799999E-03   1.0000000E+00   5.0906418E+02
   1.0000000E-01   8.6999997E-02   6.7799999E-03   1.0000000E+00   4.6153629E+02
   1.0000000E-01   8.9000002E-02   6.7799999E-03   1.0000000E+00   4.2689734E+02
   1.0000000E-01   9.1000006E-02   6.7799999E-03   1.0000000E+00   4.0227505E+02
   1.0000000E-01   9.2999995E-02   6.7799999E-03   1.0000000E+00   3.8517581E+02
   1.0000000E-01   9.4999999E-02   6.7799999E-03   1.0000000E+00   3.7355688E+02
   1.0000000E-01   9.7000003E-02   6.7799999E-03   1.0000000E+00   3.6582236E+02
   1.0000000E-01   9.8999999E-02   6.7799999E-03   1.0000000E+00   3.6077307E+02
   1.0000000E-01   1.0100000E-01   6.7799999E-03   1.0000000E+00   3.5753760E+02
   1.0000000E-01   1.0300000E-01   6.7799999E-03   1.0000000E+00   3.5550113E+02
   1.0000000E-01   1.0500000E-01   6.7799999E-03   1.0000000E+00   3.5424139E+02
   1.0000000E-01   1.0700000E-01   6.7799999E-03   1.0000000E+00   3.5347534E+02
   1.0000000E-01   1.0900000E-01   6.7799999E-03   1.0000000E+00   3.5301740E+02
   1.0000000E-01   1.1100000E-01   6.7799999E-03   1.0000000E+00   3.5274838E+02
   1.0000000E-01   1.1300001E-01   6.7799999E-03   1.0000000E+00   3.5259329E+02
   1.0000000E-01   1.1499999E-01   6.7799999E-03   1.0000000E+00   3.5250571E+02
   1.0000000E-01   1.1700000E-01   6.7799999E-03   1.0000000E+00   3.5245752E+02
   1.0000000E-01   1.1900000E-01   6.7799999E-03   1.0000000E+00   3.5243204E+02
   1.0000000E-01   1.2100000E-01   6.7799999E-03   1.0000000E+00   3.5241953E+02
   1.0000000E-01   1.2633334E-01   6.7799999E-03   1.0000000E+00   3.5240671E+02
   1.0000000E-01   1.3733333E-01   6.7799999E-03   1.0000000E+00   3.5240216E+02
   1.0000000E-01   1.5200000E-01   6.7799999E-03   1.0000000E+00   3.5237799E+02
   1.0000000E-01   8.0000004E-03   8.7400004E-03   1.0000000E+00   3.5258582E+02
   1.0000000E-01   2.2666667E-02   8.7400004E-03   1.0000000E+00   3.5425534E+02
   1.0000000E-01   3.3666667E-02   8.7400004E-03   1.0000000E+00   3.7018735E+02
   1.0000000E-01   3.8999997E-02   8.7400004E-03   1.0000000E+00   4.1317014E+02
   1.0000000E-01   4.1000001E-02   8.7400004E-03   1.0000000E+00   4.3686667E+02
   1.0000000E-01   4.2999998E-02   8.7400004E-03   1.0000000E+00   4.7008475E+02
   1.0000000E-01   4.5000002E-02   8.7400004E-03   1.0000000E+00   5.1507227E+02
   1.0000000E-01   4.6999998E-02   8.7400004E-03   1.0000000E+00   5.7455609E+02
   1.0000000E-01   4.9000002E-02   8.7400004E-03   1.0000000E+00   6.5168005E+02
   1.0000000E-01   5.0999999E-02   8.7400004E-03   1.0000000E+00   7.4985193E+02
   1.0000000E-01   5.3000003E-02   8.7400004E-03   1.0000000E+00   8.7277539E+02
   1.0000000E-01   5.5000000E-02   8.7400004E-03   1.0000000E+00   1.0248572E+03
   1.0000000E-01   5.7000000E-02   8.7400004E-03   1.0000000E+00   1.2121587E+03
   1.0000000E-01   5.9000000E-02   8.7400004E-03   1.0000000E+00   1.4436777E+03
   1.0000000E-01   6.0999997E-02   8.7400004E-03   9.9935853E-01   1.7273364E+03
   1.0000000E-01   6.3000001E-02   8.7400004E-03   9.9903071E-01   1.7352784E+03
   1.0000000E-01   6.4999998E-02   8.7400004E-03   7.0667267E-01   1.7329707E+03
   1.0000000E-01   6.7000002E-02   8.7400004E-03   3.7464482E-01   1.7384994E+03
   1.0000000E-01   6.9000006E-02   8.7400004E-03   1.8093796E-01   1.7387419E+03
   1.0000000E-01   7.0999995E-02   8.7400004E-03   6.4628065E-02   1.7361969E+03
   1.0000000E-01   7.2999999E-02   8.7400004E-03   0.0000000E+00   2.9300000E+02
   1.0000000E-01   7.5000003E-02   8.7400004E-03   6.2265325E-01   9.6802600E+02
   1.0000000E-01   7.7000000E-02   8.7400004E-03   1.0000000E+00   8.2510559E+02
   1.0000000E-01   7.8999996E-02   8.7400004E-03   1.0000000E+00   7.1024121E+02
   1.0000000E-01   8.1000000E-02   8.7400004E-03   1.0000000E+00   6.1756439E+02
   1.0000000E-01   8.3000004E-02   8.7400004E-03   1.0000000E+00   5.4512256E+02
   1.0000000E-01   8.5000001E-02   8.7400004E-03   1.0000000E+00   4.8973947E+02
   1.0000000E-01   8.6999997E-02   8.7400004E-03   1.0000000E+00   4.4834631E+02
   1.0000000E-01   8.9000002E-02   8.7400004E-03   1.0000000E+00   4.1812778E+02
   1.0000000E-01   9.1000006E-02   8.7400004E-03   1.0000000E+00   3.9657602E+02
   1.0000000E-01   9.2999995E-02   8.7400004E-03   1.0000000E+00   3.8154932E+02
   1.0000000E-01   9.4999999E-02   8.7400004E-03   1.0000000E+00   3.7129733E+02
   1.0000000E-01   9.7000003E-02   8.7400004E-03   1.0000000E+00   3.6444678E+02
   1.0000000E-01   9.8999999E-02   8.7400004E-03   1.0000000E+00   3.5995908E+02
   1.0000000E-01   1.0100000E-01   8.7400004E-03   1.0000000E+00   3.5707452E+02
   1.0000000E-01   1.0300000E-01   8.7400004E-03   1.0000000E+00   3.5525394E+02
   1.0000000E-01   1.0500000E-01   8.7400004E-03   1.0000000E+00   3.5412506E+02
   1.0000000E-01   1.0700000E-01   8.7400004E-03   1.0000000E+00   3.5343719E+02
   1.0000000E-01   1.0900000E-01   8.7400004E-03   1.0000000E+00   3.5302533E+02
   1.0000000E-01   1.1100000E-01   8.7400004E-03   1.0000000E+00   3.5278314E+02
   1.0000000E-01   1.1300001E-01   8.7400004E-03   1.0000000E+00   3.5264346E+02
   1.0000000E-01   1.1499999E-01   8.7400004E-03   1.0000000E+00   3.5256467E+02
   1.0000000E-01   1.1700000E-01   8.7400004E-03   1.0000000E+00   3.5252145E+02
   1.0000000E-01   1.1900000E-01   8.7400004E-03   1.0000000E+00   3.5249869E+02
   1.0000000E-01   1.2100000E-01   8.7400004E-03   1.0000000E+00   3.5248767E+02
   1.0000000E-01   1.2633334E-01   8.7400004E-03   1.0000000E+00   3.5247681E+02
   1.0000000E-01   1.3733333E-01   8.7400004E-03   1.0000000E+00   3.5247324E+02
   1.0000000E-01   1.5200000E-01   8.7400004E-03   1.0000000E+00   3.5245291E+02
   1.0000000E-01   8.0000004E-03   1.0700000E-02   1.0000000E+00   3.5263330E+02
   1.0000000E-01   2.2666667E-02   1.0700000E-02   1.0000000E+00   3.5409918E+02
   1.0000000E-01   3.3666667E-02   1.0700000E-02   1.0000000E+00   3.6795160E+02
   1.0000000E-01   3.8999997E-02   1.0700000E-02   1.0000000E+00   4.0498846E+02
   1.0000000E-01   4.1000001E-02   1.0700000E-02   1.0000000E+00   4.2544989E+02
   1.0000000E-01   4.2999998E-02   1.0700000E-02   1.0000000E+00   4.5425497E+02
   1.0000000E-01   4.5000002E-02   1.0700000E-02   1.0000000E+00   4.9350208E+02
   1.0000000E-01   4.6999998E-02   1.0700000E-02   1.0000000E+00   5.4566565E+02
   1.0000000E-01   4.9000002E-02   1.0700000E-02   1.0000000E+00   6.1358044E+02
   1.0000000E-01   5.0999999E-02   1.0700000E-02   1.0000000E+00   7.0043634E+02
   1.0000000E-01   5.3000003E-02   1.0700000E-02   1.0000000E+00   8.0997876E+02
   1.0000000E-01   5.5000000E-02   1.0700000E-02   1.0000000E+00   9.4728040E+02
   1.0000000E-01   5.7000000E-02   1.0700000E-02   1.0000000E+00   1.1212957E+03
   1.0000000E-01   5.9000000E-02   1.0700000E-02   1.0000000E+00   1.3547870E+03
   1.0000000E-01   6.0999997E-02   1.0700000E-02   9.9970406E-01   1.7231393E+03
   1.0000000E-01   6.3000001E-02   1.0700000E-02   2.4759279E-01   1.7369663E+03
   1.0000000E-01   6.4999998E-02   1.0700000E-02   0.0000000E+00   2.9300000E+02
   1.0000000E-01   6.7000002E-02   1.0700000E-02   0.0000000E+00   2.9300000E+02
   1.0000000E-01   6.9000006E-02   1.0700000E-02   0.0000000E+00   2.9300000E+02
   1.0000000E-01   7.0999995E-02   1.0700000E-02   0.0000000E+00   2.9300000E+02
   1.0000000E-01   7.2999999E-02   1.0700000E-02   0.0000000E+00   2.9300000E+02
   1.0000000E-01   7.5000003E-02   1.0700000E-02   1.0000026E-02   8.5493762E+02
   1.0000000E-01   7.7000000E-02   1.0700000E-02   6.4000016E-01   7.3370795E+02
   1.0000000E-01   7.8999996E-02   1.0700000E-02   1.0000000E+00   6.4539429E+02
   1.0000000E-01   8.1000000E-02   1.0700000E-02   1.0000000E+00   5.7276270E+02
   1.0000000E-01   8.3000004E-02   1.0700000E-02   1.0000000E+00   5.1404401E+02
   1.0000000E-01   8.5000001E-02   1.0700000E-02   1.0000000E+00   4.6836633E+02
   1.0000000E-01   8.6999997E-02   1.0700000E-02   1.0000000E+00   4.3387833E+02
   1.0000000E-01   8.9000002E-02   1.0700000E-02   1.0000000E+00   4.0851266E+02
   1.0000000E-01   9.1000006E-02   1.0700000E-02   1.0000000E+00   3.9030627E+02
   1.0000000E-01   9.2999995E-02   1.0700000E-02   1.0000000E+00   3.7753854E+02
   1.0000000E-01   9.4999999E-02   1.0700000E-02   1.0000000E+00   3.6878174E+02
   1.0000000E-01   9.7000003E-02   1.0700000E-02   1.0000000E+00   3.6290228E+02
   1.0000000E-01   9.8999999E-02   1.0700000E-02   1.0000000E+00   3.5903412E+02
   1.0000000E-01   1.0100000E-01   1.0700000E-02   1.0000000E+00   3.5653815E+02
   1.0000000E-01   1.0300000E-01   1.0700000E-02   1.0000000E+00   3.5495746E+02
   1.0000000E-01   1.0500000E-01   1.0700000E-02   1.0000000E+00   3.5397443E+02
   1.0000000E-01   1.0700000E-01   1.0700000E-02   1.0000000E+00   3.5337393E+02
   1.0000000E-01   1.0900000E-01   1.0700000E-02   1.0000000E+00   3.5301370E+02
   1.0000000E-01   1.1100000E-01   1.0700000E-02   1.0000000E+00   3.5280164E+02
   1.0000000E-01   1.1300001E-01   1.0700000E-02   1.0000000E+00   3.5267935E+02
   1.0000000E-01   1.1499999E-01   1.0700000E-02   1.0000000E+00   3.5261047E+02
   1.0000000E-01   1.1700000E-01   1.0700000E-02   1.0000000E+00   3.5257285E+02
   1.0000000E-01   1.1900000E-01   1.0700000E-02   1.0000000E+00   3.5255322E+02
   1.0000000E-01   1.2100000E-01   1.0700000E-02   1.0000000E+00   3.5254388E+02
   1.0000000E-01   1.2633334E-01   1.0700000E-02   1.0000000E+00   3.5253528E+02
   1.0000000E-01   1.3733333E-01   1.0700000E-02   1.0000000E+00   3.5253281E+02
   1.0000000E-01   1.5200000E-01   1.0700000E-02   1.0000000E+00   3.5251578E+02
   1.0000000E-01   8.0000004E-03   1.2660000E-02   1.0000000E+00   3.5266888E+02
   1.0000000E-01   2.2666667E-02   1.2660000E-02   1.0000000E+00   3.5392621E+02
   1.0000000E-01   3.3666667E-02   1.2660000E-02   1.0000000E+00   3.6569534E+02
   1.0000000E-01   3.8999997E-02   1.2660000E-02   1.0000000E+00   3.9689795E+02
   1.0000000E-01   4.1000001E-02   1.2660000E-02   1.0000000E+00   4.1414276E+02
   1.0000000E-01   4.2999998E-02   1.2660000E-02   1.0000000E+00   4.3844495E+02
   1.0000000E-01   4.5000002E-02   1.2660000E-02   1.0000000E+00   4.7159225E+02
   1.0000000E-01   4.6999998E-02   1.2660000E-02   1.0000000E+00   5.1563818E+02
   1.0000000E-01   4.9000002E-02   1.2660000E-02   1.0000000E+00   5.7285126E+02
   1.0000000E-01   5.0999999E-02   1.2660000E-02   1.0000000E+00   6.4563910E+02
   1.0000000E-01   5.3000003E-02   1.2660000E-02   1.0000000E+00   7.3646820E+02
   1.0000000E-01   5.5000000E-02   1.2660000E-02   1.0000000E+00   8.4767554E+02
   1.0000000E-01   5.7000000E-02   1.2660000E-02   1.0000000E+00   9.8084009E+02
   1.0000000E-01   5.9000000E-02   1.2660000E-02   1.0000000E+00   1.1373550E+03
   1.0000000E-01   6.0999997E-02   1.2660000E-02   2.6492101E-01   1.6793828E+03
   1.0000000E-01   6.3000001E-02   1.2660000E-02   0.0000000E+00   2.9300000E+02
   1.0000000E-01   6.4999998E-02   1.2660000E-02   0.0000000E+00   2.9300000E+02
   1.0000000E-01   6.7000002E-02   1.2660000E-02   0.0000000E+00   2.9300000E+02
   1.0000000E-01   6.9000006E-02   1.2660000E-02   0.0000000E+00   2.9300000E+02
   1.0000000E-01   7.0999995E-02   1.2660000E-02   0.0000000E+00   2.9300000E+02
   1.0000000E-01   7.2999999E-02   1.2660000E-02   0.0000000E+00   2.9300000E+02
   1.0000000E-01   7.5000003E-02   1.2660000E-02   0.0000000E+00   2.9300000E+02
   1.0000000E-01   7.7000000E-02   1.2660000E-02   1.3061253E-02   6.5654907E+02
   1.0000000E-01   7.8999996E-02   1.2660000E-02   6.5693891E-01   5.8205420E+02
   1.0000000E-01   8.1000000E-02   1.2660000E-02   1.0000000E+00   5.2686603E+02
   1.0000000E-01   8.3000004E-02   1.2660000E-02   1.0000000E+00   4.8217615E+02
   1.0000000E-01   8.5000001E-02   1.2660000E-02   1.0000000E+00   4.4651144E+02
   1.0000000E-01   8.6999997E-02   1.2660000E-02   1.0000000E+00   4.1910391E+02
   1.0000000E-01   8.9000002E-02   1.2660000E-02   1.0000000E+00   3.9868369E+02
   1.0000000E-01   9.1000006E-02   1.2660000E-02   1.0000000E+00   3.8387823E+02
   1.0000000E-01   9.2999995E-02   1.2660000E-02   1.0000000E+00   3.7340900E+02
   1.0000000E-01   9.4999999E-02   1.2660000E-02   1.0000000E+00   3.6617773E+02
   1.0000000E-01   9.7000003E-02   1.2660000E-02   1.0000000E+00   3.6129266E+02
   1.0000000E-01   9.8999999E-02   1.2660000E-02   1.0000000E+00   3.5806128E+02
   1.0000000E-01   1.0100000E-01   1.2660000E-02   1.0000000E+00   3.5596628E+02
   1.0000000E-01   1.0300000E-01   1.2660000E-02   1.0000000E+00   3.5463397E+02
   1.0000000E-01   1.0500000E-01   1.2660000E-02   1.0000000E+00   3.5380246E+02
   1.0000000E-01   1.0700000E-01   1.2660000E-02   1.0000000E+00   3.5329303E+02
   1.0000000E-01   1.0900000E-01   1.2660000E-02   1.0000000E+00   3.5298679E+02
   1.0000000E-01   1.1100000E-01   1.2660000E-02   1.0000000E+00   3.5280630E+02
   1.0000000E-01   1.1300001E-01   1.2660000E-02   1.0000000E+00   3.5270230E+02
   1.0000000E-01   1.1499999E-01   1.2660000E-02   1.0000000E+00   3.5264386E+02
   1.0000000E-01   1.1700000E-01   1.2660000E-02   1.0000000E+00   3.5261218E+02
   1.0000000E-01   1.1900000E-01   1.2660000E-02   1.0000000E+00   3.5259589E+02
   1.0000000E-01   1.2100000E-01   1.2660000E-02   1.0000000E+00   3.5258841E+02
   1.0000000E-01   1.2633334E-01   1.2660000E-02   1.0000000E+00   3.5258218E+02
   1.0000000E-01   1.3733333E-01   1.2660000E-02   1.0000000E+00   3.5258099E+02
   1.0000000E-01   1.5200000E-01   1.2660000E-02   1.0000000E+00   3.5256668E+02
   1.0000000E-01   8.0000004E-03   1.4620000E-02   1.0000000E+00   3.5269324E+02
   1.0000000E-01   2.2666667E-02   1.4620000E-02   1.0000000E+00   3.5374719E+02
   1.0000000E-01   3.3666667E-02   1.4620000E-02   1.0000000E+00   3.6351685E+02
   1.0000000E-01   3.8999997E-02   1.4620000E-02   1.0000000E+00   3.8916837E+02
   1.0000000E-01   4.1000001E-02   1.4620000E-02   1.0000000E+00   4.0331110E+02
   1.0000000E-01   4.2999998E-02   1.4620000E-02   1.0000000E+00   4.2319592E+02
   1.0000000E-01   4.5000002E-02   1.4620000E-02   1.0000000E+00   4.5022995E+02
   1.0000000E-01   4.6999998E-02   1.4620000E-02   1.0000000E+00   4.8595459E+02
   1.0000000E-01   4.9000002E-02   1.4620000E-02   1.0000000E+00   5.3192371E+02
   1.0000000E-01   5.0999999E-02   1.4620000E-02   1.0000000E+00   5.8947247E+02
   1.0000000E-01   5.3000003E-02   1.4620000E-02   1.0000000E+00   6.5924530E+02
   1.0000000E-01   5.5000000E-02   1.4620000E-02   1.0000000E+00   7.4002734E+02
   1.0000000E-01   5.7000000E-02   1.4620000E-02   1.0000000E+00   8.2553448E+02
   1.0000000E-01   5.9000000E-02   1.4620000E-02   1.0000000E+00   8.9578351E+02
   1.0000000E-01   6.0999997E-02   1.4620000E-02   0.0000000E+00   2.9300000E+02
   1.0000000E-01   6.3000001E-02   1.4620000E-02   0.0000000E+00   2.9300000E+02
   1.0000000E-01   6.4999998E-02   1.4620000E-02   0.0000000E+00   2.9300000E+02
   1.0000000E-01   6.7000002E-02   1.4620000E-02   0.0000000E+00   2.9300000E+02
   1.0000000E-01   6.9000006E-02   1.4620000E-02   0.0000000E+00   2.9300000E+02
   1.0000000E-01   7.0999995E-02   1.4620000E-02   0.0000000E+00   2.9300000E+02
   1.0000000E-01   7.2999999E-02   1.4620000E-02   0.0000000E+00   2.9300000E+02
   1.0000000E-01   7.5000003E-02   1.4620000E-02   0.0000000E+00   2.9300000E+02
   1.0000000E-01   7.7000000E-02   1.4620000E-02   0.0000000E+00   2.9300000E+02
   1.0000000E-01   7.8999996E-02   1.4620000E-02   1.6530646E-02   5.3158301E+02
   1.0000000E-01   8.1000000E-02   1.4620000E-02   6.7346954E-01   4.8565042E+02
   1.0000000E-01   8.3000004E-02   1.4620000E-02   1.0000000E+00   4.5232318E+02
   1.0000000E-01   8.5000001E-02   1.4620000E-02   1.0000000E+00   4.2583139E+02
   1.0000000E-01   8.6999997E-02   1.4620000E-02   1.0000000E+00   4.0502689E+02
   1.0000000E-01   8.9000002E-02   1.4620000E-02   1.0000000E+00   3.8926483E+02
   1.0000000E-01   9.1000006E-02   1.4620000E-02   1.0000000E+00   3.7768481E+02
   1.0000000E-01   9.2999995E-02   1.4620000E-02   1.0000000E+00   3.6940808E+02
   1.0000000E-01   9.4999999E-02   1.4620000E-02   1.0000000E+00   3.6363980E+02
   1.0000000E-01   9.7000003E-02   1.4620000E-02   1.0000000E+00   3.5971313E+02
   1.0000000E-01   9.8999999E-02   1.4620000E-02   1.0000000E+00   3.5709854E+02
   1.0000000E-01   1.0100000E-01   1.4620000E-02   1.0000000E+00   3.5539365E+02
   1.0000000E-01   1.0300000E-01   1.4620000E-02   1.0000000E+00   3.5430405E+02
   1.0000000E-01   1.0500000E-01   1.4620000E-02   1.0000000E+00   3.5362115E+02
   1.0000000E-01   1.0700000E-01   1.4620000E-02   1.0000000E+00   3.5320142E+02
   1.0000000E-01   1.0900000E-01   1.4620000E-02   1.0000000E+00   3.5294855E+02
   1.0000000E-01   1.1100000E-01   1.4620000E-02   1.0000000E+00   3.5279941E+02
   1.0000000E-01   1.1300001E-01   1.4620000E-02   1.0000000E+00   3.5271359E+02
   1.0000000E-01   1.1499999E-01   1.4620000E-02   1.0000000E+00   3.5266565E+02
   1.0000000E-01   1.1700000E-01   1.4620000E-02   1.0000000E+00   3.5263992E+02
   1.0000000E-01   1.1900000E-01   1.4620000E-02   1.0000000E+00   3.5262701E+02
   1.0000000E-01   1.2100000E-01   1.4620000E-02   1.0000000E+00   3.5262137E+02
   1.0000000E-01   1.2633334E-01   1.4620000E-02   1.0000000E+00   3.5261768E+02
   1.0000000E-01   1.3733333E-01   1.4620000E-02   1.0000000E+00   3.5261777E+02
   1.0000000E-01   1.5200000E-01   1.4620000E-02   1.0000000E+00   3.5260574E+02
   1.0000000E-01   8.0000004E-03   1.6580001E-02   1.0000000E+00   3.5270694E+02
   1.0000000E-01   2.2666667E-02   1.6580001E-02   1.0000000E+00   3.5357043E+02
   1.0000000E-01   3.3666667E-02   1.6580001E-02   1.0000000E+00   3.6149240E+02
   1.0000000E-01   3.8999997E-02   1.6580001E-02   1.0000000E+00   3.8204294E+02
   1.0000000E-01   4.1000001E-02   1.6580001E-02   1.0000000E+00   3.9331232E+02
   1.0000000E-01   4.2999998E-02   1.6580001E-02   1.0000000E+00   4.0907202E+02
   1.0000000E-01   4.5000002E-02   1.6580001E-02   1.0000000E+00   4.3035095E+02
   1.0000000E-01   4.6999998E-02   1.6580001E-02   1.0000000E+00   4.5819458E+02
   1.0000000E-01   4.9000002E-02   1.6580001E-02   1.0000000E+00   4.9349680E+02
   1.0000000E-01   5.0999999E-02   1.6580001E-02   1.0000000E+00   5.3669208E+02
   1.0000000E-01   5.3000003E-02   1.6580001E-02   1.0000000E+00   5.8718506E+02
   1.0000000E-01   5.5000000E-02   1.6580001E-02   1.0000000E+00   6.4224127E+02
   1.0000000E-01   5.7000000E-02   1.6580001E-02   1.0000000E+00   6.9488538E+02
   1.0000000E-01   5.9000000E-02   1.6580001E-02   1.0000000E+00   7.3087006E+02
   1.0000000E-01   6.0999997E-02   1.6580001E-02   0.0000000E+00   2.9300000E+02
   1.0000000E-01   6.3000001E-02   1.6580001E-02   0.0000000E+00   2.9300000E+02
   1.0000000E-01   6.4999998E-02   1.6580001E-02   0.0000000E+00   2.9300000E+02
   1.0000000E-01   6.7000002E-02   1.6580001E-02   0.0000000E+00   2.9300000E+02
   1.0000000E-01   6.9000006E-02   1.6580001E-02   0.0000000E+00   2.9300000E+02
   1.0000000E-01   7.0999995E-02   1.6580001E-02   0.0000000E+00   2.9300000E+02
   1.0000000E-01   7.2999999E-02   1.6580001E-02   0.0000000E+00   2.9300000E+02
   1.0000000E-01   7.5000003E-02   1.6580001E-02   0.0000000E+00   2.9300000E+02
   1.0000000E-01   7.7000000E-02   1.6580001E-02   0.0000000E+00   2.9300000E+02
   1.0000000E-01   7.8999996E-02   1.6580001E-02   0.0000000E+00   2.9300000E+02
   1.0000000E-01   8.1000000E-02   1.6580001E-02   2.0408200E-02   4.5427548E+02
   1.0000000E-01   8.3000004E-02   1.6580001E-02   6.8959200E-01   4.2692838E+02
   1.0000000E-01   8.5000001E-02   1.6580001E-02   1.0000000E+00   4.0755679E+02
   1.0000000E-01   8.6999997E-02   1.6580001E-02   1.0000000E+00   3.9243457E+02
   1.0000000E-01   8.9000002E-02   1.6580001E-02   1.0000000E+00   3.8075702E+02
   1.0000000E-01   9.1000006E-02   1.6580001E-02   1.0000000E+00   3.7204401E+02
   1.0000000E-01   9.2999995E-02   1.6580001E-02   1.0000000E+00   3.6573660E+02
   1.0000000E-01   9.4999999E-02   1.6580001E-02   1.0000000E+00   3.6129370E+02
   1.0000000E-01   9.7000003E-02   1.6580001E-02   1.0000000E+00   3.5824167E+02
   1.0000000E-01   9.8999999E-02   1.6580001E-02   1.0000000E+00   3.5619351E+02
   1.0000000E-01   1.0100000E-01   1.6580001E-02   1.0000000E+00   3.5484897E+02
   1.0000000E-01   1.0300000E-01   1.6580001E-02   1.0000000E+00   3.5398474E+02
   1.0000000E-01   1.0500000E-01   1.6580001E-02   1.0000000E+00   3.5344055E+02
   1.0000000E-01   1.0700000E-01   1.6580001E-02   1.0000000E+00   3.5310492E+02
   1.0000000E-01   1.0900000E-01   1.6580001E-02   1.0000000E+00   3.5290234E+02
   1.0000000E-01   1.1100000E-01   1.6580001E-02   1.0000000E+00   3.5278290E+02
   1.0000000E-01   1.1300001E-01   1.6580001E-02   1.0000000E+00   3.5271439E+02
   1.0000000E-01   1.1499999E-01   1.6580001E-02   1.0000000E+00   3.5267645E+02
   1.0000000E-01   1.1700000E-01   1.6580001E-02   1.0000000E+00   3.5265646E+02
   1.0000000E-01   1.1900000E-01   1.6580001E-02   1.0000000E+00   3.5264682E+02
   1.0000000E-01   1.2100000E-01   1.6580001E-02   1.0000000E+00   3.5264301E+02
   1.0000000E-01   1.2633334E-01   1.6580001E-02   1.0000000E+00   3.5264182E+02
   1.0000000E-01   1.3733333E-01   1.6580001E-02   1.0000000E+00   3.5264322E+02
   1.0000000E-01   1.5200000E-01   1.6580001E-02   1.0000000E+00   3.5263306E+02
   1.0000000E-01   8.0000004E-03   1.8539999E-02   1.0000000E+00   3.5271042E+02
   1.0000000E-01   2.2666667E-02   1.8539999E-02   1.0000000E+00   3.5340186E+02
   1.0000000E-01   3.3666667E-02   1.8539999E-02   1.0000000E+00   3.5967566E+02
   1.0000000E-01   3.8999997E-02   1.8539999E-02   1.0000000E+00   3.7570996E+02
   1.0000000E-01   4.1000001E-02   1.8539999E-02   1.0000000E+00   3.8443182E+02
   1.0000000E-01   4.2999998E-02   1.8539999E-02   1.0000000E+00   3.9653229E+02
   1.0000000E-01   4.5000002E-02   1.8539999E-02   1.0000000E+00   4.1271405E+02
   1.0000000E-01   4.6999998E-02   1.8539999E-02   1.0000000E+00   4.3361905E+02
   1.0000000E-01   4.9000002E-02   1.8539999E-02   1.0000000E+00   4.5965741E+02
   1.0000000E-01   5.0999999E-02   1.8539999E-02   1.0000000E+00   4.9072128E+02
   1.0000000E-01   5.3000003E-02   1.8539999E-02   1.0000000E+00   5.2572656E+02
   1.0000000E-01   5.5000000E-02   1.8539999E-02   1.0000000E+00   5.6191864E+02
   1.0000000E-01   5.7000000E-02   1.8539999E-02   1.0000000E+00   5.9399945E+02
   1.0000000E-01   5.9000000E-02   1.8539999E-02   1.0000000E+00   6.1376953E+02
   1.0000000E-01   6.0999997E-02   1.8539999E-02   0.0000000E+00   2.9300000E+02
   1.0000000E-01   6.3000001E-02   1.8539999E-02   0.0000000E+00   2.9300000E+02
   1.0000000E-01   6.4999998E-02   1.8539999E-02   0.0000000E+00   2.9300000E+02
   1.0000000E-01   6.7000002E-02   1.8539999E-02   0.0000000E+00   2.9300000E+02
   1.0000000E-01   6.9000006E-02   1.8539999E-02   0.0000000E+00   2.9300000E+02
   1.0000000E-01   7.0999995E-02   1.8539999E-02   0.0000000E+00   2.9300000E+02
   1.0000000E-01   7.2999999E-02   1.8539999E-02   0.0000000E+00   2.9300000E+02
   1.0000000E-01   7.5000003E-02   1.8539999E-02   0.0000000E+00   2.9300000E+02
   1.0000000E-01   7.7000000E-02   1.8539999E-02   0.0000000E+00   2.9300000E+02
   1.0000000E-01   7.8999996E-02   1.8539999E-02   0.0000000E+00   2.9300000E+02
   1.0000000E-01   8.1000000E-02   1.8539999E-02   0.0000000E+00   2.9300000E+02
   1.0000000E-01   8.3000004E-02   1.8539999E-02   2.4693917E-02   4.0829410E+02
   1.0000000E-01   8.5000001E-02   1.8539999E-02   7.0530623E-01   3.9261563E+02
   1.0000000E-01   8.6999997E-02   1.8539999E-02   1.0000000E+00   3.8178146E+02
   1.0000000E-01   8.9000002E-02   1.8539999E-02   1.0000000E+00   3.7347104E+02
   1.0000000E-01   9.1000006E-02   1.8539999E-02   1.0000000E+00   3.6716251E+02
   1.0000000E-01   9.2999995E-02   1.8539999E-02   1.0000000E+00   3.6252939E+02
   1.0000000E-01   9.4999999E-02   1.8539999E-02   1.0000000E+00   3.5922577E+02
   1.0000000E-01   9.7000003E-02   1.8539999E-02   1.0000000E+00   3.5693265E+02
   1.0000000E-01   9.8999999E-02   1.8539999E-02   1.0000000E+00   3.5537997E+02
   1.0000000E-01   1.0100000E-01   1.8539999E-02   1.0000000E+00   3.5435291E+02
   1.0000000E-01   1.0300000E-01   1.8539999E-02   1.0000000E+00   3.5368854E+02
   1.0000000E-01   1.0500000E-01   1.8539999E-02   1.0000000E+00   3.5326813E+02
   1.0000000E-01   1.0700000E-01   1.8539999E-02   1.0000000E+00   3.5300797E+02
   1.0000000E-01   1.0900000E-01   1.8539999E-02   1.0000000E+00   3.5285074E+02
   1.0000000E-01   1.1100000E-01   1.8539999E-02   1.0000000E+00   3.5275824E+02
   1.0000000E-01   1.1300001E-01   1.8539999E-02   1.0000000E+00   3.5270554E+02
   1.0000000E-01   1.1499999E-01   1.8539999E-02   1.0000000E+00   3.5267679E+02
   1.0000000E-01   1.1700000E-01   1.8539999E-02   1.0000000E+00   3.5266214E+02
   1.0000000E-01   1.1900000E-01   1.8539999E-02   1.0000000E+00   3.5265552E+02
   1.0000000E-01   1.2100000E-01   1.8539999E-02   1.0000000E+00   3.5265344E+02
   1.0000000E-01   1.2633334E-01   1.8539999E-02   1.0000000E+00   3.5265469E+02
   1.0000000E-01   1.3733333E-01   1.8539999E-02   1.0000000E+00   3.5265735E+02
   1.0000000E-01   1.5200000E-01   1.8539999E-02   1.0000000E+00   3.5264868E+02
   1.0000000E-01   8.0000004E-03   2.0500001E-02   1.0000000E+00   3.5270389E+02
   1.0000000E-01   2.2666667E-02   2.0500001E-02   1.0000000E+00   3.5324496E+02
   1.0000000E-01   3.3666667E-02   2.0500001E-02   1.0000000E+00   3.5809732E+02
   1.0000000E-01   3.8999997E-02   2.0500001E-02   1.0000000E+00   3.7028125E+02
   1.0000000E-01   4.1000001E-02   2.0500001E-02   1.0000000E+00   3.7684094E+02
   1.0000000E-01   4.2999998E-02   2.0500001E-02   1.0000000E+00   3.8585196E+02
   1.0000000E-01   4.5000002E-02   2.0500001E-02   1.0000000E+00   3.9776495E+02
   1.0000000E-01   4.6999998E-02   2.0500001E-02   1.0000000E+00   4.1293521E+02
   1.0000000E-01   4.9000002E-02   2.0500001E-02   1.0000000E+00   4.3147919E+02
   1.0000000E-01   5.0999999E-02   2.0500001E-02   1.0000000E+00   4.5305792E+02
   1.0000000E-01   5.3000003E-02   2.0500001E-02   1.0000000E+00   4.7658072E+02
   1.0000000E-01   5.5000000E-02   2.0500001E-02   1.0000000E+00   4.9986282E+02
   1.0000000E-01   5.7000000E-02   2.0500001E-02   1.0000000E+00   5.1939813E+02
   1.0000000E-01   5.9000000E-02   2.0500001E-02   1.0000000E+00   5.3070239E+02
   1.0000000E-01   6.0999997E-02   2.0500001E-02   0.0000000E+00   2.9300000E+02
   1.0000000E-01   6.3000001E-02   2.0500001E-02   0.0000000E+00   2.9300000E+02
   1.0000000E-01   6.4999998E-02   2.0500001E-02   0.0000000E+00   2.9300000E+02
   1.0000000E-01   6.7000002E-02   2.0500001E-02   0.0000000E+00   2.9300000E+02
   1.0000000E-01   6.9000006E-02   2.0500001E-02   0.0000000E+00   2.9300000E+02
   1.0000000E-01   7.0999995E-02   2.0500001E-02   0.0000000E+00   2.9300000E+02
   1.0000000E-01   7.2999999E-02   2.0500001E-02   0.0000000E+00   2.9300000E+02
   1.0000000E-01   7.5000003E-02   2.0500001E-02   0.0000000E+00   2.9300000E+02
   1.0000000E-01   7.7000000E-02   2.0500001E-02   0.0000000E+00   2.9300000E+02
   1.0000000E-01   7.8999996E-02   2.0500001E-02   0.0000000E+00   2.9300000E+02
   1.0000000E-01   8.1000000E-02   2.0500001E-02   0.0000000E+00   2.9300000E+02
   1.0000000E-01   8.3000004E-02   2.0500001E-02   0.0000000E+00   2.9300000E+02
   1.0000000E-01   8.5000001E-02   2.0500001E-02   2.9387798E-02   3.8199774E+02
   1.0000000E-01   8.6999997E-02   2.0500001E-02   7.2061241E-01   3.7334885E+02
   1.0000000E-01   8.9000002E-02   2.0500001E-02   1.0000000E+00   3.6752353E+02
   1.0000000E-01   9.1000006E-02   2.0500001E-02   1.0000000E+00   3.6312973E+02
   1.0000000E-01   9.2999995E-02   2.0500001E-02   1.0000000E+00   3.5985046E+02
   1.0000000E-01   9.4999999E-02   2.0500001E-02   1.0000000E+00   3.5747998E+02
   1.0000000E-01   9.7000003E-02   2.0500001E-02   1.0000000E+00   3.5581528E+02
   1.0000000E-01   9.8999999E-02   2.0500001E-02   1.0000000E+00   3.5467682E+02
   1.0000000E-01   1.0100000E-01   2.0500001E-02   1.0000000E+00   3.5391745E+02
   1.0000000E-01   1.0300000E-01   2.0500001E-02   1.0000000E+00   3.5342291E+02
   1.0000000E-01   1.0500000E-01   2.0500001E-02   1.0000000E+00   3.5310843E+02
   1.0000000E-01   1.0700000E-01   2.0500001E-02   1.0000000E+00   3.5291327E+02
   1.0000000E-01   1.0900000E-01   2.0500001E-02   1.0000000E+00   3.5279538E+02
   1.0000000E-01   1.1100000E-01   2.0500001E-02   1.0000000E+00   3.5272638E+02
   1.0000000E-01   1.1300001E-01   2.0500001E-02   1.0000000E+00   3.5268759E+02
   1.0000000E-01   1.1499999E-01   2.0500001E-02   1.0000000E+00   3.5266702E+02
   1.0000000E-01   1.1700000E-01   2.0500001E-02   1.0000000E+00   3.5265710E+02
   1.0000000E-01   1.1900000E-01   2.0500001E-02   1.0000000E+00   3.5265329E+02
   1.0000000E-01   1.2100000E-01   2.0500001E-02   1.0000000E+00   3.5265280E+02
   1.0000000E-01   1.2633334E-01   2.0500001E-02   1.0000000E+00   3.5265634E+02
   1.0000000E-01   1.3733333E-01   2.0500001E-02   1.0000000E+00   3.5266022E+02
   1.0000000E-01   1.5200000E-01   2.0500001E-02   1.0000000E+00   3.5265271E+02
   1.0000000E-01   8.0000004E-03   2.2459999E-02   1.0000000E+00   3.5268750E+02
   1.0000000E-01   2.2666667E-02   2.2459999E-02   1.0000000E+00   3.5310110E+02
   1.0000000E-01   3.3666667E-02   2.2459999E-02   1.0000000E+00   3.5676660E+02
   1.0000000E-01   3.8999997E-02   2.2459999E-02   1.0000000E+00   3.6578711E+02
   1.0000000E-01   4.1000001E-02   2.2459999E-02   1.0000000E+00   3.7058640E+02
   1.0000000E-01   4.2999998E-02   2.2459999E-02   1.0000000E+00   3.7710538E+02
   1.0000000E-01   4.5000002E-02   2.2459999E-02   1.0000000E+00   3.8561642E+02
   1.0000000E-01   4.6999998E-02   2.2459999E-02   1.0000000E+00   3.9629306E+02
   1.0000000E-01   4.9000002E-02   2.2459999E-02   1.0000000E+00   4.0910431E+02
   1.0000000E-01   5.0999999E-02   2.2459999E-02   1.0000000E+00   4.2367148E+02
   1.0000000E-01   5.3000003E-02   2.2459999E-02   1.0000000E+00   4.3910208E+02
   1.0000000E-01   5.5000000E-02   2.2459999E-02   1.0000000E+00   4.5385376E+02
   1.0000000E-01   5.7000000E-02   2.2459999E-02   1.0000000E+00   4.6574963E+02
   1.0000000E-01   5.9000000E-02   2.2459999E-02   1.0000000E+00   4.7235382E+02
   1.0000000E-01   6.0999997E-02   2.2459999E-02   0.0000000E+00   2.9300000E+02
   1.0000000E-01   6.3000001E-02   2.2459999E-02   0.0000000E+00   2.9300000E+02
   1.0000000E-01   6.4999998E-02   2.2459999E-02   0.0000000E+00   2.9300000E+02
   1.0000000E-01   6.7000002E-02   2.2459999E-02   0.0000000E+00   2.9300000E+02
   1.0000000E-01   6.9000006E-02   2.2459999E-02   0.0000000E+00   2.9300000E+02
   1.0000000E-01   7.0999995E-02   2.2459999E-02   0.0000000E+00   2.9300000E+02
   1.0000000E-01   7.2999999E-02   2.2459999E-02   0.0000000E+00   2.9300000E+02
   1.0000000E-01   7.5000003E-02   2.2459999E-02   0.0000000E+00   2.9300000E+02
   1.0000000E-01   7.7000000E-02   2.2459999E-02   0.0000000E+00   2.9300000E+02
   1.0000000E-01   7.8999996E-02   2.2459999E-02   0.0000000E+00   2.9300000E+02
   1.0000000E-01   8.1000000E-02   2.2459999E-02   0.0000000E+00   2.9300000E+02
   1.0000000E-01   8.3000004E-02   2.2459999E-02   0.0000000E+00   2.9300000E+02
   1.0000000E-01   8.5000001E-02   2.2459999E-02   0.0000000E+00   2.9300000E+02
   1.0000000E-01   8.6999997E-02   2.2459999E-02   3.4489844E-02   3.6753186E+02
   1.0000000E-01   8.9000002E-02   2.2459999E-02   7.3551035E-01   3.6294421E+02
   1.0000000E-01   9.1000006E-02   2.2459999E-02   1.0000000E+00   3.5993579E+02
   1.0000000E-01   9.2999995E-02   2.2459999E-02   1.0000000E+00   3.5770200E+02
   1.0000000E-01   9.4999999E-02   2.2459999E-02   1.0000000E+00   3.5606232E+02
   1.0000000E-01   9.7000003E-02   2.2459999E-02   1.0000000E+00   3.5489578E+02
   1.0000000E-01   9.8999999E-02   2.2459999E-02   1.0000000E+00   3.5408929E+02
   1.0000000E-01   1.0100000E-01   2.2459999E-02   1.0000000E+00   3.5354651E+02
   1.0000000E-01   1.0300000E-01   2.2459999E-02   1.0000000E+00   3.5319058E+02
   1.0000000E-01   1.0500000E-01   2.2459999E-02   1.0000000E+00   3.5296323E+02
   1.0000000E-01   1.0700000E-01   2.2459999E-02   1.0000000E+00   3.5282199E+02
   1.0000000E-01   1.0900000E-01   2.2459999E-02   1.0000000E+00   3.5273700E+02
   1.0000000E-01   1.1100000E-01   2.2459999E-02   1.0000000E+00   3.5268784E+02
   1.0000000E-01   1.1300001E-01   2.2459999E-02   1.0000000E+00   3.5266086E+02
   1.0000000E-01   1.1499999E-01   2.2459999E-02   1.0000000E+00   3.5264731E+02
   1.0000000E-01   1.1700000E-01   2.2459999E-02   1.0000000E+00   3.5264157E+02
   1.0000000E-01   1.1900000E-01   2.2459999E-02   1.0000000E+00   3.5264017E+02
   1.0000000E-01   1.2100000E-01   2.2459999E-02   1.0000000E+00   3.5264111E+02
   1.0000000E-01   1.2633334E-01   2.2459999E-02   1.0000000E+00   3.5264679E+02
   1.0000000E-01   1.3733333E-01   2.2459999E-02   1.0000000E+00   3.5265182E+02
   1.0000000E-01   1.5200000E-01   2.2459999E-02   1.0000000E+00   3.5264511E+02
   1.0000000E-01   8.0000004E-03   2.4420001E-02   1.0000000E+00   3.5266122E+02
   1.0000000E-01   2.2666667E-02   2.4420001E-02   1.0000000E+00   3.5296994E+02
   1.0000000E-01   3.3666667E-02   2.4420001E-02   1.0000000E+00   3.5567474E+02
   1.0000000E-01   3.8999997E-02   2.4420001E-02   1.0000000E+00   3.6218668E+02
   1.0000000E-01   4.1000001E-02   2.4420001E-02   1.0000000E+00   3.6560693E+02
   1.0000000E-01   4.2999998E-02   2.4420001E-02   1.0000000E+00   3.7019702E+02
   1.0000000E-01   4.5000002E-02   2.4420001E-02   1.0000000E+00   3.7611221E+02
   1.0000000E-01   4.6999998E-02   2.4420001E-02   1.0000000E+00   3.8342218E+02
   1.0000000E-01   4.9000002E-02   2.4420001E-02   1.0000000E+00   3.9204016E+02
   1.0000000E-01   5.0999999E-02   2.4420001E-02   1.0000000E+00   4.0163687E+02
   1.0000000E-01   5.3000003E-02   2.4420001E-02   1.0000000E+00   4.1155756E+02
   1.0000000E-01   5.5000000E-02   2.4420001E-02   1.0000000E+00   4.2078348E+02
   1.0000000E-01   5.7000000E-02   2.4420001E-02   1.0000000E+00   4.2800668E+02
   1.0000000E-01   5.9000000E-02   2.4420001E-02   1.0000000E+00   4.3189517E+02
   1.0000000E-01   6.0999997E-02   2.4420001E-02   0.0000000E+00   2.9300000E+02
   1.0000000E-01   6.3000001E-02   2.4420001E-02   0.0000000E+00   2.9300000E+02
   1.0000000E-01   6.4999998E-02   2.4420001E-02   0.0000000E+00   2.9300000E+02
   1.0000000E-01   6.7000002E-02   2.4420001E-02   0.0000000E+00   2.9300000E+02
   1.0000000E-01   6.9000006E-02   2.4420001E-02   0.0000000E+00   2.9300000E+02
   1.0000000E-01   7.0999995E-02   2.4420001E-02   0.0000000E+00   2.9300000E+02
   1.0000000E-01   7.2999999E-02   2.4420001E-02   0.0000000E+00   2.9300000E+02
   1.0000000E-01   7.5000003E-02   2.4420001E-02   0.0000000E+00   2.9300000E+02
   1.0000000E-01   7.7000000E-02   2.4420001E-02   0.0000000E+00   2.9300000E+02
   1.0000000E-01   7.8999996E-02   2.4420001E-02   0.0000000E+00   2.9300000E+02
   1.0000000E-01   8.1000000E-02   2.4420001E-02   0.0000000E+00   2.9300000E+02
   1.0000000E-01   8.3000004E-02   2.4420001E-02   0.0000000E+00   2.9300000E+02
   1.0000000E-01   8.5000001E-02   2.4420001E-02   0.0000000E+00   2.9300000E+02
   1.0000000E-01   8.6999997E-02   2.4420001E-02   0.0000000E+00   2.9300000E+02
   1.0000000E-01   8.9000002E-02   2.4420001E-02   4.0000051E-02   3.5987173E+02
   1.0000000E-01   9.1000006E-02   2.4420001E-02   7.5000012E-01   3.5753134E+02
   1.0000000E-01   9.2999995E-02   2.4420001E-02   1.0000000E+00   3.5604089E+02
   1.0000000E-01   9.4999999E-02   2.4420001E-02   1.0000000E+00   3.5495001E+02
   1.0000000E-01   9.7000003E-02   2.4420001E-02   1.0000000E+00   3.5416257E+02
   1.0000000E-01   9.8999999E-02   2.4420001E-02   1.0000000E+00   3.5361166E+02
   1.0000000E-01   1.0100000E-01   2.4420001E-02   1.0000000E+00   3.5323743E+02
   1.0000000E-01   1.0300000E-01   2.4420001E-02   1.0000000E+00   3.5299039E+02
   1.0000000E-01   1.0500000E-01   2.4420001E-02   1.0000000E+00   3.5283215E+02
   1.0000000E-01   1.0700000E-01   2.4420001E-02   1.0000000E+00   3.5273404E+02
   1.0000000E-01   1.0900000E-01   2.4420001E-02   1.0000000E+00   3.5267563E+02
   1.0000000E-01   1.1100000E-01   2.4420001E-02   1.0000000E+00   3.5264261E+02
   1.0000000E-01   1.1300001E-01   2.4420001E-02   1.0000000E+00   3.5262543E+02
   1.0000000E-01   1.1499999E-01   2.4420001E-02   1.0000000E+00   3.5261774E+02
   1.0000000E-01   1.1700000E-01   2.4420001E-02   1.0000000E+00   3.5261551E+02
   1.0000000E-01   1.1900000E-01   2.4420001E-02   1.0000000E+00   3.5261624E+02
   1.0000000E-01   1.2100000E-01   2.4420001E-02   1.0000000E+00   3.5261844E+02
   1.0000000E-01   1.2633334E-01   2.4420001E-02   1.0000000E+00   3.5262601E+02
   1.0000000E-01   1.3733333E-01   2.4420001E-02   1.0000000E+00   3.5263214E+02
   1.0000000E-01   1.5200000E-01   2.4420001E-02   1.0000000E+00   3.5262592E+02
   1.0000000E-01   8.0000004E-03   2.6379999E-02   1.0000000E+00   3.5262494E+02
   1.0000000E-01   2.2666667E-02   2.6379999E-02   1.0000000E+00   3.5284973E+02
   1.0000000E-01   3.3666667E-02   2.6379999E-02   1.0000000E+00   3.5479987E+02
   1.0000000E-01   3.8999997E-02   2.6379999E-02   1.0000000E+00   3.5938806E+02
   1.0000000E-01   4.1000001E-02   2.6379999E-02   1.0000000E+00   3.6176581E+02
   1.0000000E-01   4.2999998E-02   2.6379999E-02   1.0000000E+00   3.6491724E+02
   1.0000000E-01   4.5000002E-02   2.6379999E-02   1.0000000E+00   3.6892563E+02
   1.0000000E-01   4.6999998E-02   2.6379999E-02   1.0000000E+00   3.7380750E+02
   1.0000000E-01   4.9000002E-02   2.6379999E-02   1.0000000E+00   3.7946863E+02
   1.0000000E-01   5.0999999E-02   2.6379999E-02   1.0000000E+00   3.8565594E+02
   1.0000000E-01   5.3000003E-02   2.6379999E-02   1.0000000E+00   3.9192029E+02
   1.0000000E-01   5.5000000E-02   2.6379999E-02   1.0000000E+00   3.9761633E+02
   1.0000000E-01   5.7000000E-02   2.6379999E-02   1.0000000E+00   4.0197263E+02
   1.0000000E-01   5.9000000E-02   2.6379999E-02   1.0000000E+00   4.0425439E+02
   1.0000000E-01   6.0999997E-02   2.6379999E-02   0.0000000E+00   2.9300000E+02
   1.0000000E-01   6.3000001E-02   2.6379999E-02   0.0000000E+00   2.9300000E+02
   1.0000000E-01   6.4999998E-02   2.6379999E-02   0.0000000E+00   2.9300000E+02
   1.0000000E-01   6.7000002E-02   2.6379999E-02   0.0000000E+00   2.9300000E+02
   1.0000000E-01   6.9000006E-02   2.6379999E-02   0.0000000E+00   2.9300000E+02
   1.0000000E-01   7.0999995E-02   2.6379999E-02   0.0000000E+00   2.9300000E+02
   1.0000000E-01   7.2999999E-02   2.6379999E-02   0.0000000E+00   2.9300000E+02
   1.0000000E-01   7.5000003E-02   2.6379999E-02   0.0000000E+00   2.9300000E+02
   1.0000000E-01   7.7000000E-02   2.6379999E-02   0.0000000E+00   2.9300000E+02
   1.0000000E-01   7.8999996E-02   2.6379999E-02   0.0000000E+00   2.9300000E+02
   1.0000000E-01   8.1000000E-02   2.6379999E-02   0.0000000E+00   2.9300000E+02
   1.0000000E-01   8.3000004E-02   2.6379999E-02   0.0000000E+00   2.9300000E+02
   1.0000000E-01   8.5000001E-02   2.6379999E-02   0.0000000E+00   2.9300000E+02
   1.0000000E-01   8.6999997E-02   2.6379999E-02   0.0000000E+00   2.9300000E+02
   1.0000000E-01   8.9000002E-02   2.6379999E-02   0.0000000E+00   2.9300000E+02
   1.0000000E-01   9.1000006E-02   2.6379999E-02   4.5918424E-02   3.5595761E+02
   1.0000000E-01   9.2999995E-02   2.6379999E-02   7.6408178E-01   3.5480811E+02
   1.0000000E-01   9.4999999E-02   2.6379999E-02   1.0000000E+00   3.5410242E+02
   1.0000000E-01   9.7000003E-02   2.6379999E-02   1.0000000E+00   3.5359241E+02
   1.0000000E-01   9.8999999E-02   2.6379999E-02   1.0000000E+00   3.5323096E+02
   1.0000000E-01   1.0100000E-01   2.6379999E-02   1.0000000E+00   3.5298300E+02
   1.0000000E-01   1.0300000E-01   2.6379999E-02   1.0000000E+00   3.5281845E+02
   1.0000000E-01   1.0500000E-01   2.6379999E-02   1.0000000E+00   3.5271301E+02
   1.0000000E-01   1.0700000E-01   2.6379999E-02   1.0000000E+00   3.5264825E+02
   1.0000000E-01   1.0900000E-01   2.6379999E-02   1.0000000E+00   3.5261060E+02
   1.0000000E-01   1.1100000E-01   2.6379999E-02   1.0000000E+00   3.5259042E+02
   1.0000000E-01   1.1300001E-01   2.6379999E-02   1.0000000E+00   3.5258109E+02
   1.0000000E-01   1.1499999E-01   2.6379999E-02   1.0000000E+00   3.5257819E+02
   1.0000000E-01   1.1700000E-01   2.6379999E-02   1.0000000E+00   3.5257889E+02
   1.0000000E-01   1.1900000E-01   2.6379999E-02   1.0000000E+00   3.5258142E+02
   1.0000000E-01   1.2100000E-01   2.6379999E-02   1.0000000E+00   3.5258475E+02
   1.0000000E-01   1.2633334E-01   2.6379999E-02   1.0000000E+00   3.5259406E+02
   1.0000000E-01   1.3733333E-01   2.6379999E-02   1.0000000E+00   3.5260114E+02
   1.0000000E-01   1.5200000E-01   2.6379999E-02   1.0000000E+00   3.5259506E+02
   1.0000000E-01   8.0000004E-03   2.8340001E-02   1.0000000E+00   3.5257849E+02
   1.0000000E-01   2.2666667E-02   2.8340001E-02   1.0000000E+00   3.5273798E+02
   1.0000000E-01   3.3666667E-02   2.8340001E-02   1.0000000E+00   3.5411234E+02
   1.0000000E-01   3.8999997E-02   2.8340001E-02   1.0000000E+00   3.5727142E+02
   1.0000000E-01   4.1000001E-02   2.8340001E-02   1.0000000E+00   3.5888651E+02
   1.0000000E-01   4.2999998E-02   2.8340001E-02   1.0000000E+00   3.6100043E+02
   1.0000000E-01   4.5000002E-02   2.8340001E-02   1.0000000E+00   3.6365457E+02
   1.0000000E-01   4.6999998E-02   2.8340001E-02   1.0000000E+00   3.6684216E+02
   1.0000000E-01   4.9000002E-02   2.8340001E-02   1.0000000E+00   3.7048215E+02
   1.0000000E-01   5.0999999E-02   2.8340001E-02   1.0000000E+00   3.7439398E+02
   1.0000000E-01   5.3000003E-02   2.8340001E-02   1.0000000E+00   3.7828314E+02
   1.0000000E-01   5.5000000E-02   2.8340001E-02   1.0000000E+00   3.8175211E+02
   1.0000000E-01   5.7000000E-02   2.8340001E-02   1.0000000E+00   3.8435104E+02
   1.0000000E-01   5.9000000E-02   2.8340001E-02   1.0000000E+00   3.8567157E+02
   1.0000000E-01   6.0999997E-02   2.8340001E-02   0.0000000E+00   2.9300000E+02
   1.0000000E-01   6.3000001E-02   2.8340001E-02   0.0000000E+00   2.9300000E+02
   1.0000000E-01   6.4999998E-02   2.8340001E-02   0.0000000E+00   2.9300000E+02
   1.0000000E-01   6.7000002E-02   2.8340001E-02   0.0000000E+00   2.9300000E+02
   1.0000000E-01   6.9000006E-02   2.8340001E-02   0.0000000E+00   2.9300000E+02
   1.0000000E-01   7.0999995E-02   2.8340001E-02   0.0000000E+00   2.9300000E+02
   1.0000000E-01   7.2999999E-02   2.8340001E-02   0.0000000E+00   2.9300000E+02
   1.0000000E-01   7.5000003E-02   2.8340001E-02   0.0000000E+00   2.9300000E+02
   1.0000000E-01   7.7000000E-02   2.8340001E-02   0.0000000E+00   2.9300000E+02
   1.0000000E-01   7.8999996E-02   2.8340001E-02   0.0000000E+00   2.9300000E+02
   1.0000000E-01   8.1000000E-02   2.8340001E-02   0.0000000E+00   2.9300000E+02
   1.0000000E-01   8.3000004E-02   2.8340001E-02   0.0000000E+00   2.9300000E+02
   1.0000000E-01   8.5000001E-02   2.8340001E-02   0.0000000E+00   2.9300000E+02
   1.0000000E-01   8.6999997E-02   2.8340001E-02   0.0000000E+00   2.9300000E+02
   1.0000000E-01   8.9000002E-02   2.8340001E-02   0.0000000E+00   2.9300000E+02
   1.0000000E-01   9.1000006E-02   2.8340001E-02   0.0000000E+00   2.9300000E+02
   1.0000000E-01   9.2999995E-02   2.8340001E-02   5.2244958E-02   3.5401715E+02
   1.0000000E-01   9.4999999E-02   2.8340001E-02   7.7775520E-01   3.5347269E+02
   1.0000000E-01   9.7000003E-02   2.8340001E-02   1.0000000E+00   3.5315659E+02
   1.0000000E-01   9.8999999E-02   2.8340001E-02   1.0000000E+00   3.5293036E+02
   1.0000000E-01   1.0100000E-01   2.8340001E-02   1.0000000E+00   3.5277365E+02
   1.0000000E-01   1.0300000E-01   2.8340001E-02   1.0000000E+00   3.5266919E+02
   1.0000000E-01   1.0500000E-01   2.8340001E-02   1.0000000E+00   3.5260269E+02
   1.0000000E-01   1.0700000E-01   2.8340001E-02   1.0000000E+00   3.5256284E+02
   1.0000000E-01   1.0900000E-01   2.8340001E-02   1.0000000E+00   3.5254095E+02
   1.0000000E-01   1.1100000E-01   2.8340001E-02   1.0000000E+00   3.5253070E+02
   1.0000000E-01   1.1300001E-01   2.8340001E-02   1.0000000E+00   3.5252756E+02
   1.0000000E-01   1.1499999E-01   2.8340001E-02   1.0000000E+00   3.5252856E+02
   1.0000000E-01   1.1700000E-01   2.8340001E-02   1.0000000E+00   3.5253168E+02
   1.0000000E-01   1.1900000E-01   2.8340001E-02   1.0000000E+00   3.5253574E+02
   1.0000000E-01   1.2100000E-01   2.8340001E-02   1.0000000E+00   3.5253998E+02
   1.0000000E-01   1.2633334E-01   2.8340001E-02   1.0000000E+00   3.5255084E+02
   1.0000000E-01   1.3733333E-01   2.8340001E-02   1.0000000E+00   3.5255875E+02
   1.0000000E-01   1.5200000E-01   2.8340001E-02   1.0000000E+00   3.5255252E+02
   1.0000000E-01   8.0000004E-03   3.0299999E-02   1.0000000E+00   3.5252164E+02
   1.0000000E-01   2.2666667E-02   3.0299999E-02   1.0000000E+00   3.5263174E+02
   1.0000000E-01   3.3666667E-02   3.0299999E-02   1.0000000E+00   3.5357962E+02
   1.0000000E-01   3.8999997E-02   3.0299999E-02   1.0000000E+00   3.5570950E+02
   1.0000000E-01   4.1000001E-02   3.0299999E-02   1.0000000E+00   3.5678384E+02
   1.0000000E-01   4.2999998E-02   3.0299999E-02   1.0000000E+00   3.5817255E+02
   1.0000000E-01   4.5000002E-02   3.0299999E-02   1.0000000E+00   3.5989423E+02
   1.0000000E-01   4.6999998E-02   3.0299999E-02   1.0000000E+00   3.6193433E+02
   1.0000000E-01   4.9000002E-02   3.0299999E-02   1.0000000E+00   3.6423053E+02
   1.0000000E-01   5.0999999E-02   3.0299999E-02   1.0000000E+00   3.6666025E+02
   1.0000000E-01   5.3000003E-02   3.0299999E-02   1.0000000E+00   3.6903638E+02
   1.0000000E-01   5.5000000E-02   3.0299999E-02   1.0000000E+00   3.7111859E+02
   1.0000000E-01   5.7000000E-02   3.0299999E-02   1.0000000E+00   3.7264642E+02
   1.0000000E-01   5.9000000E-02   3.0299999E-02   1.0000000E+00   3.7339120E+02
   1.0000000E-01   6.0999997E-02   3.0299999E-02   0.0000000E+00   2.9300000E+02
   1.0000000E-01   6.3000001E-02   3.0299999E-02   0.0000000E+00   2.9300000E+02
   1.0000000E-01   6.4999998E-02   3.0299999E-02   0.0000000E+00   2.9300000E+02
   1.0000000E-01   6.7000002E-02   3.0299999E-02   0.0000000E+00   2.9300000E+02
   1.0000000E-01   6.9000006E-02   3.0299999E-02   0.0000000E+00   2.9300000E+02
   1.0000000E-01   7.0999995E-02   3.0299999E-02   0.0000000E+00   2.9300000E+02
   1.0000000E-01   7.2999999E-02   3.0299999E-02   0.0000000E+00   2.9300000E+02
   1.0000000E-01   7.5000003E-02   3.0299999E-02   0.0000000E+00   2.9300000E+02
   1.0000000E-01   7.7000000E-02   3.0299999E-02   0.0000000E+00   2.9300000E+02
   1.0000000E-01   7.8999996E-02   3.0299999E-02   0.0000000E+00   2.9300000E+02
   1.0000000E-01   8.1000000E-02   3.0299999E-02   0.0000000E+00   2.9300000E+02
   1.0000000E-01   8.3000004E-02   3.0299999E-02   0.0000000E+00   2.9300000E+02
   1.0000000E-01   8.5000001E-02   3.0299999E-02   0.0000000E+00   2.9300000E+02
   1.0000000E-01   8.6999997E-02   3.0299999E-02   0.0000000E+00   2.9300000E+02
   1.0000000E-01   8.9000002E-02   3.0299999E-02   0.0000000E+00   2.9300000E+02
   1.0000000E-01   9.1000006E-02   3.0299999E-02   0.0000000E+00   2.9300000E+02
   1.0000000E-01   9.2999995E-02   3.0299999E-02   0.0000000E+00   2.9300000E+02
   1.0000000E-01   9.4999999E-02   3.0299999E-02   5.8979653E-02   3.5307288E+02
   1.0000000E-01   9.7000003E-02   3.0299999E-02   7.9102051E-01   3.5282300E+02
   1.0000000E-01   9.8999999E-02   3.0299999E-02   1.0000000E+00   3.5269229E+02
   1.0000000E-01   1.0100000E-01   3.0299999E-02   1.0000000E+00   3.5259888E+02
   1.0000000E-01   1.0300000E-01   3.0299999E-02   1.0000000E+00   3.5253644E+02
   1.0000000E-01   1.0500000E-01   3.0299999E-02   1.0000000E+00   3.5249744E+02
   1.0000000E-01   1.0700000E-01   3.0299999E-02   1.0000000E+00   3.5247559E+02
   1.0000000E-01   1.0900000E-01   3.0299999E-02   1.0000000E+00   3.5246545E+02
   1.0000000E-01   1.1100000E-01   3.0299999E-02   1.0000000E+00   3.5246283E+02
   1.0000000E-01   1.1300001E-01   3.0299999E-02   1.0000000E+00   3.5246457E+02
   1.0000000E-01   1.1499999E-01   3.0299999E-02   1.0000000E+00   3.5246866E+02
   1.0000000E-01   1.1700000E-01   3.0299999E-02   1.0000000E+00   3.5247375E+02
   1.0000000E-01   1.1900000E-01   3.0299999E-02   1.0000000E+00   3.5247906E+02
   1.0000000E-01   1.2100000E-01   3.0299999E-02   1.0000000E+00   3.5248413E+02
   1.0000000E-01   1.2633334E-01   3.0299999E-02   1.0000000E+00   3.5249631E+02
   1.0000000E-01   1.3733333E-01   3.0299999E-02   1.0000000E+00   3.5250494E+02
   1.0000000E-01   1.5200000E-01   3.0299999E-02   1.0000000E+00   3.5249823E+02
   1.0000000E-01   8.0000004E-03   3.2260001E-02   1.0000000E+00   3.5245416E+02
   1.0000000E-01   2.2666667E-02   3.2260001E-02   1.0000000E+00   3.5252814E+02
   1.0000000E-01   3.3666667E-02   3.2260001E-02   1.0000000E+00   3.5317017E+02
   1.0000000E-01   3.8999997E-02   3.2260001E-02   1.0000000E+00   3.5458267E+02
   1.0000000E-01   4.1000001E-02   3.2260001E-02   1.0000000E+00   3.5528574E+02
   1.0000000E-01   4.2999998E-02   3.2260001E-02   1.0000000E+00   3.5618338E+02
   1.0000000E-01   4.5000002E-02   3.2260001E-02   1.0000000E+00   3.5728244E+02
   1.0000000E-01   4.6999998E-02   3.2260001E-02   1.0000000E+00   3.5856790E+02
   1.0000000E-01   4.9000002E-02   3.2260001E-02   1.0000000E+00   3.5999481E+02
   1.0000000E-01   5.0999999E-02   3.2260001E-02   1.0000000E+00   3.6148254E+02
   1.0000000E-01   5.3000003E-02   3.2260001E-02   1.0000000E+00   3.6291458E+02
   1.0000000E-01   5.5000000E-02   3.2260001E-02   1.0000000E+00   3.6414737E+02
   1.0000000E-01   5.7000000E-02   3.2260001E-02   1.0000000E+00   3.6503021E+02
   1.0000000E-01   5.9000000E-02   3.2260001E-02   1.0000000E+00   3.6543335E+02
   1.0000000E-01   6.0999997E-02   3.2260001E-02   0.0000000E+00   2.9300000E+02
   1.0000000E-01   6.3000001E-02   3.2260001E-02   0.0000000E+00   2.9300000E+02
   1.0000000E-01   6.4999998E-02   3.2260001E-02   0.0000000E+00   2.9300000E+02
   1.0000000E-01   6.7000002E-02   3.2260001E-02   0.0000000E+00   2.9300000E+02
   1.0000000E-01   6.9000006E-02   3.2260001E-02   0.0000000E+00   2.9300000E+02
   1.0000000E-01   7.0999995E-02   3.2260001E-02   0.0000000E+00   2.9300000E+02
   1.0000000E-01   7.2999999E-02   3.2260001E-02   0.0000000E+00   2.9300000E+02
   1.0000000E-01   7.5000003E-02   3.2260001E-02   0.0000000E+00   2.9300000E+02
   1.0000000E-01   7.7000000E-02   3.2260001E-02   0.0000000E+00   2.9300000E+02
   1.0000000E-01   7.8999996E-02   3.2260001E-02   0.0000000E+00   2.9300000E+02
   1.0000000E-01   8.1000000E-02   3.2260001E-02   0.0000000E+00   2.9300000E+02
   1.0000000E-01   8.3000004E-02   3.2260001E-02   0.0000000E+00   2.9300000E+02
   1.0000000E-01   8.5000001E-02   3.2260001E-02   0.0000000E+00   2.9300000E+02
   1.0000000E-01   8.6999997E-02   3.2260001E-02   0.0000000E+00   2.9300000E+02
   1.0000000E-01   8.9000002E-02   3.2260001E-02   0.0000000E+00   2.9300000E+02
   1.0000000E-01   9.1000006E-02   3.2260001E-02   0.0000000E+00   2.9300000E+02
   1.0000000E-01   9.2999995E-02   3.2260001E-02   0.0000000E+00   2.9300000E+02
   1.0000000E-01   9.4999999E-02   3.2260001E-02   0.0000000E+00   2.9300000E+02
   1.0000000E-01   9.7000003E-02   3.2260001E-02   6.6122517E-02   3.5260925E+02
   1.0000000E-01   9.8999999E-02   3.2260001E-02   8.0387765E-01   3.5249597E+02
   1.0000000E-01   1.0100000E-01   3.2260001E-02   1.0000000E+00   3.5244879E+02
   1.0000000E-01   1.0300000E-01   3.2260001E-02   1.0000000E+00   3.5241409E+02
   1.0000000E-01   1.0500000E-01   3.2260001E-02   1.0000000E+00   3.5239331E+02
   1.0000000E-01   1.0700000E-01   3.2260001E-02   1.0000000E+00   3.5238419E+02
   1.0000000E-01   1.0900000E-01   3.2260001E-02   1.0000000E+00   3.5238287E+02
   1.0000000E-01   1.1100000E-01   3.2260001E-02   1.0000000E+00   3.5238614E+02
   1.0000000E-01   1.1300001E-01   3.2260001E-02   1.0000000E+00   3.5239172E+02
   1.0000000E-01   1.1499999E-01   3.2260001E-02   1.0000000E+00   3.5239832E+02
   1.0000000E-01   1.1700000E-01   3.2260001E-02   1.0000000E+00   3.5240503E+02
   1.0000000E-01   1.1900000E-01   3.2260001E-02   1.0000000E+00   3.5241138E+02
   1.0000000E-01   1.2100000E-01   3.2260001E-02   1.0000000E+00   3.5241711E+02
   1.0000000E-01   1.2633334E-01   3.2260001E-02   1.0000000E+00   3.5243042E+02
   1.0000000E-01   1.3733333E-01   3.2260001E-02   1.0000000E+00   3.5243964E+02
   1.0000000E-01   1.5200000E-01   3.2260001E-02   1.0000000E+00   3.5243207E+02
   1.0000000E-01   8.0000004E-03   3.4220003E-02   1.0000000E+00   3.5237585E+02
   1.0000000E-01   2.2666667E-02   3.4220003E-02   1.0000000E+00   3.5242447E+02
   1.0000000E-01   3.3666667E-02   3.4220003E-02   1.0000000E+00   3.5285626E+02
   1.0000000E-01   3.8999997E-02   3.4220003E-02   1.0000000E+00   3.5378860E+02
   1.0000000E-01   4.1000001E-02   3.4220003E-02   1.0000000E+00   3.5424661E+02
   1.0000000E-01   4.2999998E-02   3.4220003E-02   1.0000000E+00   3.5482419E+02
   1.0000000E-01   4.5000002E-02   3.4220003E-02   1.0000000E+00   3.5552261E+02
   1.0000000E-01   4.6999998E-02   3.4220003E-02   1.0000000E+00   3.5632892E+02
   1.0000000E-01   4.9000002E-02   3.4220003E-02   1.0000000E+00   3.5721173E+02
   1.0000000E-01   5.0999999E-02   3.4220003E-02   1.0000000E+00   3.5811874E+02
   1.0000000E-01   5.3000003E-02   3.4220003E-02   1.0000000E+00   3.5897797E+02
   1.0000000E-01   5.5000000E-02   3.4220003E-02   1.0000000E+00   3.5970374E+02
   1.0000000E-01   5.7000000E-02   3.4220003E-02   1.0000000E+00   3.6020825E+02
   1.0000000E-01   5.9000000E-02   3.4220003E-02   1.0000000E+00   3.6041541E+02
   1.0000000E-01   6.0999997E-02   3.4220003E-02   0.0000000E+00   2.9300000E+02
   1.0000000E-01   6.3000001E-02   3.4220003E-02   0.0000000E+00   2.9300000E+02
   1.0000000E-01   6.4999998E-02   3.4220003E-02   0.0000000E+00   2.9300000E+02
   1.0000000E-01   6.7000002E-02   3.4220003E-02   0.0000000E+00   2.9300000E+02
   1.0000000E-01   6.9000006E-02   3.4220003E-02   0.0000000E+00   2.9300000E+02
   1.0000000E-01   7.0999995E-02   3.4220003E-02   0.0000000E+00   2.9300000E+02
   1.0000000E-01   7.2999999E-02   3.4220003E-02   0.0000000E+00   2.9300000E+02
   1.0000000E-01   7.5000003E-02   3.4220003E-02   0.0000000E+00   2.9300000E+02
   1.0000000E-01   7.7000000E-02   3.4220003E-02   0.0000000E+00   2.9300000E+02
   1.0000000E-01   7.8999996E-02   3.4220003E-02   0.0000000E+00   2.9300000E+02
   1.0000000E-01   8.1000000E-02   3.4220003E-02   0.0000000E+00   2.9300000E+02
   1.0000000E-01   8.3000004E-02   3.4220003E-02   0.0000000E+00   2.9300000E+02
   1.0000000E-01   8.5000001E-02   3.4220003E-02   0.0000000E+00   2.9300000E+02
   1.0000000E-01   8.6999997E-02   3.4220003E-02   0.0000000E+00   2.9300000E+02
   1.0000000E-01   8.9000002E-02   3.4220003E-02   0.0000000E+00   2.9300000E+02
   1.0000000E-01   9.1000006E-02   3.4220003E-02   0.0000000E+00   2.9300000E+02
   1.0000000E-01   9.2999995E-02   3.4220003E-02   0.0000000E+00   2.9300000E+02
   1.0000000E-01   9.4999999E-02   3.4220003E-02   0.0000000E+00   2.9300000E+02
   1.0000000E-01   9.7000003E-02   3.4220003E-02   0.0000000E+00   2.9300000E+02
   1.0000000E-01   9.8999999E-02   3.4220003E-02   7.3673539E-02   3.5236462E+02
   1.0000000E-01   1.0100000E-01   3.4220003E-02   8.1632662E-01   3.5230984E+02
   1.0000000E-01   1.0300000E-01   3.4220003E-02   1.0000000E+00   3.5229648E+02
   1.0000000E-01   1.0500000E-01   3.4220003E-02   1.0000000E+00   3.5228592E+02
   1.0000000E-01   1.0700000E-01   3.4220003E-02   1.0000000E+00   3.5228622E+02
   1.0000000E-01   1.0900000E-01   3.4220003E-02   1.0000000E+00   3.5229205E+02
   1.0000000E-01   1.1100000E-01   3.4220003E-02   1.0000000E+00   3.5230014E+02
   1.0000000E-01   1.1300001E-01   3.4220003E-02   1.0000000E+00   3.5230887E+02
   1.0000000E-01   1.1499999E-01   3.4220003E-02   1.0000000E+00   3.5231747E+02
   1.0000000E-01   1.1700000E-01   3.4220003E-02   1.0000000E+00   3.5232547E+02
   1.0000000E-01   1.1900000E-01   3.4220003E-02   1.0000000E+00   3.5233267E+02
   1.0000000E-01   1.2100000E-01   3.4220003E-02   1.0000000E+00   3.5233893E+02
   1.0000000E-01   1.2633334E-01   3.4220003E-02   1.0000000E+00   3.5235315E+02
   1.0000000E-01   1.3733333E-01   3.4220003E-02   1.0000000E+00   3.5236279E+02
   1.0000000E-01   1.5200000E-01   3.4220003E-02   1.0000000E+00   3.5235397E+02
   1.0000000E-01   8.0000004E-03   3.6180001E-02   1.0000000E+00   3.5228647E+02
   1.0000000E-01   2.2666667E-02   3.6180001E-02   1.0000000E+00   3.5231860E+02
   1.0000000E-01   3.3666667E-02   3.6180001E-02   1.0000000E+00   3.5261551E+02
   1.0000000E-01   3.8999997E-02   3.6180001E-02   1.0000000E+00   3.5324695E+02
   1.0000000E-01   4.1000001E-02   3.6180001E-02   1.0000000E+00   3.5355319E+02
   1.0000000E-01   4.2999998E-02   3.6180001E-02   1.0000000E+00   3.5393466E+02
   1.0000000E-01   4.5000002E-02   3.6180001E-02   1.0000000E+00   3.5439029E+02
   1.0000000E-01   4.6999998E-02   3.6180001E-02   1.0000000E+00   3.5490945E+02
   1.0000000E-01   4.9000002E-02   3.6180001E-02   1.0000000E+00   3.5547009E+02
   1.0000000E-01   5.0999999E-02   3.6180001E-02   1.0000000E+00   3.5603769E+02
   1.0000000E-01   5.3000003E-02   3.6180001E-02   1.0000000E+00   3.5656680E+02
   1.0000000E-01   5.5000000E-02   3.6180001E-02   1.0000000E+00   3.5700571E+02
   1.0000000E-01   5.7000000E-02   3.6180001E-02   1.0000000E+00   3.5730310E+02
   1.0000000E-01   5.9000000E-02   3.6180001E-02   1.0000000E+00   3.5741290E+02
   1.0000000E-01   6.0999997E-02   3.6180001E-02   0.0000000E+00   2.9300000E+02
   1.0000000E-01   6.3000001E-02   3.6180001E-02   0.0000000E+00   2.9300000E+02
   1.0000000E-01   6.4999998E-02   3.6180001E-02   0.0000000E+00   2.9300000E+02
   1.0000000E-01   6.7000002E-02   3.6180001E-02   0.0000000E+00   2.9300000E+02
   1.0000000E-01   6.9000006E-02   3.6180001E-02   0.0000000E+00   2.9300000E+02
   1.0000000E-01   7.0999995E-02   3.6180001E-02   0.0000000E+00   2.9300000E+02
   1.0000000E-01   7.2999999E-02   3.6180001E-02   0.0000000E+00   2.9300000E+02
   1.0000000E-01   7.5000003E-02   3.6180001E-02   0.0000000E+00   2.9300000E+02
   1.0000000E-01   7.7000000E-02   3.6180001E-02   0.0000000E+00   2.9300000E+02
   1.0000000E-01   7.8999996E-02   3.6180001E-02   0.0000000E+00   2.9300000E+02
   1.0000000E-01   8.1000000E-02   3.6180001E-02   0.0000000E+00   2.9300000E+02
   1.0000000E-01   8.3000004E-02   3.6180001E-02   0.0000000E+00   2.9300000E+02
   1.0000000E-01   8.5000001E-02   3.6180001E-02   0.0000000E+00   2.9300000E+02
   1.0000000E-01   8.6999997E-02   3.6180001E-02   0.0000000E+00   2.9300000E+02
   1.0000000E-01   8.9000002E-02   3.6180001E-02   0.0000000E+00   2.9300000E+02
   1.0000000E-01   9.1000006E-02   3.6180001E-02   0.0000000E+00   2.9300000E+02
   1.0000000E-01   9.2999995E-02   3.6180001E-02   0.0000000E+00   2.9300000E+02
   1.0000000E-01   9.4999999E-02   3.6180001E-02   0.0000000E+00   2.9300000E+02
   1.0000000E-01   9.7000003E-02   3.6180001E-02   0.0000000E+00   2.9300000E+02
   1.0000000E-01   9.8999999E-02   3.6180001E-02   0.0000000E+00   2.9300000E+02
   1.0000000E-01   1.0100000E-01   3.6180001E-02   8.1632726E-02   3.5220871E+02
   1.0000000E-01   1.0300000E-01   3.6180001E-02   8.2836747E-01   3.5217346E+02
   1.0000000E-01   1.0500000E-01   3.6180001E-02   1.0000000E+00   3.5216919E+02
   1.0000000E-01   1.0700000E-01   3.6180001E-02   1.0000000E+00   3.5217947E+02
   1.0000000E-01   1.0900000E-01   3.6180001E-02   1.0000000E+00   3.5219241E+02
   1.0000000E-01   1.1100000E-01   3.6180001E-02   1.0000000E+00   3.5220474E+02
   1.0000000E-01   1.1300001E-01   3.6180001E-02   1.0000000E+00   3.5221600E+02
   1.0000000E-01   1.1499999E-01   3.6180001E-02   1.0000000E+00   3.5222614E+02
   1.0000000E-01   1.1700000E-01   3.6180001E-02   1.0000000E+00   3.5223511E+02
   1.0000000E-01   1.1900000E-01   3.6180001E-02   1.0000000E+00   3.5224289E+02
   1.0000000E-01   1.2100000E-01   3.6180001E-02   1.0000000E+00   3.5224954E+02
   1.0000000E-01   1.2633334E-01   3.6180001E-02   1.0000000E+00   3.5226443E+02
   1.0000000E-01   1.3733333E-01   3.6180001E-02   1.0000000E+00   3.5227438E+02
   1.0000000E-01   1.5200000E-01   3.6180001E-02   1.0000000E+00   3.5226389E+02
   1.0000000E-01   8.0000004E-03   3.8139999E-02   1.0000000E+00   3.5218594E+02
   1.0000000E-01   2.2666667E-02   3.8139999E-02   1.0000000E+00   3.5220889E+02
   1.0000000E-01   3.3666667E-02   3.8139999E-02   1.0000000E+00   3.5243176E+02
   1.0000000E-01   3.8999997E-02   3.8139999E-02   1.0000000E+00   3.5290091E+02
   1.0000000E-01   4.1000001E-02   3.8139999E-02   1.0000000E+00   3.5312604E+02
   1.0000000E-01   4.2999998E-02   3.8139999E-02   1.0000000E+00   3.5340356E+02
   1.0000000E-01   4.5000002E-02   3.8139999E-02   1.0000000E+00   3.5373151E+02
   1.0000000E-01   4.6999998E-02   3.8139999E-02   1.0000000E+00   3.5410101E+02
   1.0000000E-01   4.9000002E-02   3.8139999E-02   1.0000000E+00   3.5449527E+02
   1.0000000E-01   5.0999999E-02   3.8139999E-02   1.0000000E+00   3.5488937E+02
   1.0000000E-01   5.3000003E-02   3.8139999E-02   1.0000000E+00   3.5525208E+02
   1.0000000E-01   5.5000000E-02   3.8139999E-02   1.0000000E+00   3.5555014E+02
   1.0000000E-01   5.7000000E-02   3.8139999E-02   1.0000000E+00   3.5575571E+02
   1.0000000E-01   5.9000000E-02   3.8139999E-02   1.0000000E+00   3.5585983E+02
   1.0000000E-01   6.0999997E-02   3.8139999E-02   0.0000000E+00   2.9300000E+02
   1.0000000E-01   6.3000001E-02   3.8139999E-02   0.0000000E+00   2.9300000E+02
   1.0000000E-01   6.4999998E-02   3.8139999E-02   0.0000000E+00   2.9300000E+02
   1.0000000E-01   6.7000002E-02   3.8139999E-02   0.0000000E+00   2.9300000E+02
   1.0000000E-01   6.9000006E-02   3.8139999E-02   0.0000000E+00   2.9300000E+02
   1.0000000E-01   7.0999995E-02   3.8139999E-02   0.0000000E+00   2.9300000E+02
   1.0000000E-01   7.2999999E-02   3.8139999E-02   0.0000000E+00   2.9300000E+02
   1.0000000E-01   7.5000003E-02   3.8139999E-02   0.0000000E+00   2.9300000E+02
   1.0000000E-01   7.7000000E-02   3.8139999E-02   0.0000000E+00   2.9300000E+02
   1.0000000E-01   7.8999996E-02   3.8139999E-02   0.0000000E+00   2.9300000E+02
   1.0000000E-01   8.1000000E-02   3.8139999E-02   0.0000000E+00   2.9300000E+02
   1.0000000E-01   8.3000004E-02   3.8139999E-02   0.0000000E+00   2.9300000E+02
   1.0000000E-01   8.5000001E-02   3.8139999E-02   0.0000000E+00   2.9300000E+02
   1.0000000E-01   8.6999997E-02   3.8139999E-02   0.0000000E+00   2.9300000E+02
   1.0000000E-01   8.9000002E-02   3.8139999E-02   0.0000000E+00   2.9300000E+02
   1.0000000E-01   9.1000006E-02   3.8139999E-02   0.0000000E+00   2.9300000E+02
   1.0000000E-01   9.2999995E-02   3.8139999E-02   0.0000000E+00   2.9300000E+02
   1.0000000E-01   9.4999999E-02   3.8139999E-02   0.0000000E+00   2.9300000E+02
   1.0000000E-01   9.7000003E-02   3.8139999E-02   0.0000000E+00   2.9300000E+02
   1.0000000E-01   9.8999999E-02   3.8139999E-02   0.0000000E+00   2.9300000E+02
   1.0000000E-01   1.0100000E-01   3.8139999E-02   0.0000000E+00   2.9300000E+02
   1.0000000E-01   1.0300000E-01   3.8139999E-02   9.0000078E-02   3.5206729E+02
   1.0000000E-01   1.0500000E-01   3.8139999E-02   8.4000009E-01   3.5202237E+02
   1.0000000E-01   1.0700000E-01   3.8139999E-02   1.0000000E+00   3.5206363E+02
   1.0000000E-01   1.0900000E-01   3.8139999E-02   1.0000000E+00   3.5208478E+02
   1.0000000E-01   1.1100000E-01   3.8139999E-02   1.0000000E+00   3.5210037E+02
   1.0000000E-01   1.1300001E-01   3.8139999E-02   1.0000000E+00   3.5211328E+02
   1.0000000E-01   1.1499999E-01   3.8139999E-02   1.0000000E+00   3.5212436E+02
   1.0000000E-01   1.1700000E-01   3.8139999E-02   1.0000000E+00   3.5213391E+02
   1.0000000E-01   1.1900000E-01   3.8139999E-02   1.0000000E+00   3.5214209E+02
   1.0000000E-01   1.2100000E-01   3.8139999E-02   1.0000000E+00   3.5214899E+02
   1.0000000E-01   1.2633334E-01   3.8139999E-02   1.0000000E+00   3.5216428E+02
   1.0000000E-01   1.3733333E-01   3.8139999E-02   1.0000000E+00   3.5217441E+02
   1.0000000E-01   1.5200000E-01   3.8139999E-02   1.0000000E+00   3.5216174E+02
   1.0000000E-01   8.0000004E-03   4.0100001E-02   4.4897914E-01   3.5210953E+02
   1.0000000E-01   2.2666667E-02   4.0100001E-02   4.4897914E-01   3.5212811E+02
   1.0000000E-01   3.3666667E-02   4.0100001E-02   4.4897914E-01   3.5231598E+02
   1.0000000E-01   3.8999997E-02   4.0100001E-02   4.4897914E-01   3.5270959E+02
   1.0000000E-01   4.1000001E-02   4.0100001E-02   4.4897914E-01   3.5289722E+02
   1.0000000E-01   4.2999998E-02   4.0100001E-02   4.4897914E-01   3.5312701E+02
   1.0000000E-01   4.5000002E-02   4.0100001E-02   4.4897914E-01   3.5339673E+02
   1.0000000E-01   4.6999998E-02   4.0100001E-02   4.4897914E-01   3.5369843E+02
   1.0000000E-01   4.9000002E-02   4.0100001E-02   4.4897914E-01   3.5401782E+02
   1.0000000E-01   5.0999999E-02   4.0100001E-02   4.4897914E-01   3.5433450E+02
   1.0000000E-01   5.3000003E-02   4.0100001E-02   4.4897914E-01   3.5462384E+02
   1.0000000E-01   5.5000000E-02   4.0100001E-02   4.4897914E-01   3.5486075E+02
   1.0000000E-01   5.7000000E-02   4.0100001E-02   4.4897914E-01   3.5502606E+02
   1.0000000E-01   5.9000000E-02   4.0100001E-02   2.2448942E-01   3.5515738E+02
   1.0000000E-01   6.0999997E-02   4.0100001E-02   0.0000000E+00   2.9300000E+02
   1.0000000E-01   6.3000001E-02   4.0100001E-02   0.0000000E+00   2.9300000E+02
   1.0000000E-01   6.4999998E-02   4.0100001E-02   0.0000000E+00   2.9300000E+02
   1.0000000E-01   6.7000002E-02   4.0100001E-02   0.0000000E+00   2.9300000E+02
   1.0000000E-01   6.9000006E-02   4.0100001E-02   0.0000000E+00   2.9300000E+02
   1.0000000E-01   7.0999995E-02   4.0100001E-02   0.0000000E+00   2.9300000E+02
   1.0000000E-01   7.2999999E-02   4.0100001E-02   0.0000000E+00   2.9300000E+02
   1.0000000E-01   7.5000003E-02   4.0100001E-02   0.0000000E+00   2.9300000E+02
   1.0000000E-01   7.7000000E-02   4.0100001E-02   0.0000000E+00   2.9300000E+02
   1.0000000E-01   7.8999996E-02   4.0100001E-02   0.0000000E+00   2.9300000E+02
   1.0000000E-01   8.1000000E-02   4.0100001E-02   0.0000000E+00   2.9300000E+02
   1.0000000E-01   8.3000004E-02   4.0100001E-02   0.0000000E+00   2.9300000E+02
   1.0000000E-01   8.5000001E-02   4.0100001E-02   0.0000000E+00   2.9300000E+02
   1.0000000E-01   8.6999997E-02   4.0100001E-02   0.0000000E+00   2.9300000E+02
   1.0000000E-01   8.9000002E-02   4.0100001E-02   0.0000000E+00   2.9300000E+02
   1.0000000E-01   9.1000006E-02   4.0100001E-02   0.0000000E+00   2.9300000E+02
   1.0000000E-01   9.2999995E-02   4.0100001E-02   0.0000000E+00   2.9300000E+02
   1.0000000E-01   9.4999999E-02   4.0100001E-02   0.0000000E+00   2.9300000E+02
   1.0000000E-01   9.7000003E-02   4.0100001E-02   0.0000000E+00   2.9300000E+02
   1.0000000E-01   9.8999999E-02   4.0100001E-02   0.0000000E+00   2.9300000E+02
   1.0000000E-01   1.0100000E-01   4.0100001E-02   0.0000000E+00   2.9300000E+02
   1.0000000E-01   1.0300000E-01   4.0100001E-02   0.0000000E+00   2.9300000E+02
   1.0000000E-01   1.0500000E-01   4.0100001E-02   9.8775446E-02   3.5198386E+02
   1.0000000E-01   1.0700000E-01   4.0100001E-02   4.4897914E-01   3.5199323E+02
   1.0000000E-01   1.0900000E-01   4.0100001E-02   4.4897914E-01   3.5200790E+02
   1.0000000E-01   1.1100000E-01   4.0100001E-02   4.4897914E-01   3.5202274E+02
   1.0000000E-01   1.1300001E-01   4.0100001E-02   4.4897914E-01   3.5203595E+02
   1.0000000E-01   1.1499999E-01   4.0100001E-02   4.4897914E-01   3.5204739E+02
   1.0000000E-01   1.1700000E-01   4.0100001E-02   4.4897914E-01   3.5205719E+02
   1.0000000E-01   1.1900000E-01   4.0100001E-02   4.4897914E-01   3.5206555E+02
   1.0000000E-01   1.2100000E-01   4.0100001E-02   4.4897914E-01   3.5207257E+02
   1.0000000E-01   1.2633334E-01   4.0100001E-02   4.4897914E-01   3.5208804E+02
   1.0000000E-01   1.3733333E-01   4.0100001E-02   4.4897914E-01   3.5209836E+02
   1.0000000E-01   1.5200000E-01   4.0100001E-02   2.2448952E-01   3.5209750E+02
   1.0000000E-01   8.0000004E-03   4.2060003E-02   0.0000000E+00   2.9300000E+02
   1.0000000E-01   2.2666667E-02   4.2060003E-02   0.0000000E+00   2.9300000E+02
   1.0000000E-01   3.3666667E-02   4.2060003E-02   0.0000000E+00   2.9300000E+02
   1.0000000E-01   3.8999997E-02   4.2060003E-02   0.0000000E+00   2.9300000E+02
   1.0000000E-01   4.1000001E-02   4.2060003E-02   0.0000000E+00   2.9300000E+02
   1.0000000E-01   4.2999998E-02   4.2060003E-02   0.0000000E+00   2.9300000E+02
   1.0000000E-01   4.5000002E-02   4.2060003E-02   0.0000000E+00   2.9300000E+02
   1.0000000E-01   4.6999998E-02   4.2060003E-02   0.0000000E+00   2.9300000E+02
   1.0000000E-01   4.9000002E-02   4.2060003E-02   0.0000000E+00   2.9300000E+02
   1.0000000E-01   5.0999999E-02   4.2060003E-02   0.0000000E+00   2.9300000E+02
   1.0000000E-01   5.3000003E-02   4.2060003E-02   0.0000000E+00   2.9300000E+02
   1.0000000E-01   5.5000000E-02   4.2060003E-02   0.0000000E+00   2.9300000E+02
   1.0000000E-01   5.7000000E-02   4.2060003E-02   0.0000000E+00   2.9300000E+02
   1.0000000E-01   5.9000000E-02   4.2060003E-02   0.0000000E+00   2.9300000E+02
   1.0000000E-01   6.0999997E-02   4.2060003E-02   0.0000000E+00   2.9300000E+02
   1.0000000E-01   6.3000001E-02   4.2060003E-02   0.0000000E+00   2.9300000E+02
   1.0000000E-01   6.4999998E-02   4.2060003E-02   0.0000000E+00   2.9300000E+02
   1.0000000E-01   6.7000002E-02   4.2060003E-02   0.0000000E+00   2.9300000E+02
   1.0000000E-01   6.9000006E-02   4.2060003E-02   0.0000000E+00   2.9300000E+02
   1.0000000E-01   7.0999995E-02   4.2060003E-02   0.0000000E+00   2.9300000E+02
   1.0000000E-01   7.2999999E-02   4.2060003E-02   0.0000000E+00   2.9300000E+02
   1.0000000E-01   7.5000003E-02   4.2060003E-02   0.0000000E+00   2.9300000E+02
   1.0000000E-01   7.7000000E-02   4.2060003E-02   0.0000000E+00   2.9300000E+02
   1.0000000E-01   7.8999996E-02   4.2060003E-02   0.0000000E+00   2.9300000E+02
   1.0000000E-01   8.1000000E-02   4.2060003E-02   0.0000000E+00   2.9300000E+02
   1.0000000E-01   8.3000004E-02   4.2060003E-02   0.0000000E+00   2.9300000E+02
   1.0000000E-01   8.5000001E-02   4.2060003E-02   0.0000000E+00   2.9300000E+02
   1.0000000E-01   8.6999997E-02   4.2060003E-02   0.0000000E+00   2.9300000E+02
   1.0000000E-01   8.9000002E-02   4.2060003E-02   0.0000000E+00   2.9300000E+02
   1.0000000E-01   9.1000006E-02   4.2060003E-02   0.0000000E+00   2.9300000E+02
   1.0000000E-01   9.2999995E-02   4.2060003E-02   0.0000000E+00   2.9300000E+02
   1.0000000E-01   9.4999999E-02   4.2060003E-02   0.0000000E+00   2.9300000E+02
   1.0000000E-01   9.7000003E-02   4.2060003E-02   0.0000000E+00   2.9300000E+02
   1.0000000E-01   9.8999999E-02   4.2060003E-02   0.0000000E+00   2.9300000E+02
   1.0000000E-01   1.0100000E-01   4.2060003E-02   0.0000000E+00   2.9300000E+02
   1.0000000E-01   1.0300000E-01   4.2060003E-02   0.0000000E+00   2.9300000E+02
   1.0000000E-01   1.0500000E-01   4.2060003E-02   0.0000000E+00   2.9300000E+02
   1.0000000E-01   1.0700000E-01   4.2060003E-02   0.0000000E+00   2.9300000E+02
   1.0000000E-01   1.0900000E-01   4.2060003E-02   0.0000000E+00   2.9300000E+02
   1.0000000E-01   1.1100000E-01   4.2060003E-02   0.0000000E+00   2.9300000E+02
   1.0000000E-01   1.1300001E-01   4.2060003E-02   0.0000000E+00   2.9300000E+02
   1.0000000E-01   1.1499999E-01   4.2060003E-02   0.0000000E+00   2.9300000E+02
   1.0000000E-01   1.1700000E-01   4.2060003E-02   0.0000000E+00   2.9300000E+02
   1.0000000E-01   1.1900000E-01   4.2060003E-02   0.0000000E+00   2.9300000E+02
   1.0000000E-01   1.2100000E-01   4.2060003E-02   0.0000000E+00   2.9300000E+02
   1.0000000E-01   1.2633334E-01   4.2060003E-02   0.0000000E+00   2.9300000E+02
   1.0000000E-01   1.3733333E-01   4.2060003E-02   0.0000000E+00   2.9300000E+02
   1.0000000E-01   1.5200000E-01   4.2060003E-02   0.0000000E+00   2.9300000E+02
   1.0000000E-01   8.0000004E-03   4.4020001E-02   0.0000000E+00   2.9300000E+02
   1.0000000E-01   2.2666667E-02   4.4020001E-02   0.0000000E+00   2.9300000E+02
   1.0000000E-01   3.3666667E-02   4.4020001E-02   0.0000000E+00   2.9300000E+02
   1.0000000E-01   3.8999997E-02   4.4020001E-02   0.0000000E+00   2.9300000E+02
   1.0000000E-01   4.1000001E-02   4.4020001E-02   0.0000000E+00   2.9300000E+02
   1.0000000E-01   4.2999998E-02   4.4020001E-02   0.0000000E+00   2.9300000E+02
   1.0000000E-01   4.5000002E-02   4.4020001E-02   0.0000000E+00   2.9300000E+02
   1.0000000E-01   4.6999998E-02   4.4020001E-02   0.0000000E+00   2.9300000E+02
   1.0000000E-01   4.9000002E-02   4.4020001E-02   0.0000000E+00   2.9300000E+02
   1.0000000E-01   5.0999999E-02   4.4020001E-02   0.0000000E+00   2.9300000E+02
   1.0000000E-01   5.3000003E-02   4.4020001E-02   0.0000000E+00   2.9300000E+02
   1.0000000E-01   5.5000000E-02   4.4020001E-02   0.0000000E+00   2.9300000E+02
   1.0000000E-01   5.7000000E-02   4.4020001E-02   0.0000000E+00   2.9300000E+02
   1.0000000E-01   5.9000000E-02   4.4020001E-02   0.0000000E+00   2.9300000E+02
   1.0000000E-01   6.0999997E-02   4.4020001E-02   0.0000000E+00   2.9300000E+02
   1.0000000E-01   6.3000001E-02   4.4020001E-02   0.0000000E+00   2.9300000E+02
   1.0000000E-01   6.4999998E-02   4.4020001E-02   0.0000000E+00   2.9300000E+02
   1.0000000E-01   6.7000002E-02   4.4020001E-02   0.0000000E+00   2.9300000E+02
   1.0000000E-01   6.9000006E-02   4.4020001E-02   0.0000000E+00   2.9300000E+02
   1.0000000E-01   7.0999995E-02   4.4020001E-02   0.0000000E+00   2.9300000E+02
   1.0000000E-01   7.2999999E-02   4.4020001E-02   0.0000000E+00   2.9300000E+02
   1.0000000E-01   7.5000003E-02   4.4020001E-02   0.0000000E+00   2.9300000E+02
   1.0000000E-01   7.7000000E-02   4.4020001E-02   0.0000000E+00   2.9300000E+02
   1.0000000E-01   7.8999996E-02   4.4020001E-02   0.0000000E+00   2.9300000E+02
   1.0000000E-01   8.1000000E-02   4.4020001E-02   0.0000000E+00   2.9300000E+02
   1.0000000E-01   8.3000004E-02   4.4020001E-02   0.0000000E+00   2.9300000E+02
   1.0000000E-01   8.5000001E-02   4.4020001E-02   0.0000000E+00   2.9300000E+02
   1.0000000E-01   8.6999997E-02   4.4020001E-02   0.0000000E+00   2.9300000E+02
   1.0000000E-01   8.9000002E-02   4.4020001E-02   0.0000000E+00   2.9300000E+02
   1.0000000E-01   9.1000006E-02   4.4020001E-02   0.0000000E+00   2.9300000E+02
   1.0000000E-01   9.2999995E-02   4.4020001E-02   0.0000000E+00   2.9300000E+02
   1.0000000E-01   9.4999999E-02   4.4020001E-02   0.0000000E+00   2.9300000E+02
   1.0000000E-01   9.7000003E-02   4.4020001E-02   0.0000000E+00   2.9300000E+02
   1.0000000E-01   9.8999999E-02   4.4020001E-02   0.0000000E+00   2.9300000E+02
   1.0000000E-01   1.0100000E-01   4.4020001E-02   0.0000000E+00   2.9300000E+02
   1.0000000E-01   1.0300000E-01   4.4020001E-02   0.0000000E+00   2.9300000E+02
   1.0000000E-01   1.0500000E-01   4.4020001E-02   0.0000000E+00   2.9300000E+02
   1.0000000E-01   1.0700000E-01   4.4020001E-02   0.0000000E+00   2.9300000E+02
   1.0000000E-01   1.0900000E-01   4.4020001E-02   0.0000000E+00   2.9300000E+02
   1.0000000E-01   1.1100000E-01   4.4020001E-02   0.0000000E+00   2.9300000E+02
   1.0000000E-01   1.1300001E-01   4.4020001E-02   0.0000000E+00   2.9300000E+02
   1.0000000E-01   1.1499999E-01   4.4020001E-02   0.0000000E+00   2.9300000E+02
   1.0000000E-01   1.1700000E-01   4.4020001E-02   0.0000000E+00   2.9300000E+02
   1.0000000E-01   1.1900000E-01   4.4020001E-02   0.0000000E+00   2.9300000E+02
   1.0000000E-01   1.2100000E-01   4.4020001E-02   0.0000000E+00   2.9300000E+02
   1.0000000E-01   1.2633334E-01   4.4020001E-02   0.0000000E+00   2.9300000E+02
   1.0000000E-01   1.3733333E-01   4.4020001E-02   0.0000000E+00   2.9300000E+02
   1.0000000E-01   1.5200000E-01   4.4020001E-02   0.0000000E+00   2.9300000E+02