1.0000000E-01   8.0000004E-03  -3.0200002E-03   0.0000000E+00   2.9300000E+02
   1.0000000E-01   2.2666667E-02  -3.0200002E-03   0.0000000E+00   2.9300000E+02
   1.0000000E-01   3.3666667E-02  -3.0200002E-03   0.0000000E+00   2.9300000E+02
   1.0000000E-01   3.8999997E-02  -3.0200002E-03   0.0000000E+00   2.9300000E+02
   1.0000000E-01   4.1000001E-02  -3.0200002E-03   0.0000000E+00   2.9300000E+02
   1.0000000E-01   4.2999998E-02  -3.0200002E-03   4.9999928E-01   6.8775409E+02
   1.0000000E-01   4.5000002E-02  -3.0200002E-03   1.0000000E+00   7.2027148E+02
   1.0000000E-01   4.6999998E-02  -3.0200002E-03   1.0000000E+00   7.7274249E+02
   1.0000000E-01   4.9000002E-02  -3.0200002E-03   1.0000000E+00   8.4860638E+02
   1.0000000E-01   5.0999999E-02  -3.0200002E-03   1.0000000E+00   9.4300146E+02
   1.0000000E-01   5.3000003E-02  -3.0200002E-03   1.0000000E+00   1.0512767E+03
   1.0000000E-01   5.5000000E-02  -3.0200002E-03   1.0000000E+00   1.1677910E+03
   1.0000000E-01   5.7000000E-02  -3.0200002E-03   1.0000000E+00   1.2850695E+03
   1.0000000E-01   5.9000000E-02  -3.0200002E-03   1.0000000E+00   1.3931874E+03
   1.0000000E-01   6.0999997E-02  -3.0200002E-03   9.9864578E-01   1.4797767E+03
   1.0000000E-01   6.3000001E-02  -3.0200002E-03   9.9775648E-01   1.5318319E+03
   1.0000000E-01   6.4999998E-02  -3.0200002E-03   9.9863273E-01   1.5410050E+03
   1.0000000E-01   6.7000002E-02  -3.0200002E-03   9.9937141E-01   1.5076156E+03
   1.0000000E-01   6.9000006E-02  -3.0200002E-03   1.0000000E+00   1.4404225E+03
   1.0000000E-01   7.0999995E-02  -3.0200002E-03   1.0000000E+00   1.3491622E+03
   1.0000000E-01   7.2999999E-02  -3.0200002E-03   1.0000000E+00   1.2437753E+03
   1.0000000E-01   7.5000003E-02  -3.0200002E-03   1.0000000E+00   1.1342869E+03
   1.0000000E-01   7.7000000E-02  -3.0200002E-03   1.0000000E+00   1.0303518E+03
   1.0000000E-01   7.8999996E-02  -3.0200002E-03   1.0000000E+00   9.4103033E+02
   1.0000000E-01   8.1000000E-02  -3.0200002E-03   1.0000000E+00   8.7548456E+02
   1.0000000E-01   8.3000004E-02  -3.0200002E-03   5.4590148E-01   8.3358948E+02
   1.0000000E-01   8.5000001E-02  -3.0200002E-03   0.0000000E+00   2.9300000E+02
   1.0000000E-01   8.6999997E-02  -3.0200002E-03   0.0000000E+00   2.9300000E+02
   1.0000000E-01   8.9000002E-02  -3.0200002E-03   0.0000000E+00   2.9300000E+02
   1.0000000E-01   9.1000006E-02  -3.0200002E-03   0.0000000E+00   2.9300000E+02
   1.0000000E-01   9.2999995E-02  -3.0200002E-03   0.0000000E+00   2.9300000E+02
   1.0000000E-01   9.4999999E-02  -3.0200002E-03   0.0000000E+00   2.9300000E+02
   1.0000000E-01   9.7000003E-02  -3.0200002E-03   0.0000000E+00   2.9300000E+02
   1.0000000E-01   9.8999999E-02  -3.0200002E-03   0.0000000E+00   2.9300000E+02
   1.0000000E-01   1.0100000E-01  -3.0200002E-03   0.0000000E+00   2.9300000E+02
   1.0000000E-01   1.0300000E-01  -3.0200002E-03   0.0000000E+00   2.9300000E+02
   1.0000000E-01   1.0500000E-01  -3.0200002E-03   0.0000000E+00   2.9300000E+02
   1.0000000E-01   1.0700000E-01  -3.0200002E-03   0.0000000E+00   2.9300000E+02
   1.0000000E-01   1.0900000E-01  -3.0200002E-03   0.0000000E+00   2.9300000E+02
   1.0000000E-01   1.1100000E-01  -3.0200002E-03   0.0000000E+00   2.9300000E+02
   1.0000000E-01   1.1300001E-01  -3.0200002E-03   0.0000000E+00   2.9300000E+02
   1.0000000E-01   1.1499999E-01  -3.0200002E-03   0.0000000E+00   2.9300000E+02
   1.0000000E-01   1.1700000E-01  -3.0200002E-03   0.0000000E+00   2.9300000E+02
   1.0000000E-01   1.1900000E-01  -3.0200002E-03   0.0000000E+00   2.9300000E+02
   1.0000000E-01   1.2100000E-01  -3.0200002E-03   0.0000000E+00   2.9300000E+02
   1.0000000E-01   1.2633334E-01  -3.0200002E-03   0.0000000E+00   2.9300000E+02
   1.0000000E-01   1.3733333E-01  -3.0200002E-03   0.0000000E+00   2.9300000E+02
   1.0000000E-01   1.5200000E-01  -3.0200002E-03   0.0000000E+00   2.9300000E+02
   1.0000000E-01   8.0000004E-03  -1.0599999E-03   0.0000000E+00   2.9300000E+02
   1.0000000E-01   2.2666667E-02  -1.0599999E-03   0.0000000E+00   2.9300000E+02
   1.0000000E-01   3.3666667E-02  -1.0599999E-03   0.0000000E+00   2.9300000E+02
   1.0000000E-01   3.8999997E-02  -1.0599999E-03   0.0000000E+00   2.9300000E+02
   1.0000000E-01   4.1000001E-02  -1.0599999E-03   0.0000000E+00   2.9300000E+02
   1.0000000E-01   4.2999998E-02  -1.0599999E-03   4.9999928E-01   6.6220844E+02
   1.0000000E-01   4.5000002E-02  -1.0599999E-03   1.0000000E+00   7.0611493E+02
   1.0000000E-01   4.6999998E-02  -1.0599999E-03   1.0000000E+00   7.6446753E+02
   1.0000000E-01   4.9000002E-02  -1.0599999E-03   1.0000000E+00   8.4376459E+02
   1.0000000E-01   5.0999999E-02  -1.0599999E-03   1.0000000E+00   9.4044415E+02
   1.0000000E-01   5.3000003E-02  -1.0599999E-03   1.0000000E+00   1.0508536E+03
   1.0000000E-01   5.5000000E-02  -1.0599999E-03   1.0000000E+00   1.1700325E+03
   1.0000000E-01   5.7000000E-02  -1.0599999E-03   1.0000000E+00   1.2909823E+03
   1.0000000E-01   5.9000000E-02  -1.0599999E-03   1.0000000E+00   1.4039828E+03
   1.0000000E-01   6.0999997E-02  -1.0599999E-03   9.9847263E-01   1.4962440E+03
   1.0000000E-01   6.3000001E-02  -1.0599999E-03   9.9857008E-01   1.5532885E+03
   1.0000000E-01   6.4999998E-02  -1.0599999E-03   9.9881661E-01   1.5651702E+03
   1.0000000E-01   6.7000002E-02  -1.0599999E-03   9.9978453E-01   1.5301370E+03
   1.0000000E-01   6.9000006E-02  -1.0599999E-03   1.0000000E+00   1.4597870E+03
   1.0000000E-01   7.0999995E-02  -1.0599999E-03   1.0000000E+00   1.3643904E+03
   1.0000000E-01   7.2999999E-02  -1.0599999E-03   1.0000000E+00   1.2540574E+03
   1.0000000E-01   7.5000003E-02  -1.0599999E-03   1.0000000E+00   1.1391986E+03
   1.0000000E-01   7.7000000E-02  -1.0599999E-03   1.0000000E+00   1.0296033E+03
   1.0000000E-01   7.8999996E-02  -1.0599999E-03   1.0000000E+00   9.3357159E+02
   1.0000000E-01   8.1000000E-02  -1.0599999E-03   1.0000000E+00   8.5866821E+02
   1.0000000E-01   8.3000004E-02  -1.0599999E-03   5.4590148E-01   8.0093103E+02
   1.0000000E-01   8.5000001E-02  -1.0599999E-03   0.0000000E+00   2.9300000E+02
   1.0000000E-01   8.6999997E-02  -1.0599999E-03   0.0000000E+00   2.9300000E+02
   1.0000000E-01   8.9000002E-02  -1.0599999E-03   0.0000000E+00   2.9300000E+02
   1.0000000E-01   9.1000006E-02  -1.0599999E-03   0.0000000E+00   2.9300000E+02
   1.0000000E-01   9.2999995E-02  -1.0599999E-03   0.0000000E+00   2.9300000E+02
   1.0000000E-01   9.4999999E-02  -1.0599999E-03   0.0000000E+00   2.9300000E+02
   1.0000000E-01   9.7000003E-02  -1.0599999E-03   0.0000000E+00   2.9300000E+02
   1.0000000E-01   9.8999999E-02  -1.0599999E-03   0.0000000E+00   2.9300000E+02
   1.0000000E-01   1.0100000E-01  -1.0599999E-03   0.0000000E+00   2.9300000E+02
   1.0000000E-01   1.0300000E-01  -1.0599999E-03   0.0000000E+00   2.9300000E+02
   1.0000000E-01   1.0500000E-01  -1.0599999E-03   0.0000000E+00   2.9300000E+02
   1.0000000E-01   1.0700000E-01  -1.0599999E-03   0.0000000E+00   2.9300000E+02
   1.0000000E-01   1.0900000E-01  -1.0599999E-03   0.0000000E+00   2.9300000E+02
   1.0000000E-01   1.1100000E-01  -1.0599999E-03   0.0000000E+00   2.9300000E+02
   1.0000000E-01   1.1300001E-01  -1.0599999E-03   0.0000000E+00   2.9300000E+02
   1.0000000E-01   1.1499999E-01  -1.0599999E-03   0.0000000E+00   2.9300000E+02
   1.0000000E-01   1.1700000E-01  -1.0599999E-03   0.0000000E+00   2.9300000E+02
   1.0000000E-01   1.1900000E-01  -1.0599999E-03   0.0000000E+00   2.9300000E+02
   1.0000000E-01   1.2100000E-01  -1.0599999E-03   0.0000000E+00   2.9300000E+02
   1.0000000E-01   1.2633334E-01  -1.0599999E-03   0.0000000E+00   2.9300000E+02
   1.0000000E-01   1.3733333E-01  -1.0599999E-03   0.0000000E+00   2.9300000E+02
   1.0000000E-01   1.5200000E-01  -1.0599999E-03   0.0000000E+00   2.9300000E+02
   1.0000000E-01   8.0000004E-03   8.9999998E-04   9.5918369E-01   3.5255981E+02
   1.0000000E-01   2.2666667E-02   8.9999998E-04   9.5918369E-01   3.5848660E+02
   1.0000000E-01   3.3666667E-02   8.9999998E-04   9.5918369E-01   4.0114178E+02
   1.0000000E-01   3.8999997E-02   8.9999998E-04   9.5918369E-01   4.9222488E+02
   1.0000000E-01   4.1000001E-02   8.9999998E-04   9.5918369E-01   5.4117456E+02
   1.0000000E-01   4.2999998E-02   8.9999998E-04   9.8979592E-01   6.1033978E+02
   1.0000000E-01   4.5000002E-02   8.9999998E-04   1.0000000E+00   6.7618549E+02
   1.0000000E-01   4.6999998E-02   8.9999998E-04   1.0000000E+00   7.4671594E+02
   1.0000000E-01   4.9000002E-02   8.9999998E-04   1.0000000E+00   8.3114789E+02
   1.0000000E-01   5.0999999E-02   8.9999998E-04   1.0000000E+00   9.3077667E+02
   1.0000000E-01   5.3000003E-02   8.9999998E-04   1.0000000E+00   1.0439669E+03
   1.0000000E-01   5.5000000E-02   8.9999998E-04   1.0000000E+00   1.1669645E+03
   1.0000000E-01   5.7000000E-02   8.9999998E-04   1.0000000E+00   1.2936324E+03
   1.0000000E-01   5.9000000E-02   8.9999998E-04   9.9883562E-01   1.4146921E+03
   1.0000000E-01   6.0999997E-02   8.9999998E-04   9.9929553E-01   1.5167080E+03
   1.0000000E-01   6.3000001E-02   8.9999998E-04   9.9957013E-01   1.5833232E+03
   1.0000000E-01   6.4999998E-02   8.9999998E-04   9.9960941E-01   1.6033278E+03
   1.0000000E-01   6.7000002E-02   8.9999998E-04   9.9990386E-01   1.5656851E+03
   1.0000000E-01   6.9000006E-02   8.9999998E-04   1.0000000E+00   1.4895172E+03
   1.0000000E-01   7.0999995E-02   8.9999998E-04   1.0000000E+00   1.3864768E+03
   1.0000000E-01   7.2999999E-02   8.9999998E-04   1.0000000E+00   1.2668527E+03
   1.0000000E-01   7.5000003E-02   8.9999998E-04   1.0000000E+00   1.1421626E+03
   1.0000000E-01   7.7000000E-02   8.9999998E-04   1.0000000E+00   1.0229536E+03
   1.0000000E-01   7.8999996E-02   8.9999998E-04   1.0000000E+00   9.1584930E+02
   1.0000000E-01   8.1000000E-02   8.9999998E-04   1.0000000E+00   8.2200970E+02
   1.0000000E-01   8.3000004E-02   8.9999998E-04   1.0000000E+00   7.3166223E+02
   1.0000000E-01   8.5000001E-02   8.9999998E-04   9.5918369E-01   6.3147247E+02
   1.0000000E-01   8.6999997E-02   8.9999998E-04   9.5918369E-01   5.5642987E+02
   1.0000000E-01   8.9000002E-02   8.9999998E-04   9.5918369E-01   5.0020944E+02
   1.0000000E-01   9.1000006E-02   8.9999998E-04   9.5918369E-01   4.5815225E+02
   1.0000000E-01   9.2999995E-02   8.9999998E-04   9.5918369E-01   4.2701614E+02
   1.0000000E-01   9.4999999E-02   8.9999998E-04   9.5918369E-01   4.0428455E+02
   1.0000000E-01   9.7000003E-02   8.9999998E-04   9.5918369E-01   3.8794003E+02
   1.0000000E-01   9.8999999E-02   8.9999998E-04   9.5918369E-01   3.7636969E+02
   1.0000000E-01   1.0100000E-01   8.9999998E-04   9.5918369E-01   3.6830496E+02
   1.0000000E-01   1.0300000E-01   8.9999998E-04   9.5918369E-01   3.6276871E+02
   1.0000000E-01   1.0500000E-01   8.9999998E-04   9.5918369E-01   3.5902454E+02
   1.0000000E-01   1.0700000E-01   8.9999998E-04   9.5918369E-01   3.5652911E+02
   1.0000000E-01   1.0900000E-01   8.9999998E-04   9.5918369E-01   3.5488977E+02
   1.0000000E-01   1.1100000E-01   8.9999998E-04   9.5918369E-01   3.5382803E+02
   1.0000000E-01   1.1300001E-01   8.9999998E-04   9.5918369E-01   3.5315024E+02
   1.0000000E-01   1.1499999E-01   8.9999998E-04   9.5918369E-01   3.5272406E+02
   1.0000000E-01   1.1700000E-01   8.9999998E-04   9.5918369E-01   3.5246075E+02
   1.0000000E-01   1.1900000E-01   8.9999998E-04   9.5918369E-01   3.5230197E+02
   1.0000000E-01   1.2100000E-01   8.9999998E-04   9.5918369E-01   3.5221039E+02
   1.0000000E-01   1.2633334E-01   8.9999998E-04   9.5918369E-01   3.5208417E+02
   1.0000000E-01   1.3733333E-01   8.9999998E-04   9.5918369E-01   3.5205267E+02
   1.0000000E-01   1.5200000E-01   8.9999998E-04   4.7959173E-01   3.5204202E+02
   1.0000000E-01   8.0000004E-03   2.8599999E-03   1.0000000E+00   3.5265372E+02
   1.0000000E-01   2.2666667E-02   2.8599999E-03   1.0000000E+00   3.5845847E+02
   1.0000000E-01   3.3666667E-02   2.8599999E-03   1.0000000E+00   4.0001187E+02
   1.0000000E-01   3.8999997E-02   2.8599999E-03   1.0000000E+00   4.8685645E+02
   1.0000000E-01   4.1000001E-02   2.8599999E-03   1.0000000E+00   5.3117456E+02
   1.0000000E-01   4.2999998E-02   2.8599999E-03   1.0000000E+00   5.8818951E+02
   1.0000000E-01   4.5000002E-02   2.8599999E-03   1.0000000E+00   6.5249823E+02
   1.0000000E-01   4.6999998E-02   2.8599999E-03   1.0000000E+00   7.2610797E+02
   1.0000000E-01   4.9000002E-02   2.8599999E-03   1.0000000E+00   8.1284357E+02
   1.0000000E-01   5.0999999E-02   2.8599999E-03   1.0000000E+00   9.1422003E+02
   1.0000000E-01   5.3000003E-02   2.8599999E-03   1.0000000E+00   1.0296470E+03
   1.0000000E-01   5.5000000E-02   2.8599999E-03   1.0000000E+00   1.1565449E+03
   1.0000000E-01   5.7000000E-02   2.8599999E-03   1.0000000E+00   1.2899194E+03
   1.0000000E-01   5.9000000E-02   2.8599999E-03   1.0000000E+00   1.4212208E+03
   1.0000000E-01   6.0999997E-02   2.8599999E-03   9.9976635E-01   1.5368632E+03
   1.0000000E-01   6.3000001E-02   2.8599999E-03   9.9901897E-01   1.6196843E+03
   1.0000000E-01   6.4999998E-02   2.8599999E-03   9.9953860E-01   1.6546156E+03
   1.0000000E-01   6.7000002E-02   2.8599999E-03   9.9993825E-01   1.6133944E+03
   1.0000000E-01   6.9000006E-02   2.8599999E-03   9.9000317E-01   1.5280684E+03
   1.0000000E-01   7.0999995E-02   2.8599999E-03   1.0000000E+00   1.4136327E+03
   1.0000000E-01   7.2999999E-02   2.8599999E-03   1.0000000E+00   1.2799242E+03
   1.0000000E-01   7.5000003E-02   2.8599999E-03   1.0000000E+00   1.1408679E+03
   1.0000000E-01   7.7000000E-02   2.8599999E-03   1.0000000E+00   1.0102429E+03
   1.0000000E-01   7.8999996E-02   2.8599999E-03   1.0000000E+00   8.9423267E+02
   1.0000000E-01   8.1000000E-02   2.8599999E-03   1.0000000E+00   7.9276593E+02
   1.0000000E-01   8.3000004E-02   2.8599999E-03   1.0000000E+00   7.0156329E+02
   1.0000000E-01   8.5000001E-02   2.8599999E-03   1.0000000E+00   6.1754578E+02
   1.0000000E-01   8.6999997E-02   2.8599999E-03   1.0000000E+00   5.4916400E+02
   1.0000000E-01   8.9000002E-02   2.8599999E-03   1.0000000E+00   4.9593469E+02
   1.0000000E-01   9.1000006E-02   2.8599999E-03   1.0000000E+00   4.5547986E+02
   1.0000000E-01   9.2999995E-02   2.8599999E-03   1.0000000E+00   4.2530780E+02
   1.0000000E-01   9.4999999E-02   2.8599999E-03   1.0000000E+00   4.0319391E+02
   1.0000000E-01   9.7000003E-02   2.8599999E-03   1.0000000E+00   3.8725668E+02
   1.0000000E-01   9.8999999E-02   2.8599999E-03   1.0000000E+00   3.7595752E+02
   1.0000000E-01   1.0100000E-01   2.8599999E-03   1.0000000E+00   3.6807318E+02
   1.0000000E-01   1.0300000E-01   2.8599999E-03   1.0000000E+00   3.6265622E+02
   1.0000000E-01   1.0500000E-01   2.8599999E-03   1.0000000E+00   3.5899023E+02
   1.0000000E-01   1.0700000E-01   2.8599999E-03   1.0000000E+00   3.5654556E+02
   1.0000000E-01   1.0900000E-01   2.8599999E-03   1.0000000E+00   3.5493872E+02
   1.0000000E-01   1.1100000E-01   2.8599999E-03   1.0000000E+00   3.5389761E+02
   1.0000000E-01   1.1300001E-01   2.8599999E-03   1.0000000E+00   3.5323276E+02
   1.0000000E-01   1.1499999E-01   2.8599999E-03   1.0000000E+00   3.5281458E+02
   1.0000000E-01   1.1700000E-01   2.8599999E-03   1.0000000E+00   3.5255612E+02
   1.0000000E-01   1.1900000E-01   2.8599999E-03   1.0000000E+00   3.5240027E+02
   1.0000000E-01   1.2100000E-01   2.8599999E-03   1.0000000E+00   3.5231039E+02
   1.0000000E-01   1.2633334E-01   2.8599999E-03   1.0000000E+00   3.5218646E+02
   1.0000000E-01   1.3733333E-01   2.8599999E-03   1.0000000E+00   3.5215530E+02
   1.0000000E-01   1.5200000E-01   2.8599999E-03   1.0000000E+00   3.5212003E+02
   1.0000000E-01   8.0000004E-03   4.8199999E-03   1.0000000E+00   3.5272925E+02
   1.0000000E-01   2.2666667E-02   4.8199999E-03   1.0000000E+00   3.5828946E+02
   1.0000000E-01   3.3666667E-02   4.8199999E-03   1.0000000E+00   3.9776639E+02
   1.0000000E-01   3.8999997E-02   4.8199999E-03   1.0000000E+00   4.7842154E+02
   1.0000000E-01   4.1000001E-02   4.8199999E-03   1.0000000E+00   5.1858527E+02
   1.0000000E-01   4.2999998E-02   4.8199999E-03   1.0000000E+00   5.6952136E+02
   1.0000000E-01   4.5000002E-02   4.8199999E-03   1.0000000E+00   6.3064435E+02
   1.0000000E-01   4.6999998E-02   4.8199999E-03   1.0000000E+00   7.0323480E+02
   1.0000000E-01   4.9000002E-02   4.8199999E-03   1.0000000E+00   7.8938196E+02
   1.0000000E-01   5.0999999E-02   4.8199999E-03   1.0000000E+00   8.9040912E+02
   1.0000000E-01   5.3000003E-02   4.8199999E-03   1.0000000E+00   1.0064003E+03
   1.0000000E-01   5.5000000E-02   4.8199999E-03   1.0000000E+00   1.1359379E+03
   1.0000000E-01   5.7000000E-02   4.8199999E-03   1.0000000E+00   1.2754546E+03
   1.0000000E-01   5.9000000E-02   4.8199999E-03   1.0000000E+00   1.4176205E+03
   1.0000000E-01   6.0999997E-02   4.8199999E-03   9.9983764E-01   1.5494536E+03
   1.0000000E-01   6.3000001E-02   4.8199999E-03   9.9757773E-01   1.6592980E+03
   1.0000000E-01   6.4999998E-02   4.8199999E-03   9.9949425E-01   1.6823525E+03
   1.0000000E-01   6.7000002E-02   4.8199999E-03   9.9996287E-01   1.6698915E+03
   1.0000000E-01   6.9000006E-02   4.8199999E-03   9.9999595E-01   1.5705648E+03
   1.0000000E-01   7.0999995E-02   4.8199999E-03   9.9710828E-01   1.4425409E+03
   1.0000000E-01   7.2999999E-02   4.8199999E-03   1.0000000E+00   1.2887917E+03
   1.0000000E-01   7.5000003E-02   4.8199999E-03   1.0000000E+00   1.1292321E+03
   1.0000000E-01   7.7000000E-02   4.8199999E-03   1.0000000E+00   9.8688782E+02
   1.0000000E-01   7.8999996E-02   4.8199999E-03   1.0000000E+00   8.6596680E+02
   1.0000000E-01   8.1000000E-02   4.8199999E-03   1.0000000E+00   7.6329797E+02
   1.0000000E-01   8.3000004E-02   4.8199999E-03   1.0000000E+00   6.7512830E+02
   1.0000000E-01   8.5000001E-02   4.8199999E-03   1.0000000E+00   5.9935687E+02
   1.0000000E-01   8.6999997E-02   4.8199999E-03   1.0000000E+00   5.3717999E+02
   1.0000000E-01   8.9000002E-02   4.8199999E-03   1.0000000E+00   4.8802380E+02
   1.0000000E-01   9.1000006E-02   4.8199999E-03   1.0000000E+00   4.5022983E+02
   1.0000000E-01   9.2999995E-02   4.8199999E-03   1.0000000E+00   4.2182471E+02
   1.0000000E-01   9.4999999E-02   4.8199999E-03   1.0000000E+00   4.0089902E+02
   1.0000000E-01   9.7000003E-02   4.8199999E-03   1.0000000E+00   3.8576474E+02
   1.0000000E-01   9.8999999E-02   4.8199999E-03   1.0000000E+00   3.7500720E+02
   1.0000000E-01   1.0100000E-01   4.8199999E-03   1.0000000E+00   3.6748611E+02
   1.0000000E-01   1.0300000E-01   4.8199999E-03   1.0000000E+00   3.6231064E+02
   1.0000000E-01   1.0500000E-01   4.8199999E-03   1.0000000E+00   3.5880353E+02
   1.0000000E-01   1.0700000E-01   4.8199999E-03   1.0000000E+00   3.5646219E+02
   1.0000000E-01   1.0900000E-01   4.8199999E-03   1.0000000E+00   3.5492184E+02
   1.0000000E-01   1.1100000E-01   4.8199999E-03   1.0000000E+00   3.5392297E+02
   1.0000000E-01   1.1300001E-01   4.8199999E-03   1.0000000E+00   3.5328464E+02
   1.0000000E-01   1.1499999E-01   4.8199999E-03   1.0000000E+00   3.5288290E+02
   1.0000000E-01   1.1700000E-01   4.8199999E-03   1.0000000E+00   3.5263452E+02
   1.0000000E-01   1.1900000E-01   4.8199999E-03   1.0000000E+00   3.5248471E+02
   1.0000000E-01   1.2100000E-01   4.8199999E-03   1.0000000E+00   3.5239828E+02
   1.0000000E-01   1.2633334E-01   4.8199999E-03   1.0000000E+00   3.5227921E+02
   1.0000000E-01   1.3733333E-01   4.8199999E-03   1.0000000E+00   3.5224933E+02
   1.0000000E-01   1.5200000E-01   4.8199999E-03   1.0000000E+00   3.5221945E+02
   1.0000000E-01   8.0000004E-03   6.7799999E-03   1.0000000E+00   3.5278485E+02
   1.0000000E-01   2.2666667E-02   6.7799999E-03   1.0000000E+00   3.5799680E+02
   1.0000000E-01   3.3666667E-02   6.7799999E-03   1.0000000E+00   3.9466565E+02
   1.0000000E-01   3.8999997E-02   6.7799999E-03   1.0000000E+00   4.6829614E+02
   1.0000000E-01   4.1000001E-02   6.7799999E-03   1.0000000E+00   5.0471848E+02
   1.0000000E-01   4.2999998E-02   6.7799999E-03   1.0000000E+00   5.5109814E+02
   1.0000000E-01   4.5000002E-02   6.7799999E-03   1.0000000E+00   6.0825684E+02
   1.0000000E-01   4.6999998E-02   6.7799999E-03   1.0000000E+00   6.7753210E+02
   1.0000000E-01   4.9000002E-02   6.7799999E-03   1.0000000E+00   7.6054730E+02
   1.0000000E-01   5.0999999E-02   6.7799999E-03   1.0000000E+00   8.5861560E+02
   1.0000000E-01   5.3000003E-02   6.7799999E-03   1.0000000E+00   9.7239600E+02
   1.0000000E-01   5.5000000E-02   6.7799999E-03   1.0000000E+00   1.1016637E+03
   1.0000000E-01   5.7000000E-02   6.7799999E-03   1.0000000E+00   1.2447712E+03
   1.0000000E-01   5.9000000E-02   6.7799999E-03   1.0000000E+00   1.3968071E+03
   1.0000000E-01   6.0999997E-02   6.7799999E-03   9.9968588E-01   1.5452161E+03
   1.0000000E-01   6.3000001E-02   6.7799999E-03   9.9728793E-01   1.6684260E+03
   1.0000000E-01   6.4999998E-02   6.7799999E-03   9.9957812E-01   1.6878240E+03
   1.0000000E-01   6.7000002E-02   6.7799999E-03   9.9998003E-01   1.6877739E+03
   1.0000000E-01   6.9000006E-02   6.7799999E-03   9.9999094E-01   1.6075022E+03
   1.0000000E-01   7.0999995E-02   6.7799999E-03   9.9986136E-01   1.4699922E+03
   1.0000000E-01   7.2999999E-02   6.7799999E-03   9.9003601E-01   1.2875626E+03
   1.0000000E-01   7.5000003E-02   6.7799999E-03   1.0000000E+00   1.0946891E+03
   1.0000000E-01   7.7000000E-02   6.7799999E-03   1.0000000E+00   9.4400732E+02
   1.0000000E-01   7.8999996E-02   6.7799999E-03   1.0000000E+00   8.2598407E+02
   1.0000000E-01   8.1000000E-02   6.7799999E-03   1.0000000E+00   7.2842664E+02
   1.0000000E-01   8.3000004E-02   6.7799999E-03   1.0000000E+00   6.4649426E+02
   1.0000000E-01   8.5000001E-02   6.7799999E-03   1.0000000E+00   5.7791425E+02
   1.0000000E-01   8.6999997E-02   6.7799999E-03   1.0000000E+00   5.2188177E+02
   1.0000000E-01   8.9000002E-02   6.7799999E-03   1.0000000E+00   4.7736688E+02
   1.0000000E-01   9.1000006E-02   6.7799999E-03   1.0000000E+00   4.4291187E+02
   1.0000000E-01   9.2999995E-02   6.7799999E-03   1.0000000E+00   4.1685904E+02
   1.0000000E-01   9.4999999E-02   6.7799999E-03   1.0000000E+00   3.9757135E+02
   1.0000000E-01   9.7000003E-02   6.7799999E-03   1.0000000E+00   3.8356680E+02
   1.0000000E-01   9.8999999E-02   6.7799999E-03   1.0000000E+00   3.7358090E+02
   1.0000000E-01   1.0100000E-01   6.7799999E-03   1.0000000E+00   3.6658124E+02
   1.0000000E-01   1.0300000E-01   6.7799999E-03   1.0000000E+00   3.6175418E+02
   1.0000000E-01   1.0500000E-01   6.7799999E-03   1.0000000E+00   3.5847711E+02
   1.0000000E-01   1.0700000E-01   6.7799999E-03   1.0000000E+00   3.5628586E+02
   1.0000000E-01   1.0900000E-01   6.7799999E-03   1.0000000E+00   3.5484225E+02
   1.0000000E-01   1.1100000E-01   6.7799999E-03   1.0000000E+00   3.5390497E+02
   1.0000000E-01   1.1300001E-01   6.7799999E-03   1.0000000E+00   3.5330539E+02
   1.0000000E-01   1.1499999E-01   6.7799999E-03   1.0000000E+00   3.5292770E+02
   1.0000000E-01   1.1700000E-01   6.7799999E-03   1.0000000E+00   3.5269406E+02
   1.0000000E-01   1.1900000E-01   6.7799999E-03   1.0000000E+00   3.5255307E+02
   1.0000000E-01   1.2100000E-01   6.7799999E-03   1.0000000E+00   3.5247177E+02
   1.0000000E-01   1.2633334E-01   6.7799999E-03   1.0000000E+00   3.5235977E+02
   1.0000000E-01   1.3733333E-01   6.7799999E-03   1.0000000E+00   3.5233194E+02
   1.0000000E-01   1.5200000E-01   6.7799999E-03   1.0000000E+00   3.5230670E+02
   1.0000000E-01   8.0000004E-03   8.7400004E-03   1.0000000E+00   3.5282236E+02
   1.0000000E-01   2.2666667E-02   8.7400004E-03   1.0000000E+00   3.5760809E+02
   1.0000000E-01   3.3666667E-02   8.7400004E-03   1.0000000E+00   3.9097992E+02
   1.0000000E-01   3.8999997E-02   8.7400004E-03   1.0000000E+00   4.5720270E+02
   1.0000000E-01   4.1000001E-02   8.7400004E-03   1.0000000E+00   4.8998004E+02
   1.0000000E-01   4.2999998E-02   8.7400004E-03   1.0000000E+00   5.3197382E+02
   1.0000000E-01   4.5000002E-02   8.7400004E-03   1.0000000E+00   5.8440735E+02
   1.0000000E-01   4.6999998E-02   8.7400004E-03   1.0000000E+00   6.4866180E+02
   1.0000000E-01   4.9000002E-02   8.7400004E-03   1.0000000E+00   7.2619482E+02
   1.0000000E-01   5.0999999E-02   8.7400004E-03   1.0000000E+00   8.1830505E+02
   1.0000000E-01   5.3000003E-02   8.7400004E-03   1.0000000E+00   9.2598602E+02
   1.0000000E-01   5.5000000E-02   8.7400004E-03   1.0000000E+00   1.0499603E+03
   1.0000000E-01   5.7000000E-02   8.7400004E-03   1.0000000E+00   1.1909244E+03
   1.0000000E-01   5.9000000E-02   8.7400004E-03   1.0000000E+00   1.3494989E+03
   1.0000000E-01   6.0999997E-02   8.7400004E-03   9.9004543E-01   1.5236993E+03
   1.0000000E-01   6.3000001E-02   8.7400004E-03   9.9800080E-01   1.6719465E+03
   1.0000000E-01   6.4999998E-02   8.7400004E-03   9.3300980E-01   1.6953983E+03
   1.0000000E-01   6.7000002E-02   8.7400004E-03   6.3740575E-01   1.7001017E+03
   1.0000000E-01   6.9000006E-02   8.7400004E-03   4.2379639E-01   1.6905167E+03
   1.0000000E-01   7.0999995E-02   8.7400004E-03   2.2471881E-01   1.6634824E+03
   1.0000000E-01   7.2999999E-02   8.7400004E-03   0.0000000E+00   2.9300000E+02
   1.0000000E-01   7.5000003E-02   8.7400004E-03   6.2265325E-01   9.8485547E+02
   1.0000000E-01   7.7000000E-02   8.7400004E-03   1.0000000E+00   8.6933685E+02
   1.0000000E-01   7.8999996E-02   8.7400004E-03   1.0000000E+00   7.7124744E+02
   1.0000000E-01   8.1000000E-02   8.7400004E-03   1.0000000E+00   6.8627258E+02
   1.0000000E-01   8.3000004E-02   8.7400004E-03   1.0000000E+00   6.1400415E+02
   1.0000000E-01   8.5000001E-02   8.7400004E-03   1.0000000E+00   5.5356787E+02
   1.0000000E-01   8.6999997E-02   8.7400004E-03   1.0000000E+00   5.0415143E+02
   1.0000000E-01   8.9000002E-02   8.7400004E-03   1.0000000E+00   4.6474493E+02
   1.0000000E-01   9.1000006E-02   8.7400004E-03   1.0000000E+00   4.3408881E+02
   1.0000000E-01   9.2999995E-02   8.7400004E-03   1.0000000E+00   4.1078873E+02
   1.0000000E-01   9.4999999E-02   8.7400004E-03   1.0000000E+00   3.9345776E+02
   1.0000000E-01   9.7000003E-02   8.7400004E-03   1.0000000E+00   3.8082224E+02
   1.0000000E-01   9.8999999E-02   8.7400004E-03   1.0000000E+00   3.7178061E+02
   1.0000000E-01   1.0100000E-01   8.7400004E-03   1.0000000E+00   3.6542346E+02
   1.0000000E-01   1.0300000E-01   8.7400004E-03   1.0000000E+00   3.6102780E+02
   1.0000000E-01   1.0500000E-01   8.7400004E-03   1.0000000E+00   3.5803668E+02
   1.0000000E-01   1.0700000E-01   8.7400004E-03   1.0000000E+00   3.5603250E+02
   1.0000000E-01   1.0900000E-01   8.7400004E-03   1.0000000E+00   3.5470975E+02
   1.0000000E-01   1.1100000E-01   8.7400004E-03   1.0000000E+00   3.5384958E+02
   1.0000000E-01   1.1300001E-01   8.7400004E-03   1.0000000E+00   3.5329858E+02
   1.0000000E-01   1.1499999E-01   8.7400004E-03   1.0000000E+00   3.5295114E+02
   1.0000000E-01   1.1700000E-01   8.7400004E-03   1.0000000E+00   3.5273605E+02
   1.0000000E-01   1.1900000E-01   8.7400004E-03   1.0000000E+00   3.5260620E+02
   1.0000000E-01   1.2100000E-01   8.7400004E-03   1.0000000E+00   3.5253134E+02
   1.0000000E-01   1.2633334E-01   8.7400004E-03   1.0000000E+00   3.5242834E+02
   1.0000000E-01   1.3733333E-01   8.7400004E-03   1.0000000E+00   3.5240314E+02
   1.0000000E-01   1.5200000E-01   8.7400004E-03   1.0000000E+00   3.5238184E+02
   1.0000000E-01   8.0000004E-03   1.0700000E-02   1.0000000E+00   3.5284375E+02
   1.0000000E-01   2.2666667E-02   1.0700000E-02   1.0000000E+00   3.5715192E+02
   1.0000000E-01   3.3666667E-02   1.0700000E-02   1.0000000E+00   3.8694119E+02
   1.0000000E-01   3.8999997E-02   1.0700000E-02   1.0000000E+00   4.4556482E+02
   1.0000000E-01   4.1000001E-02   1.0700000E-02   1.0000000E+00   4.7463937E+02
   1.0000000E-01   4.2999998E-02   1.0700000E-02   1.0000000E+00   5.1204523E+02
   1.0000000E-01   4.5000002E-02   1.0700000E-02   1.0000000E+00   5.5903082E+02
   1.0000000E-01   4.6999998E-02   1.0700000E-02   1.0000000E+00   6.1687262E+02
   1.0000000E-01   4.9000002E-02   1.0700000E-02   1.0000000E+00   6.8679846E+02
   1.0000000E-01   5.0999999E-02   1.0700000E-02   1.0000000E+00   7.6984265E+02
   1.0000000E-01   5.3000003E-02   1.0700000E-02   1.0000000E+00   8.6674152E+02
   1.0000000E-01   5.5000000E-02   1.0700000E-02   1.0000000E+00   9.7807941E+02
   1.0000000E-01   5.7000000E-02   1.0700000E-02   1.0000000E+00   1.1054365E+03
   1.0000000E-01   5.9000000E-02   1.0700000E-02   1.0000000E+00   1.2551941E+03
   1.0000000E-01   6.0999997E-02   1.0700000E-02   7.8577417E-01   1.4686183E+03
   1.0000000E-01   6.3000001E-02   1.0700000E-02   3.7129435E-01   1.6622025E+03
   1.0000000E-01   6.4999998E-02   1.0700000E-02   0.0000000E+00   2.9300000E+02
   1.0000000E-01   6.7000002E-02   1.0700000E-02   0.0000000E+00   2.9300000E+02
   1.0000000E-01   6.9000006E-02   1.0700000E-02   0.0000000E+00   2.9300000E+02
   1.0000000E-01   7.0999995E-02   1.0700000E-02   0.0000000E+00   2.9300000E+02
   1.0000000E-01   7.2999999E-02   1.0700000E-02   0.0000000E+00   2.9300000E+02
   1.0000000E-01   7.5000003E-02   1.0700000E-02   1.0000026E-02   8.8905316E+02
   1.0000000E-01   7.7000000E-02   1.0700000E-02   6.4000016E-01   7.8854041E+02
   1.0000000E-01   7.8999996E-02   1.0700000E-02   1.0000000E+00   7.0911255E+02
   1.0000000E-01   8.1000000E-02   1.0700000E-02   1.0000000E+00   6.3937463E+02
   1.0000000E-01   8.3000004E-02   1.0700000E-02   1.0000000E+00   5.7860132E+02
   1.0000000E-01   8.5000001E-02   1.0700000E-02   1.0000000E+00   5.2718750E+02
   1.0000000E-01   8.6999997E-02   1.0700000E-02   1.0000000E+00   4.8484930E+02
   1.0000000E-01   8.9000002E-02   1.0700000E-02   1.0000000E+00   4.5088376E+02
   1.0000000E-01   9.1000006E-02   1.0700000E-02   1.0000000E+00   4.2430930E+02
   1.0000000E-01   9.2999995E-02   1.0700000E-02   1.0000000E+00   4.0400266E+02
   1.0000000E-01   9.4999999E-02   1.0700000E-02   1.0000000E+00   3.8882364E+02
   1.0000000E-01   9.7000003E-02   1.0700000E-02   1.0000000E+00   3.7770782E+02
   1.0000000E-01   9.8999999E-02   1.0700000E-02   1.0000000E+00   3.6972208E+02
   1.0000000E-01   1.0100000E-01   1.0700000E-02   1.0000000E+00   3.6408749E+02
   1.0000000E-01   1.0300000E-01   1.0700000E-02   1.0000000E+00   3.6017920E+02
   1.0000000E-01   1.0500000E-01   1.0700000E-02   1.0000000E+00   3.5751224E+02
   1.0000000E-01   1.0700000E-01   1.0700000E-02   1.0000000E+00   3.5572086E+02
   1.0000000E-01   1.0900000E-01   1.0700000E-02   1.0000000E+00   3.5453589E+02
   1.0000000E-01   1.1100000E-01   1.0700000E-02   1.0000000E+00   3.5376389E+02
   1.0000000E-01   1.1300001E-01   1.0700000E-02   1.0000000E+00   3.5326852E+02
   1.0000000E-01   1.1499999E-01   1.0700000E-02   1.0000000E+00   3.5295581E+02
   1.0000000E-01   1.1700000E-01   1.0700000E-02   1.0000000E+00   3.5276202E+02
   1.0000000E-01   1.1900000E-01   1.0700000E-02   1.0000000E+00   3.5264502E+02
   1.0000000E-01   1.2100000E-01   1.0700000E-02   1.0000000E+00   3.5257758E+02
   1.0000000E-01   1.2633334E-01   1.0700000E-02   1.0000000E+00   3.5248499E+02
   1.0000000E-01   1.3733333E-01   1.0700000E-02   1.0000000E+00   3.5246292E+02
   1.0000000E-01   1.5200000E-01   1.0700000E-02   1.0000000E+00   3.5244495E+02
   1.0000000E-01   8.0000004E-03   1.2660000E-02   1.0000000E+00   3.5285098E+02
   1.0000000E-01   2.2666667E-02   1.2660000E-02   1.0000000E+00   3.5665540E+02
   1.0000000E-01   3.3666667E-02   1.2660000E-02   1.0000000E+00   3.8274731E+02
   1.0000000E-01   3.8999997E-02   1.2660000E-02   1.0000000E+00   4.3373422E+02
   1.0000000E-01   4.1000001E-02   1.2660000E-02   1.0000000E+00   4.5904239E+02
   1.0000000E-01   4.2999998E-02   1.2660000E-02   1.0000000E+00   4.9164548E+02
   1.0000000E-01   4.5000002E-02   1.2660000E-02   1.0000000E+00   5.3264203E+02
   1.0000000E-01   4.6999998E-02   1.2660000E-02   1.0000000E+00   5.8306598E+02
   1.0000000E-01   4.9000002E-02   1.2660000E-02   1.0000000E+00   6.4376648E+02
   1.0000000E-01   5.0999999E-02   1.2660000E-02   1.0000000E+00   7.1520514E+02
   1.0000000E-01   5.3000003E-02   1.2660000E-02   1.0000000E+00   7.9715503E+02
   1.0000000E-01   5.5000000E-02   1.2660000E-02   1.0000000E+00   8.8831580E+02
   1.0000000E-01   5.7000000E-02   1.2660000E-02   1.0000000E+00   9.8621936E+02
   1.0000000E-01   5.9000000E-02   1.2660000E-02   1.0000000E+00   1.0880706E+03
   1.0000000E-01   6.0999997E-02   1.2660000E-02   3.2672641E-01   1.3084658E+03
   1.0000000E-01   6.3000001E-02   1.2660000E-02   0.0000000E+00   2.9300000E+02
   1.0000000E-01   6.4999998E-02   1.2660000E-02   0.0000000E+00   2.9300000E+02
   1.0000000E-01   6.7000002E-02   1.2660000E-02   0.0000000E+00   2.9300000E+02
   1.0000000E-01   6.9000006E-02   1.2660000E-02   0.0000000E+00   2.9300000E+02
   1.0000000E-01   7.0999995E-02   1.2660000E-02   0.0000000E+00   2.9300000E+02
   1.0000000E-01   7.2999999E-02   1.2660000E-02   0.0000000E+00   2.9300000E+02
   1.0000000E-01   7.5000003E-02   1.2660000E-02   0.0000000E+00   2.9300000E+02
   1.0000000E-01   7.7000000E-02   1.2660000E-02   1.3061253E-02   7.1791473E+02
   1.0000000E-01   7.8999996E-02   1.2660000E-02   6.5693891E-01   6.4805170E+02
   1.0000000E-01   8.1000000E-02   1.2660000E-02   1.0000000E+00   5.9145941E+02
   1.0000000E-01   8.3000004E-02   1.2660000E-02   1.0000000E+00   5.4233551E+02
   1.0000000E-01   8.5000001E-02   1.2660000E-02   1.0000000E+00   5.0011285E+02
   1.0000000E-01   8.6999997E-02   1.2660000E-02   1.0000000E+00   4.6496170E+02
   1.0000000E-01   8.9000002E-02   1.2660000E-02   1.0000000E+00   4.3652377E+02
   1.0000000E-01   9.1000006E-02   1.2660000E-02   1.0000000E+00   4.1411603E+02
   1.0000000E-01   9.2999995E-02   1.2660000E-02   1.0000000E+00   3.9688629E+02
   1.0000000E-01   9.4999999E-02   1.2660000E-02   1.0000000E+00   3.8393512E+02
   1.0000000E-01   9.7000003E-02   1.2660000E-02   1.0000000E+00   3.7440311E+02
   1.0000000E-01   9.8999999E-02   1.2660000E-02   1.0000000E+00   3.6752417E+02
   1.0000000E-01   1.0100000E-01   1.2660000E-02   1.0000000E+00   3.6265079E+02
   1.0000000E-01   1.0300000E-01   1.2660000E-02   1.0000000E+00   3.5925812E+02
   1.0000000E-01   1.0500000E-01   1.2660000E-02   1.0000000E+00   3.5693542E+02
   1.0000000E-01   1.0700000E-01   1.2660000E-02   1.0000000E+00   3.5537067E+02
   1.0000000E-01   1.0900000E-01   1.2660000E-02   1.0000000E+00   3.5433298E+02
   1.0000000E-01   1.1100000E-01   1.2660000E-02   1.0000000E+00   3.5365540E+02
   1.0000000E-01   1.1300001E-01   1.2660000E-02   1.0000000E+00   3.5321982E+02
   1.0000000E-01   1.1499999E-01   1.2660000E-02   1.0000000E+00   3.5294443E+02
   1.0000000E-01   1.1700000E-01   1.2660000E-02   1.0000000E+00   3.5277365E+02
   1.0000000E-01   1.1900000E-01   1.2660000E-02   1.0000000E+00   3.5267053E+02
   1.0000000E-01   1.2100000E-01   1.2660000E-02   1.0000000E+00   3.5261115E+02
   1.0000000E-01   1.2633334E-01   1.2660000E-02   1.0000000E+00   3.5252991E+02
   1.0000000E-01   1.3733333E-01   1.2660000E-02   1.0000000E+00   3.5251123E+02
   1.0000000E-01   1.5200000E-01   1.2660000E-02   1.0000000E+00   3.5249612E+02
   1.0000000E-01   8.0000004E-03   1.4620000E-02   1.0000000E+00   3.5284598E+02
   1.0000000E-01   2.2666667E-02   1.4620000E-02   1.0000000E+00   3.5614279E+02
   1.0000000E-01   3.3666667E-02   1.4620000E-02   1.0000000E+00   3.7856726E+02
   1.0000000E-01   3.8999997E-02   1.4620000E-02   1.0000000E+00   4.2206036E+02
   1.0000000E-01   4.1000001E-02   1.4620000E-02   1.0000000E+00   4.4362085E+02
   1.0000000E-01   4.2999998E-02   1.4620000E-02   1.0000000E+00   4.7135208E+02
   1.0000000E-01   4.5000002E-02   1.4620000E-02   1.0000000E+00   5.0612424E+02
   1.0000000E-01   4.6999998E-02   1.4620000E-02   1.0000000E+00   5.4865961E+02
   1.0000000E-01   4.9000002E-02   1.4620000E-02   1.0000000E+00   5.9936639E+02
   1.0000000E-01   5.0999999E-02   1.4620000E-02   1.0000000E+00   6.5806073E+02
   1.0000000E-01   5.3000003E-02   1.4620000E-02   1.0000000E+00   7.2348761E+02
   1.0000000E-01   5.5000000E-02   1.4620000E-02   1.0000000E+00   7.9245776E+02
   1.0000000E-01   5.7000000E-02   1.4620000E-02   1.0000000E+00   8.5826703E+02
   1.0000000E-01   5.9000000E-02   1.4620000E-02   1.0000000E+00   9.0702478E+02
   1.0000000E-01   6.0999997E-02   1.4620000E-02   0.0000000E+00   2.9300000E+02
   1.0000000E-01   6.3000001E-02   1.4620000E-02   0.0000000E+00   2.9300000E+02
   1.0000000E-01   6.4999998E-02   1.4620000E-02   0.0000000E+00   2.9300000E+02
   1.0000000E-01   6.7000002E-02   1.4620000E-02   0.0000000E+00   2.9300000E+02
   1.0000000E-01   6.9000006E-02   1.4620000E-02   0.0000000E+00   2.9300000E+02
   1.0000000E-01   7.0999995E-02   1.4620000E-02   0.0000000E+00   2.9300000E+02
   1.0000000E-01   7.2999999E-02   1.4620000E-02   0.0000000E+00   2.9300000E+02
   1.0000000E-01   7.5000003E-02   1.4620000E-02   0.0000000E+00   2.9300000E+02
   1.0000000E-01   7.7000000E-02   1.4620000E-02   0.0000000E+00   2.9300000E+02
   1.0000000E-01   7.8999996E-02   1.4620000E-02   1.6530646E-02   5.9620575E+02
   1.0000000E-01   8.1000000E-02   1.4620000E-02   6.7346954E-01   5.4670538E+02
   1.0000000E-01   8.3000004E-02   1.4620000E-02   1.0000000E+00   5.0730722E+02
   1.0000000E-01   8.5000001E-02   1.4620000E-02   1.0000000E+00   4.7376694E+02
   1.0000000E-01   8.6999997E-02   1.4620000E-02   1.0000000E+00   4.4549121E+02
   1.0000000E-01   8.9000002E-02   1.4620000E-02   1.0000000E+00   4.2238422E+02
   1.0000000E-01   9.1000006E-02   1.4620000E-02   1.0000000E+00   4.0402295E+02
   1.0000000E-01   9.2999995E-02   1.4620000E-02   1.0000000E+00   3.8980130E+02
   1.0000000E-01   9.4999999E-02   1.4620000E-02   1.0000000E+00   3.7904202E+02
   1.0000000E-01   9.7000003E-02   1.4620000E-02   1.0000000E+00   3.7107742E+02
   1.0000000E-01   9.8999999E-02   1.4620000E-02   1.0000000E+00   3.6529974E+02
   1.0000000E-01   1.0100000E-01   1.4620000E-02   1.0000000E+00   3.6118738E+02
   1.0000000E-01   1.0300000E-01   1.4620000E-02   1.0000000E+00   3.5831241E+02
   1.0000000E-01   1.0500000E-01   1.4620000E-02   1.0000000E+00   3.5633670E+02
   1.0000000E-01   1.0700000E-01   1.4620000E-02   1.0000000E+00   3.5500122E+02
   1.0000000E-01   1.0900000E-01   1.4620000E-02   1.0000000E+00   3.5411298E+02
   1.0000000E-01   1.1100000E-01   1.4620000E-02   1.0000000E+00   3.5353149E+02
   1.0000000E-01   1.1300001E-01   1.4620000E-02   1.0000000E+00   3.5315695E+02
   1.0000000E-01   1.1499999E-01   1.4620000E-02   1.0000000E+00   3.5291980E+02
   1.0000000E-01   1.1700000E-01   1.4620000E-02   1.0000000E+00   3.5277261E+02
   1.0000000E-01   1.1900000E-01   1.4620000E-02   1.0000000E+00   3.5268378E+02
   1.0000000E-01   1.2100000E-01   1.4620000E-02   1.0000000E+00   3.5263275E+02
   1.0000000E-01   1.2633334E-01   1.4620000E-02   1.0000000E+00   3.5256326E+02
   1.0000000E-01   1.3733333E-01   1.4620000E-02   1.0000000E+00   3.5254810E+02
   1.0000000E-01   1.5200000E-01   1.4620000E-02   1.0000000E+00   3.5253540E+02
   1.0000000E-01   8.0000004E-03   1.6580001E-02   1.0000000E+00   3.5283041E+02
   1.0000000E-01   2.2666667E-02   1.6580001E-02   1.0000000E+00   3.5563464E+02
   1.0000000E-01   3.3666667E-02   1.6580001E-02   1.0000000E+00   3.7454291E+02
   1.0000000E-01   3.8999997E-02   1.6580001E-02   1.0000000E+00   4.1088580E+02
   1.0000000E-01   4.1000001E-02   1.6580001E-02   1.0000000E+00   4.2883780E+02
   1.0000000E-01   4.2999998E-02   1.6580001E-02   1.0000000E+00   4.5183267E+02
   1.0000000E-01   4.5000002E-02   1.6580001E-02   1.0000000E+00   4.8049857E+02
   1.0000000E-01   4.6999998E-02   1.6580001E-02   1.0000000E+00   5.1525665E+02
   1.0000000E-01   4.9000002E-02   1.6580001E-02   1.0000000E+00   5.5613770E+02
   1.0000000E-01   5.0999999E-02   1.6580001E-02   1.0000000E+00   6.0249432E+02
   1.0000000E-01   5.3000003E-02   1.6580001E-02   1.0000000E+00   6.5254742E+02
   1.0000000E-01   5.5000000E-02   1.6580001E-02   1.0000000E+00   7.0267670E+02
   1.0000000E-01   5.7000000E-02   1.6580001E-02   1.0000000E+00   7.4644342E+02
   1.0000000E-01   5.9000000E-02   1.6580001E-02   1.0000000E+00   7.7371057E+02
   1.0000000E-01   6.0999997E-02   1.6580001E-02   0.0000000E+00   2.9300000E+02
   1.0000000E-01   6.3000001E-02   1.6580001E-02   0.0000000E+00   2.9300000E+02
   1.0000000E-01   6.4999998E-02   1.6580001E-02   0.0000000E+00   2.9300000E+02
   1.0000000E-01   6.7000002E-02   1.6580001E-02   0.0000000E+00   2.9300000E+02
   1.0000000E-01   6.9000006E-02   1.6580001E-02   0.0000000E+00   2.9300000E+02
   1.0000000E-01   7.0999995E-02   1.6580001E-02   0.0000000E+00   2.9300000E+02
   1.0000000E-01   7.2999999E-02   1.6580001E-02   0.0000000E+00   2.9300000E+02
   1.0000000E-01   7.5000003E-02   1.6580001E-02   0.0000000E+00   2.9300000E+02
   1.0000000E-01   7.7000000E-02   1.6580001E-02   0.0000000E+00   2.9300000E+02
   1.0000000E-01   7.8999996E-02   1.6580001E-02   0.0000000E+00   2.9300000E+02
   1.0000000E-01   8.1000000E-02   1.6580001E-02   2.0408200E-02   5.0985382E+02
   1.0000000E-01   8.3000004E-02   1.6580001E-02   6.8959200E-01   4.7578577E+02
   1.0000000E-01   8.5000001E-02   1.6580001E-02   1.0000000E+00   4.4934940E+02
   1.0000000E-01   8.6999997E-02   1.6580001E-02   1.0000000E+00   4.2730511E+02
   1.0000000E-01   8.9000002E-02   1.6580001E-02   1.0000000E+00   4.0908862E+02
   1.0000000E-01   9.1000006E-02   1.6580001E-02   1.0000000E+00   3.9447437E+02
   1.0000000E-01   9.2999995E-02   1.6580001E-02   1.0000000E+00   3.8306000E+02
   1.0000000E-01   9.4999999E-02   1.6580001E-02   1.0000000E+00   3.7436047E+02
   1.0000000E-01   9.7000003E-02   1.6580001E-02   1.0000000E+00   3.6787790E+02
   1.0000000E-01   9.8999999E-02   1.6580001E-02   1.0000000E+00   3.6314734E+02
   1.0000000E-01   1.0100000E-01   1.6580001E-02   1.0000000E+00   3.5976224E+02
   1.0000000E-01   1.0300000E-01   1.6580001E-02   1.0000000E+00   3.5738437E+02
   1.0000000E-01   1.0500000E-01   1.6580001E-02   1.0000000E+00   3.5574323E+02
   1.0000000E-01   1.0700000E-01   1.6580001E-02   1.0000000E+00   3.5462973E+02
   1.0000000E-01   1.0900000E-01   1.6580001E-02   1.0000000E+00   3.5388663E+02
   1.0000000E-01   1.1100000E-01   1.6580001E-02   1.0000000E+00   3.5339886E+02
   1.0000000E-01   1.1300001E-01   1.6580001E-02   1.0000000E+00   3.5308401E+02
   1.0000000E-01   1.1499999E-01   1.6580001E-02   1.0000000E+00   3.5288440E+02
   1.0000000E-01   1.1700000E-01   1.6580001E-02   1.0000000E+00   3.5276047E+02
   1.0000000E-01   1.1900000E-01   1.6580001E-02   1.0000000E+00   3.5268573E+02
   1.0000000E-01   1.2100000E-01   1.6580001E-02   1.0000000E+00   3.5264294E+02
   1.0000000E-01   1.2633334E-01   1.6580001E-02   1.0000000E+00   3.5258517E+02
   1.0000000E-01   1.3733333E-01   1.6580001E-02   1.0000000E+00   3.5257358E+02
   1.0000000E-01   1.5200000E-01   1.6580001E-02   1.0000000E+00   3.5256290E+02
   1.0000000E-01   8.0000004E-03   1.8539999E-02   1.0000000E+00   3.5280557E+02
   1.0000000E-01   2.2666667E-02   1.8539999E-02   1.0000000E+00   3.5514725E+02
   1.0000000E-01   3.3666667E-02   1.8539999E-02   1.0000000E+00   3.7078741E+02
   1.0000000E-01   3.8999997E-02   1.8539999E-02   1.0000000E+00   4.0051492E+02
   1.0000000E-01   4.1000001E-02   1.8539999E-02   1.0000000E+00   4.1511798E+02
   1.0000000E-01   4.2999998E-02   1.8539999E-02   1.0000000E+00   4.3370844E+02
   1.0000000E-01   4.5000002E-02   1.8539999E-02   1.0000000E+00   4.5670084E+02
   1.0000000E-01   4.6999998E-02   1.8539999E-02   1.0000000E+00   4.8427808E+02
   1.0000000E-01   4.9000002E-02   1.8539999E-02   1.0000000E+00   5.1622260E+02
   1.0000000E-01   5.0999999E-02   1.8539999E-02   1.0000000E+00   5.5167651E+02
   1.0000000E-01   5.3000003E-02   1.8539999E-02   1.0000000E+00   5.8881708E+02
   1.0000000E-01   5.5000000E-02   1.8539999E-02   1.0000000E+00   6.2446356E+02
   1.0000000E-01   5.7000000E-02   1.8539999E-02   1.0000000E+00   6.5376996E+02
   1.0000000E-01   5.9000000E-02   1.8539999E-02   1.0000000E+00   6.7052722E+02
   1.0000000E-01   6.0999997E-02   1.8539999E-02   0.0000000E+00   2.9300000E+02
   1.0000000E-01   6.3000001E-02   1.8539999E-02   0.0000000E+00   2.9300000E+02
   1.0000000E-01   6.4999998E-02   1.8539999E-02   0.0000000E+00   2.9300000E+02
   1.0000000E-01   6.7000002E-02   1.8539999E-02   0.0000000E+00   2.9300000E+02
   1.0000000E-01   6.9000006E-02   1.8539999E-02   0.0000000E+00   2.9300000E+02
   1.0000000E-01   7.0999995E-02   1.8539999E-02   0.0000000E+00   2.9300000E+02
   1.0000000E-01   7.2999999E-02   1.8539999E-02   0.0000000E+00   2.9300000E+02
   1.0000000E-01   7.5000003E-02   1.8539999E-02   0.0000000E+00   2.9300000E+02
   1.0000000E-01   7.7000000E-02   1.8539999E-02   0.0000000E+00   2.9300000E+02
   1.0000000E-01   7.8999996E-02   1.8539999E-02   0.0000000E+00   2.9300000E+02
   1.0000000E-01   8.1000000E-02   1.8539999E-02   0.0000000E+00   2.9300000E+02
   1.0000000E-01   8.3000004E-02   1.8539999E-02   2.4693917E-02   4.5062805E+02
   1.0000000E-01   8.5000001E-02   1.8539999E-02   7.0530623E-01   4.2807370E+02
   1.0000000E-01   8.6999997E-02   1.8539999E-02   1.0000000E+00   4.1103479E+02
   1.0000000E-01   8.9000002E-02   1.8539999E-02   1.0000000E+00   3.9710394E+02
   1.0000000E-01   9.1000006E-02   1.8539999E-02   1.0000000E+00   3.8580844E+02
   1.0000000E-01   9.2999995E-02   1.8539999E-02   1.0000000E+00   3.7690292E+02
   1.0000000E-01   9.4999999E-02   1.8539999E-02   1.0000000E+00   3.7005853E+02
   1.0000000E-01   9.7000003E-02   1.8539999E-02   1.0000000E+00   3.6492001E+02
   1.0000000E-01   9.8999999E-02   1.8539999E-02   1.0000000E+00   3.6114502E+02
   1.0000000E-01   1.0100000E-01   1.8539999E-02   1.0000000E+00   3.5842740E+02
   1.0000000E-01   1.0300000E-01   1.8539999E-02   1.0000000E+00   3.5650809E+02
   1.0000000E-01   1.0500000E-01   1.8539999E-02   1.0000000E+00   3.5517709E+02
   1.0000000E-01   1.0700000E-01   1.8539999E-02   1.0000000E+00   3.5427023E+02
   1.0000000E-01   1.0900000E-01   1.8539999E-02   1.0000000E+00   3.5366287E+02
   1.0000000E-01   1.1100000E-01   1.8539999E-02   1.0000000E+00   3.5326306E+02
   1.0000000E-01   1.1300001E-01   1.8539999E-02   1.0000000E+00   3.5300446E+02
   1.0000000E-01   1.1499999E-01   1.8539999E-02   1.0000000E+00   3.5284033E+02
   1.0000000E-01   1.1700000E-01   1.8539999E-02   1.0000000E+00   3.5273846E+02
   1.0000000E-01   1.1900000E-01   1.8539999E-02   1.0000000E+00   3.5267715E+02
   1.0000000E-01   1.2100000E-01   1.8539999E-02   1.0000000E+00   3.5264227E+02
   1.0000000E-01   1.2633334E-01   1.8539999E-02   1.0000000E+00   3.5259579E+02
   1.0000000E-01   1.3733333E-01   1.8539999E-02   1.0000000E+00   3.5258768E+02
   1.0000000E-01   1.5200000E-01   1.8539999E-02   1.0000000E+00   3.5257864E+02
   1.0000000E-01   8.0000004E-03   2.0500001E-02   1.0000000E+00   3.5277249E+02
   1.0000000E-01   2.2666667E-02   2.0500001E-02   1.0000000E+00   3.5469247E+02
   1.0000000E-01   3.3666667E-02   2.0500001E-02   1.0000000E+00   3.6738321E+02
   1.0000000E-01   3.8999997E-02   2.0500001E-02   1.0000000E+00   3.9118216E+02
   1.0000000E-01   4.1000001E-02   2.0500001E-02   1.0000000E+00   4.0279010E+02
   1.0000000E-01   4.2999998E-02   2.0500001E-02   1.0000000E+00   4.1745563E+02
   1.0000000E-01   4.5000002E-02   2.0500001E-02   1.0000000E+00   4.3542709E+02
   1.0000000E-01   4.6999998E-02   2.0500001E-02   1.0000000E+00   4.5672821E+02
   1.0000000E-01   4.9000002E-02   2.0500001E-02   1.0000000E+00   4.8102234E+02
   1.0000000E-01   5.0999999E-02   2.0500001E-02   1.0000000E+00   5.0744046E+02
   1.0000000E-01   5.3000003E-02   2.0500001E-02   1.0000000E+00   5.3438898E+02
   1.0000000E-01   5.5000000E-02   2.0500001E-02   1.0000000E+00   5.5939294E+02
   1.0000000E-01   5.7000000E-02   2.0500001E-02   1.0000000E+00   5.7912140E+02
   1.0000000E-01   5.9000000E-02   2.0500001E-02   1.0000000E+00   5.8989185E+02
   1.0000000E-01   6.0999997E-02   2.0500001E-02   0.0000000E+00   2.9300000E+02
   1.0000000E-01   6.3000001E-02   2.0500001E-02   0.0000000E+00   2.9300000E+02
   1.0000000E-01   6.4999998E-02   2.0500001E-02   0.0000000E+00   2.9300000E+02
   1.0000000E-01   6.7000002E-02   2.0500001E-02   0.0000000E+00   2.9300000E+02
   1.0000000E-01   6.9000006E-02   2.0500001E-02   0.0000000E+00   2.9300000E+02
   1.0000000E-01   7.0999995E-02   2.0500001E-02   0.0000000E+00   2.9300000E+02
   1.0000000E-01   7.2999999E-02   2.0500001E-02   0.0000000E+00   2.9300000E+02
   1.0000000E-01   7.5000003E-02   2.0500001E-02   0.0000000E+00   2.9300000E+02
   1.0000000E-01   7.7000000E-02   2.0500001E-02   0.0000000E+00   2.9300000E+02
   1.0000000E-01   7.8999996E-02   2.0500001E-02   0.0000000E+00   2.9300000E+02
   1.0000000E-01   8.1000000E-02   2.0500001E-02   0.0000000E+00   2.9300000E+02
   1.0000000E-01   8.3000004E-02   2.0500001E-02   0.0000000E+00   2.9300000E+02
   1.0000000E-01   8.5000001E-02   2.0500001E-02   2.9387798E-02   4.1160419E+02
   1.0000000E-01   8.6999997E-02   2.0500001E-02   7.2061241E-01   3.9726672E+02
   1.0000000E-01   8.9000002E-02   2.0500001E-02   1.0000000E+00   3.8671356E+02
   1.0000000E-01   9.1000006E-02   2.0500001E-02   1.0000000E+00   3.7823889E+02
   1.0000000E-01   9.2999995E-02   2.0500001E-02   1.0000000E+00   3.7148669E+02
   1.0000000E-01   9.4999999E-02   2.0500001E-02   1.0000000E+00   3.6624835E+02
   1.0000000E-01   9.7000003E-02   2.0500001E-02   1.0000000E+00   3.6228247E+02
   1.0000000E-01   9.8999999E-02   2.0500001E-02   1.0000000E+00   3.5934698E+02
   1.0000000E-01   1.0100000E-01   2.0500001E-02   1.0000000E+00   3.5721951E+02
   1.0000000E-01   1.0300000E-01   2.0500001E-02   1.0000000E+00   3.5570801E+02
   1.0000000E-01   1.0500000E-01   2.0500001E-02   1.0000000E+00   3.5465430E+02
   1.0000000E-01   1.0700000E-01   2.0500001E-02   1.0000000E+00   3.5393311E+02
   1.0000000E-01   1.0900000E-01   2.0500001E-02   1.0000000E+00   3.5344833E+02
   1.0000000E-01   1.1100000E-01   2.0500001E-02   1.0000000E+00   3.5312830E+02
   1.0000000E-01   1.1300001E-01   2.0500001E-02   1.0000000E+00   3.5292090E+02
   1.0000000E-01   1.1499999E-01   2.0500001E-02   1.0000000E+00   3.5278922E+02
   1.0000000E-01   1.1700000E-01   2.0500001E-02   1.0000000E+00   3.5270761E+02
   1.0000000E-01   1.1900000E-01   2.0500001E-02   1.0000000E+00   3.5265872E+02
   1.0000000E-01   1.2100000E-01   2.0500001E-02   1.0000000E+00   3.5263113E+02
   1.0000000E-01   1.2633334E-01   2.0500001E-02   1.0000000E+00   3.5259525E+02
   1.0000000E-01   1.3733333E-01   2.0500001E-02   1.0000000E+00   3.5259036E+02
   1.0000000E-01   1.5200000E-01   2.0500001E-02   1.0000000E+00   3.5258264E+02
   1.0000000E-01   8.0000004E-03   2.2459999E-02   1.0000000E+00   3.5273184E+02
   1.0000000E-01   2.2666667E-02   2.2459999E-02   1.0000000E+00   3.5427792E+02
   1.0000000E-01   3.3666667E-02   2.2459999E-02   1.0000000E+00   3.6438110E+02
   1.0000000E-01   3.8999997E-02   2.2459999E-02   1.0000000E+00   3.8303296E+02
   1.0000000E-01   4.1000001E-02   2.2459999E-02   1.0000000E+00   3.9205591E+02
   1.0000000E-01   4.2999998E-02   2.2459999E-02   1.0000000E+00   4.0335825E+02
   1.0000000E-01   4.5000002E-02   2.2459999E-02   1.0000000E+00   4.1707187E+02
   1.0000000E-01   4.6999998E-02   2.2459999E-02   1.0000000E+00   4.3313153E+02
   1.0000000E-01   4.9000002E-02   2.2459999E-02   1.0000000E+00   4.5117636E+02
   1.0000000E-01   5.0999999E-02   2.2459999E-02   1.0000000E+00   4.7043970E+02
   1.0000000E-01   5.3000003E-02   2.2459999E-02   1.0000000E+00   4.8965268E+02
   1.0000000E-01   5.5000000E-02   2.2459999E-02   1.0000000E+00   5.0701425E+02
   1.0000000E-01   5.7000000E-02   2.2459999E-02   1.0000000E+00   5.2032080E+02
   1.0000000E-01   5.9000000E-02   2.2459999E-02   1.0000000E+00   5.2737872E+02
   1.0000000E-01   6.0999997E-02   2.2459999E-02   0.0000000E+00   2.9300000E+02
   1.0000000E-01   6.3000001E-02   2.2459999E-02   0.0000000E+00   2.9300000E+02
   1.0000000E-01   6.4999998E-02   2.2459999E-02   0.0000000E+00   2.9300000E+02
   1.0000000E-01   6.7000002E-02   2.2459999E-02   0.0000000E+00   2.9300000E+02
   1.0000000E-01   6.9000006E-02   2.2459999E-02   0.0000000E+00   2.9300000E+02
   1.0000000E-01   7.0999995E-02   2.2459999E-02   0.0000000E+00   2.9300000E+02
   1.0000000E-01   7.2999999E-02   2.2459999E-02   0.0000000E+00   2.9300000E+02
   1.0000000E-01   7.5000003E-02   2.2459999E-02   0.0000000E+00   2.9300000E+02
   1.0000000E-01   7.7000000E-02   2.2459999E-02   0.0000000E+00   2.9300000E+02
   1.0000000E-01   7.8999996E-02   2.2459999E-02   0.0000000E+00   2.9300000E+02
   1.0000000E-01   8.1000000E-02   2.2459999E-02   0.0000000E+00   2.9300000E+02
   1.0000000E-01   8.3000004E-02   2.2459999E-02   0.0000000E+00   2.9300000E+02
   1.0000000E-01   8.5000001E-02   2.2459999E-02   0.0000000E+00   2.9300000E+02
   1.0000000E-01   8.6999997E-02   2.2459999E-02   3.4489844E-02   3.8691248E+02
   1.0000000E-01   8.9000002E-02   2.2459999E-02   7.3551035E-01   3.7814984E+02
   1.0000000E-01   9.1000006E-02   2.2459999E-02   1.0000000E+00   3.7185721E+02
   1.0000000E-01   9.2999995E-02   2.2459999E-02   1.0000000E+00   3.6688470E+02
   1.0000000E-01   9.4999999E-02   2.2459999E-02   1.0000000E+00   3.6298621E+02
   1.0000000E-01   9.7000003E-02   2.2459999E-02   1.0000000E+00   3.6000693E+02
   1.0000000E-01   9.8999999E-02   2.2459999E-02   1.0000000E+00   3.5778326E+02
   1.0000000E-01   1.0100000E-01   2.2459999E-02   1.0000000E+00   3.5615967E+02
   1.0000000E-01   1.0300000E-01   2.2459999E-02   1.0000000E+00   3.5499863E+02
   1.0000000E-01   1.0500000E-01   2.2459999E-02   1.0000000E+00   3.5418463E+02
   1.0000000E-01   1.0700000E-01   2.2459999E-02   1.0000000E+00   3.5362488E+02
   1.0000000E-01   1.0900000E-01   2.2459999E-02   1.0000000E+00   3.5324719E+02
   1.0000000E-01   1.1100000E-01   2.2459999E-02   1.0000000E+00   3.5299722E+02
   1.0000000E-01   1.1300001E-01   2.2459999E-02   1.0000000E+00   3.5283505E+02
   1.0000000E-01   1.1499999E-01   2.2459999E-02   1.0000000E+00   3.5273215E+02
   1.0000000E-01   1.1700000E-01   2.2459999E-02   1.0000000E+00   3.5266861E+02
   1.0000000E-01   1.1900000E-01   2.2459999E-02   1.0000000E+00   3.5263083E+02
   1.0000000E-01   1.2100000E-01   2.2459999E-02   1.0000000E+00   3.5260986E+02
   1.0000000E-01   1.2633334E-01   2.2459999E-02   1.0000000E+00   3.5258356E+02
   1.0000000E-01   1.3733333E-01   2.2459999E-02   1.0000000E+00   3.5258170E+02
   1.0000000E-01   1.5200000E-01   2.2459999E-02   1.0000000E+00   3.5257495E+02
   1.0000000E-01   8.0000004E-03   2.4420001E-02   1.0000000E+00   3.5268396E+02
   1.0000000E-01   2.2666667E-02   2.4420001E-02   1.0000000E+00   3.5390717E+02
   1.0000000E-01   3.3666667E-02   2.4420001E-02   1.0000000E+00   3.6180197E+02
   1.0000000E-01   3.8999997E-02   2.4420001E-02   1.0000000E+00   3.7612143E+02
   1.0000000E-01   4.1000001E-02   2.4420001E-02   1.0000000E+00   3.8298679E+02
   1.0000000E-01   4.2999998E-02   2.4420001E-02   1.0000000E+00   3.9150836E+02
   1.0000000E-01   4.5000002E-02   2.4420001E-02   1.0000000E+00   4.0174356E+02
   1.0000000E-01   4.6999998E-02   2.4420001E-02   1.0000000E+00   4.1358926E+02
   1.0000000E-01   4.9000002E-02   2.4420001E-02   1.0000000E+00   4.2671564E+02
   1.0000000E-01   5.0999999E-02   2.4420001E-02   1.0000000E+00   4.4050177E+02
   1.0000000E-01   5.3000003E-02   2.4420001E-02   1.0000000E+00   4.5399652E+02
   1.0000000E-01   5.5000000E-02   2.4420001E-02   1.0000000E+00   4.6594128E+02
   1.0000000E-01   5.7000000E-02   2.4420001E-02   1.0000000E+00   4.7490326E+02
   1.0000000E-01   5.9000000E-02   2.4420001E-02   1.0000000E+00   4.7955789E+02
   1.0000000E-01   6.0999997E-02   2.4420001E-02   0.0000000E+00   2.9300000E+02
   1.0000000E-01   6.3000001E-02   2.4420001E-02   0.0000000E+00   2.9300000E+02
   1.0000000E-01   6.4999998E-02   2.4420001E-02   0.0000000E+00   2.9300000E+02
   1.0000000E-01   6.7000002E-02   2.4420001E-02   0.0000000E+00   2.9300000E+02
   1.0000000E-01   6.9000006E-02   2.4420001E-02   0.0000000E+00   2.9300000E+02
   1.0000000E-01   7.0999995E-02   2.4420001E-02   0.0000000E+00   2.9300000E+02
   1.0000000E-01   7.2999999E-02   2.4420001E-02   0.0000000E+00   2.9300000E+02
   1.0000000E-01   7.5000003E-02   2.4420001E-02   0.0000000E+00   2.9300000E+02
   1.0000000E-01   7.7000000E-02   2.4420001E-02   0.0000000E+00   2.9300000E+02
   1.0000000E-01   7.8999996E-02   2.4420001E-02   0.0000000E+00   2.9300000E+02
   1.0000000E-01   8.1000000E-02   2.4420001E-02   0.0000000E+00   2.9300000E+02
   1.0000000E-01   8.3000004E-02   2.4420001E-02   0.0000000E+00   2.9300000E+02
   1.0000000E-01   8.5000001E-02   2.4420001E-02   0.0000000E+00   2.9300000E+02
   1.0000000E-01   8.6999997E-02   2.4420001E-02   0.0000000E+00   2.9300000E+02
   1.0000000E-01   8.9000002E-02   2.4420001E-02   4.0000051E-02   3.7187897E+02
   1.0000000E-01   9.1000006E-02   2.4420001E-02   7.5000012E-01   3.6671756E+02
   1.0000000E-01   9.2999995E-02   2.4420001E-02   1.0000000E+00   3.6309821E+02
   1.0000000E-01   9.4999999E-02   2.4420001E-02   1.0000000E+00   3.6027917E+02
   1.0000000E-01   9.7000003E-02   2.4420001E-02   1.0000000E+00   3.5810208E+02
   1.0000000E-01   9.8999999E-02   2.4420001E-02   1.0000000E+00   3.5646201E+02
   1.0000000E-01   1.0100000E-01   2.4420001E-02   1.0000000E+00   3.5525476E+02
   1.0000000E-01   1.0300000E-01   2.4420001E-02   1.0000000E+00   3.5438528E+02
   1.0000000E-01   1.0500000E-01   2.4420001E-02   1.0000000E+00   3.5377206E+02
   1.0000000E-01   1.0700000E-01   2.4420001E-02   1.0000000E+00   3.5334833E+02
   1.0000000E-01   1.0900000E-01   2.4420001E-02   1.0000000E+00   3.5306143E+02
   1.0000000E-01   1.1100000E-01   2.4420001E-02   1.0000000E+00   3.5287122E+02
   1.0000000E-01   1.1300001E-01   2.4420001E-02   1.0000000E+00   3.5274780E+02
   1.0000000E-01   1.1499999E-01   2.4420001E-02   1.0000000E+00   3.5266974E+02
   1.0000000E-01   1.1700000E-01   2.4420001E-02   1.0000000E+00   3.5262186E+02
   1.0000000E-01   1.1900000E-01   2.4420001E-02   1.0000000E+00   3.5259378E+02
   1.0000000E-01   1.2100000E-01   2.4420001E-02   1.0000000E+00   3.5257861E+02
   1.0000000E-01   1.2633334E-01   2.4420001E-02   1.0000000E+00   3.5256079E+02
   1.0000000E-01   1.3733333E-01   2.4420001E-02   1.0000000E+00   3.5256168E+02
   1.0000000E-01   1.5200000E-01   2.4420001E-02   1.0000000E+00   3.5255557E+02
   1.0000000E-01   8.0000004E-03   2.6379999E-02   1.0000000E+00   3.5262891E+02
   1.0000000E-01   2.2666667E-02   2.6379999E-02   1.0000000E+00   3.5358054E+02
   1.0000000E-01   3.3666667E-02   2.6379999E-02   1.0000000E+00   3.5964111E+02
   1.0000000E-01   3.8999997E-02   2.6379999E-02   1.0000000E+00   3.7042172E+02
   1.0000000E-01   4.1000001E-02   2.6379999E-02   1.0000000E+00   3.7554214E+02
   1.0000000E-01   4.2999998E-02   2.6379999E-02   1.0000000E+00   3.8183829E+02
   1.0000000E-01   4.5000002E-02   2.6379999E-02   1.0000000E+00   3.8932440E+02
   1.0000000E-01   4.6999998E-02   2.6379999E-02   1.0000000E+00   3.9789117E+02
   1.0000000E-01   4.9000002E-02   2.6379999E-02   1.0000000E+00   4.0726382E+02
   1.0000000E-01   5.0999999E-02   2.6379999E-02   1.0000000E+00   4.1696786E+02
   1.0000000E-01   5.3000003E-02   2.6379999E-02   1.0000000E+00   4.2631915E+02
   1.0000000E-01   5.5000000E-02   2.6379999E-02   1.0000000E+00   4.3446088E+02
   1.0000000E-01   5.7000000E-02   2.6379999E-02   1.0000000E+00   4.4046939E+02
   1.0000000E-01   5.9000000E-02   2.6379999E-02   1.0000000E+00   4.4353406E+02
   1.0000000E-01   6.0999997E-02   2.6379999E-02   0.0000000E+00   2.9300000E+02
   1.0000000E-01   6.3000001E-02   2.6379999E-02   0.0000000E+00   2.9300000E+02
   1.0000000E-01   6.4999998E-02   2.6379999E-02   0.0000000E+00   2.9300000E+02
   1.0000000E-01   6.7000002E-02   2.6379999E-02   0.0000000E+00   2.9300000E+02
   1.0000000E-01   6.9000006E-02   2.6379999E-02   0.0000000E+00   2.9300000E+02
   1.0000000E-01   7.0999995E-02   2.6379999E-02   0.0000000E+00   2.9300000E+02
   1.0000000E-01   7.2999999E-02   2.6379999E-02   0.0000000E+00   2.9300000E+02
   1.0000000E-01   7.5000003E-02   2.6379999E-02   0.0000000E+00   2.9300000E+02
   1.0000000E-01   7.7000000E-02   2.6379999E-02   0.0000000E+00   2.9300000E+02
   1.0000000E-01   7.8999996E-02   2.6379999E-02   0.0000000E+00   2.9300000E+02
   1.0000000E-01   8.1000000E-02   2.6379999E-02   0.0000000E+00   2.9300000E+02
   1.0000000E-01   8.3000004E-02   2.6379999E-02   0.0000000E+00   2.9300000E+02
   1.0000000E-01   8.5000001E-02   2.6379999E-02   0.0000000E+00   2.9300000E+02
   1.0000000E-01   8.6999997E-02   2.6379999E-02   0.0000000E+00   2.9300000E+02
   1.0000000E-01   8.9000002E-02   2.6379999E-02   0.0000000E+00   2.9300000E+02
   1.0000000E-01   9.1000006E-02   2.6379999E-02   4.5918424E-02   3.6304413E+02
   1.0000000E-01   9.2999995E-02   2.6379999E-02   7.6408178E-01   3.6010666E+02
   1.0000000E-01   9.4999999E-02   2.6379999E-02   1.0000000E+00   3.5809628E+02
   1.0000000E-01   9.7000003E-02   2.6379999E-02   1.0000000E+00   3.5655060E+02
   1.0000000E-01   9.8999999E-02   2.6379999E-02   1.0000000E+00   3.5537399E+02
   1.0000000E-01   1.0100000E-01   2.6379999E-02   1.0000000E+00   3.5450003E+02
   1.0000000E-01   1.0300000E-01   2.6379999E-02   1.0000000E+00   3.5386578E+02
   1.0000000E-01   1.0500000E-01   2.6379999E-02   1.0000000E+00   3.5341565E+02
   1.0000000E-01   1.0700000E-01   2.6379999E-02   1.0000000E+00   3.5310318E+02
   1.0000000E-01   1.0900000E-01   2.6379999E-02   1.0000000E+00   3.5289108E+02
   1.0000000E-01   1.1100000E-01   2.6379999E-02   1.0000000E+00   3.5275037E+02
   1.0000000E-01   1.1300001E-01   2.6379999E-02   1.0000000E+00   3.5265933E+02
   1.0000000E-01   1.1499999E-01   2.6379999E-02   1.0000000E+00   3.5260214E+02
   1.0000000E-01   1.1700000E-01   2.6379999E-02   1.0000000E+00   3.5256747E+02
   1.0000000E-01   1.1900000E-01   2.6379999E-02   1.0000000E+00   3.5254764E+02
   1.0000000E-01   1.2100000E-01   2.6379999E-02   1.0000000E+00   3.5253745E+02
   1.0000000E-01   1.2633334E-01   2.6379999E-02   1.0000000E+00   3.5252698E+02
   1.0000000E-01   1.3733333E-01   2.6379999E-02   1.0000000E+00   3.5253024E+02
   1.0000000E-01   1.5200000E-01   2.6379999E-02   1.0000000E+00   3.5252448E+02
   1.0000000E-01   8.0000004E-03   2.8340001E-02   1.0000000E+00   3.5256656E+02
   1.0000000E-01   2.2666667E-02   2.8340001E-02   1.0000000E+00   3.5329568E+02
   1.0000000E-01   3.3666667E-02   2.8340001E-02   1.0000000E+00   3.5787408E+02
   1.0000000E-01   3.8999997E-02   2.8340001E-02   1.0000000E+00   3.6584833E+02
   1.0000000E-01   4.1000001E-02   2.8340001E-02   1.0000000E+00   3.6959952E+02
   1.0000000E-01   4.2999998E-02   2.8340001E-02   1.0000000E+00   3.7416830E+02
   1.0000000E-01   4.5000002E-02   2.8340001E-02   1.0000000E+00   3.7954669E+02
   1.0000000E-01   4.6999998E-02   2.8340001E-02   1.0000000E+00   3.8563571E+02
   1.0000000E-01   4.9000002E-02   2.8340001E-02   1.0000000E+00   3.9222009E+02
   1.0000000E-01   5.0999999E-02   2.8340001E-02   1.0000000E+00   3.9895178E+02
   1.0000000E-01   5.3000003E-02   2.8340001E-02   1.0000000E+00   4.0535291E+02
   1.0000000E-01   5.5000000E-02   2.8340001E-02   1.0000000E+00   4.1085052E+02
   1.0000000E-01   5.7000000E-02   2.8340001E-02   1.0000000E+00   4.1485187E+02
   1.0000000E-01   5.9000000E-02   2.8340001E-02   1.0000000E+00   4.1685529E+02
   1.0000000E-01   6.0999997E-02   2.8340001E-02   0.0000000E+00   2.9300000E+02
   1.0000000E-01   6.3000001E-02   2.8340001E-02   0.0000000E+00   2.9300000E+02
   1.0000000E-01   6.4999998E-02   2.8340001E-02   0.0000000E+00   2.9300000E+02
   1.0000000E-01   6.7000002E-02   2.8340001E-02   0.0000000E+00   2.9300000E+02
   1.0000000E-01   6.9000006E-02   2.8340001E-02   0.0000000E+00   2.9300000E+02
   1.0000000E-01   7.0999995E-02   2.8340001E-02   0.0000000E+00   2.9300000E+02
   1.0000000E-01   7.2999999E-02   2.8340001E-02   0.0000000E+00   2.9300000E+02
   1.0000000E-01   7.5000003E-02   2.8340001E-02   0.0000000E+00   2.9300000E+02
   1.0000000E-01   7.7000000E-02   2.8340001E-02   0.0000000E+00   2.9300000E+02
   1.0000000E-01   7.8999996E-02   2.8340001E-02   0.0000000E+00   2.9300000E+02
   1.0000000E-01   8.1000000E-02   2.8340001E-02   0.0000000E+00   2.9300000E+02
   1.0000000E-01   8.3000004E-02   2.8340001E-02   0.0000000E+00   2.9300000E+02
   1.0000000E-01   8.5000001E-02   2.8340001E-02   0.0000000E+00   2.9300000E+02
   1.0000000E-01   8.6999997E-02   2.8340001E-02   0.0000000E+00   2.9300000E+02
   1.0000000E-01   8.9000002E-02   2.8340001E-02   0.0000000E+00   2.9300000E+02
   1.0000000E-01   9.1000006E-02   2.8340001E-02   0.0000000E+00   2.9300000E+02
   1.0000000E-01   9.2999995E-02   2.8340001E-02   5.2244958E-02   3.5801450E+02
   1.0000000E-01   9.4999999E-02   2.8340001E-02   7.7775520E-01   3.5639551E+02
   1.0000000E-01   9.7000003E-02   2.8340001E-02   1.0000000E+00   3.5531729E+02
   1.0000000E-01   9.8999999E-02   2.8340001E-02   1.0000000E+00   3.5449759E+02
   1.0000000E-01   1.0100000E-01   2.8340001E-02   1.0000000E+00   3.5388248E+02
   1.0000000E-01   1.0300000E-01   2.8340001E-02   1.0000000E+00   3.5343228E+02
   1.0000000E-01   1.0500000E-01   2.8340001E-02   1.0000000E+00   3.5311075E+02
   1.0000000E-01   1.0700000E-01   2.8340001E-02   1.0000000E+00   3.5288678E+02
   1.0000000E-01   1.0900000E-01   2.8340001E-02   1.0000000E+00   3.5273462E+02
   1.0000000E-01   1.1100000E-01   2.8340001E-02   1.0000000E+00   3.5263394E+02
   1.0000000E-01   1.1300001E-01   2.8340001E-02   1.0000000E+00   3.5256924E+02
   1.0000000E-01   1.1499999E-01   2.8340001E-02   1.0000000E+00   3.5252911E+02
   1.0000000E-01   1.1700000E-01   2.8340001E-02   1.0000000E+00   3.5250540E+02
   1.0000000E-01   1.1900000E-01   2.8340001E-02   1.0000000E+00   3.5249240E+02
   1.0000000E-01   1.2100000E-01   2.8340001E-02   1.0000000E+00   3.5248633E+02
   1.0000000E-01   1.2633334E-01   2.8340001E-02   1.0000000E+00   3.5248209E+02
   1.0000000E-01   1.3733333E-01   2.8340001E-02   1.0000000E+00   3.5248740E+02
   1.0000000E-01   1.5200000E-01   2.8340001E-02   1.0000000E+00   3.5248163E+02
   1.0000000E-01   8.0000004E-03   3.0299999E-02   1.0000000E+00   3.5249667E+02
   1.0000000E-01   2.2666667E-02   3.0299999E-02   1.0000000E+00   3.5304868E+02
   1.0000000E-01   3.3666667E-02   3.0299999E-02   1.0000000E+00   3.5646396E+02
   1.0000000E-01   3.8999997E-02   3.0299999E-02   1.0000000E+00   3.6227927E+02
   1.0000000E-01   4.1000001E-02   3.0299999E-02   1.0000000E+00   3.6498822E+02
   1.0000000E-01   4.2999998E-02   3.0299999E-02   1.0000000E+00   3.6825610E+02
   1.0000000E-01   4.5000002E-02   3.0299999E-02   1.0000000E+00   3.7206552E+02
   1.0000000E-01   4.6999998E-02   3.0299999E-02   1.0000000E+00   3.7633420E+02
   1.0000000E-01   4.9000002E-02   3.0299999E-02   1.0000000E+00   3.8090042E+02
   1.0000000E-01   5.0999999E-02   3.0299999E-02   1.0000000E+00   3.8551630E+02
   1.0000000E-01   5.3000003E-02   3.0299999E-02   1.0000000E+00   3.8985474E+02
   1.0000000E-01   5.5000000E-02   3.0299999E-02   1.0000000E+00   3.9353708E+02
   1.0000000E-01   5.7000000E-02   3.0299999E-02   1.0000000E+00   3.9618344E+02
   1.0000000E-01   5.9000000E-02   3.0299999E-02   1.0000000E+00   3.9747980E+02
   1.0000000E-01   6.0999997E-02   3.0299999E-02   0.0000000E+00   2.9300000E+02
   1.0000000E-01   6.3000001E-02   3.0299999E-02   0.0000000E+00   2.9300000E+02
   1.0000000E-01   6.4999998E-02   3.0299999E-02   0.0000000E+00   2.9300000E+02
   1.0000000E-01   6.7000002E-02   3.0299999E-02   0.0000000E+00   2.9300000E+02
   1.0000000E-01   6.9000006E-02   3.0299999E-02   0.0000000E+00   2.9300000E+02
   1.0000000E-01   7.0999995E-02   3.0299999E-02   0.0000000E+00   2.9300000E+02
   1.0000000E-01   7.2999999E-02   3.0299999E-02   0.0000000E+00   2.9300000E+02
   1.0000000E-01   7.5000003E-02   3.0299999E-02   0.0000000E+00   2.9300000E+02
   1.0000000E-01   7.7000000E-02   3.0299999E-02   0.0000000E+00   2.9300000E+02
   1.0000000E-01   7.8999996E-02   3.0299999E-02   0.0000000E+00   2.9300000E+02
   1.0000000E-01   8.1000000E-02   3.0299999E-02   0.0000000E+00   2.9300000E+02
   1.0000000E-01   8.3000004E-02   3.0299999E-02   0.0000000E+00   2.9300000E+02
   1.0000000E-01   8.5000001E-02   3.0299999E-02   0.0000000E+00   2.9300000E+02
   1.0000000E-01   8.6999997E-02   3.0299999E-02   0.0000000E+00   2.9300000E+02
   1.0000000E-01   8.9000002E-02   3.0299999E-02   0.0000000E+00   2.9300000E+02
   1.0000000E-01   9.1000006E-02   3.0299999E-02   0.0000000E+00   2.9300000E+02
   1.0000000E-01   9.2999995E-02   3.0299999E-02   0.0000000E+00   2.9300000E+02
   1.0000000E-01   9.4999999E-02   3.0299999E-02   5.8979653E-02   3.5522797E+02
   1.0000000E-01   9.7000003E-02   3.0299999E-02   7.9102051E-01   3.5436142E+02
   1.0000000E-01   9.8999999E-02   3.0299999E-02   1.0000000E+00   3.5380402E+02
   1.0000000E-01   1.0100000E-01   3.0299999E-02   1.0000000E+00   3.5338388E+02
   1.0000000E-01   1.0300000E-01   3.0299999E-02   1.0000000E+00   3.5307339E+02
   1.0000000E-01   1.0500000E-01   3.0299999E-02   1.0000000E+00   3.5285031E+02
   1.0000000E-01   1.0700000E-01   3.0299999E-02   1.0000000E+00   3.5269476E+02
   1.0000000E-01   1.0900000E-01   3.0299999E-02   1.0000000E+00   3.5258954E+02
   1.0000000E-01   1.1100000E-01   3.0299999E-02   1.0000000E+00   3.5252048E+02
   1.0000000E-01   1.1300001E-01   3.0299999E-02   1.0000000E+00   3.5247675E+02
   1.0000000E-01   1.1499999E-01   3.0299999E-02   1.0000000E+00   3.5245032E+02
   1.0000000E-01   1.1700000E-01   3.0299999E-02   1.0000000E+00   3.5243539E+02
   1.0000000E-01   1.1900000E-01   3.0299999E-02   1.0000000E+00   3.5242795E+02
   1.0000000E-01   1.2100000E-01   3.0299999E-02   1.0000000E+00   3.5242526E+02
   1.0000000E-01   1.2633334E-01   3.0299999E-02   1.0000000E+00   3.5242612E+02
   1.0000000E-01   1.3733333E-01   3.0299999E-02   1.0000000E+00   3.5243314E+02
   1.0000000E-01   1.5200000E-01   3.0299999E-02   1.0000000E+00   3.5242700E+02
   1.0000000E-01   8.0000004E-03   3.2260001E-02   1.0000000E+00   3.5241888E+02
   1.0000000E-01   2.2666667E-02   3.2260001E-02   1.0000000E+00   3.5283466E+02
   1.0000000E-01   3.3666667E-02   3.2260001E-02   1.0000000E+00   3.5536789E+02
   1.0000000E-01   3.8999997E-02   3.2260001E-02   1.0000000E+00   3.5957828E+02
   1.0000000E-01   4.1000001E-02   3.2260001E-02   1.0000000E+00   3.6152020E+02
   1.0000000E-01   4.2999998E-02   3.2260001E-02   1.0000000E+00   3.6384021E+02
   1.0000000E-01   4.5000002E-02   3.2260001E-02   1.0000000E+00   3.6651849E+02
   1.0000000E-01   4.6999998E-02   3.2260001E-02   1.0000000E+00   3.6948999E+02
   1.0000000E-01   4.9000002E-02   3.2260001E-02   1.0000000E+00   3.7263644E+02
   1.0000000E-01   5.0999999E-02   3.2260001E-02   1.0000000E+00   3.7578433E+02
   1.0000000E-01   5.3000003E-02   3.2260001E-02   1.0000000E+00   3.7871249E+02
   1.0000000E-01   5.5000000E-02   3.2260001E-02   1.0000000E+00   3.8117194E+02
   1.0000000E-01   5.7000000E-02   3.2260001E-02   1.0000000E+00   3.8291824E+02
   1.0000000E-01   5.9000000E-02   3.2260001E-02   1.0000000E+00   3.8375092E+02
   1.0000000E-01   6.0999997E-02   3.2260001E-02   0.0000000E+00   2.9300000E+02
   1.0000000E-01   6.3000001E-02   3.2260001E-02   0.0000000E+00   2.9300000E+02
   1.0000000E-01   6.4999998E-02   3.2260001E-02   0.0000000E+00   2.9300000E+02
   1.0000000E-01   6.7000002E-02   3.2260001E-02   0.0000000E+00   2.9300000E+02
   1.0000000E-01   6.9000006E-02   3.2260001E-02   0.0000000E+00   2.9300000E+02
   1.0000000E-01   7.0999995E-02   3.2260001E-02   0.0000000E+00   2.9300000E+02
   1.0000000E-01   7.2999999E-02   3.2260001E-02   0.0000000E+00   2.9300000E+02
   1.0000000E-01   7.5000003E-02   3.2260001E-02   0.0000000E+00   2.9300000E+02
   1.0000000E-01   7.7000000E-02   3.2260001E-02   0.0000000E+00   2.9300000E+02
   1.0000000E-01   7.8999996E-02   3.2260001E-02   0.0000000E+00   2.9300000E+02
   1.0000000E-01   8.1000000E-02   3.2260001E-02   0.0000000E+00   2.9300000E+02
   1.0000000E-01   8.3000004E-02   3.2260001E-02   0.0000000E+00   2.9300000E+02
   1.0000000E-01   8.5000001E-02   3.2260001E-02   0.0000000E+00   2.9300000E+02
   1.0000000E-01   8.6999997E-02   3.2260001E-02   0.0000000E+00   2.9300000E+02
   1.0000000E-01   8.9000002E-02   3.2260001E-02   0.0000000E+00   2.9300000E+02
   1.0000000E-01   9.1000006E-02   3.2260001E-02   0.0000000E+00   2.9300000E+02
   1.0000000E-01   9.2999995E-02   3.2260001E-02   0.0000000E+00   2.9300000E+02
   1.0000000E-01   9.4999999E-02   3.2260001E-02   0.0000000E+00   2.9300000E+02
   1.0000000E-01   9.7000003E-02   3.2260001E-02   6.6122517E-02   3.5371393E+02
   1.0000000E-01   9.8999999E-02   3.2260001E-02   8.0387765E-01   3.5326102E+02
   1.0000000E-01   1.0100000E-01   3.2260001E-02   1.0000000E+00   3.5298395E+02
   1.0000000E-01   1.0300000E-01   3.2260001E-02   1.0000000E+00   3.5277600E+02
   1.0000000E-01   1.0500000E-01   3.2260001E-02   1.0000000E+00   3.5262573E+02
   1.0000000E-01   1.0700000E-01   3.2260001E-02   1.0000000E+00   3.5252197E+02
   1.0000000E-01   1.0900000E-01   3.2260001E-02   1.0000000E+00   3.5245279E+02
   1.0000000E-01   1.1100000E-01   3.2260001E-02   1.0000000E+00   3.5240829E+02
   1.0000000E-01   1.1300001E-01   3.2260001E-02   1.0000000E+00   3.5238095E+02
   1.0000000E-01   1.1499999E-01   3.2260001E-02   1.0000000E+00   3.5236523E+02
   1.0000000E-01   1.1700000E-01   3.2260001E-02   1.0000000E+00   3.5235721E+02
   1.0000000E-01   1.1900000E-01   3.2260001E-02   1.0000000E+00   3.5235416E+02
   1.0000000E-01   1.2100000E-01   3.2260001E-02   1.0000000E+00   3.5235413E+02
   1.0000000E-01   1.2633334E-01   3.2260001E-02   1.0000000E+00   3.5235907E+02
   1.0000000E-01   1.3733333E-01   3.2260001E-02   1.0000000E+00   3.5236743E+02
   1.0000000E-01   1.5200000E-01   3.2260001E-02   1.0000000E+00   3.5236053E+02
   1.0000000E-01   8.0000004E-03   3.4220003E-02   1.0000000E+00   3.5233279E+02
   1.0000000E-01   2.2666667E-02   3.4220003E-02   1.0000000E+00   3.5264865E+02
   1.0000000E-01   3.3666667E-02   3.4220003E-02   1.0000000E+00   3.5454327E+02
   1.0000000E-01   3.8999997E-02   3.4220003E-02   1.0000000E+00   3.5761319E+02
   1.0000000E-01   4.1000001E-02   3.4220003E-02   1.0000000E+00   3.5901495E+02
   1.0000000E-01   4.2999998E-02   3.4220003E-02   1.0000000E+00   3.6067337E+02
   1.0000000E-01   4.5000002E-02   3.4220003E-02   1.0000000E+00   3.6256946E+02
   1.0000000E-01   4.6999998E-02   3.4220003E-02   1.0000000E+00   3.6465283E+02
   1.0000000E-01   4.9000002E-02   3.4220003E-02   1.0000000E+00   3.6683765E+02
   1.0000000E-01   5.0999999E-02   3.4220003E-02   1.0000000E+00   3.6900278E+02
   1.0000000E-01   5.3000003E-02   3.4220003E-02   1.0000000E+00   3.7099850E+02
   1.0000000E-01   5.5000000E-02   3.4220003E-02   1.0000000E+00   3.7266061E+02
   1.0000000E-01   5.7000000E-02   3.4220003E-02   1.0000000E+00   3.7383014E+02
   1.0000000E-01   5.9000000E-02   3.4220003E-02   1.0000000E+00   3.7437360E+02
   1.0000000E-01   6.0999997E-02   3.4220003E-02   0.0000000E+00   2.9300000E+02
   1.0000000E-01   6.3000001E-02   3.4220003E-02   0.0000000E+00   2.9300000E+02
   1.0000000E-01   6.4999998E-02   3.4220003E-02   0.0000000E+00   2.9300000E+02
   1.0000000E-01   6.7000002E-02   3.4220003E-02   0.0000000E+00   2.9300000E+02
   1.0000000E-01   6.9000006E-02   3.4220003E-02   0.0000000E+00   2.9300000E+02
   1.0000000E-01   7.0999995E-02   3.4220003E-02   0.0000000E+00   2.9300000E+02
   1.0000000E-01   7.2999999E-02   3.4220003E-02   0.0000000E+00   2.9300000E+02
   1.0000000E-01   7.5000003E-02   3.4220003E-02   0.0000000E+00   2.9300000E+02
   1.0000000E-01   7.7000000E-02   3.4220003E-02   0.0000000E+00   2.9300000E+02
   1.0000000E-01   7.8999996E-02   3.4220003E-02   0.0000000E+00   2.9300000E+02
   1.0000000E-01   8.1000000E-02   3.4220003E-02   0.0000000E+00   2.9300000E+02
   1.0000000E-01   8.3000004E-02   3.4220003E-02   0.0000000E+00   2.9300000E+02
   1.0000000E-01   8.5000001E-02   3.4220003E-02   0.0000000E+00   2.9300000E+02
   1.0000000E-01   8.6999997E-02   3.4220003E-02   0.0000000E+00   2.9300000E+02
   1.0000000E-01   8.9000002E-02   3.4220003E-02   0.0000000E+00   2.9300000E+02
   1.0000000E-01   9.1000006E-02   3.4220003E-02   0.0000000E+00   2.9300000E+02
   1.0000000E-01   9.2999995E-02   3.4220003E-02   0.0000000E+00   2.9300000E+02
   1.0000000E-01   9.4999999E-02   3.4220003E-02   0.0000000E+00   2.9300000E+02
   1.0000000E-01   9.7000003E-02   3.4220003E-02   0.0000000E+00   2.9300000E+02
   1.0000000E-01   9.8999999E-02   3.4220003E-02   7.3673539E-02   3.5289407E+02
   1.0000000E-01   1.0100000E-01   3.4220003E-02   8.1632662E-01   3.5265924E+02
   1.0000000E-01   1.0300000E-01   3.4220003E-02   1.0000000E+00   3.5252658E+02
   1.0000000E-01   1.0500000E-01   3.4220003E-02   1.0000000E+00   3.5242761E+02
   1.0000000E-01   1.0700000E-01   3.4220003E-02   1.0000000E+00   3.5236282E+02
   1.0000000E-01   1.0900000E-01   3.4220003E-02   1.0000000E+00   3.5232144E+02
   1.0000000E-01   1.1100000E-01   3.4220003E-02   1.0000000E+00   3.5229581E+02
   1.0000000E-01   1.1300001E-01   3.4220003E-02   1.0000000E+00   3.5228094E+02
   1.0000000E-01   1.1499999E-01   3.4220003E-02   1.0000000E+00   3.5227338E+02
   1.0000000E-01   1.1700000E-01   3.4220003E-02   1.0000000E+00   3.5227060E+02
   1.0000000E-01   1.1900000E-01   3.4220003E-02   1.0000000E+00   3.5227084E+02
   1.0000000E-01   1.2100000E-01   3.4220003E-02   1.0000000E+00   3.5227286E+02
   1.0000000E-01   1.2633334E-01   3.4220003E-02   1.0000000E+00   3.5228088E+02
   1.0000000E-01   1.3733333E-01   3.4220003E-02   1.0000000E+00   3.5229025E+02
   1.0000000E-01   1.5200000E-01   3.4220003E-02   1.0000000E+00   3.5228223E+02
   1.0000000E-01   8.0000004E-03   3.6180001E-02   1.0000000E+00   3.5223810E+02
   1.0000000E-01   2.2666667E-02   3.6180001E-02   1.0000000E+00   3.5248618E+02
   1.0000000E-01   3.3666667E-02   3.6180001E-02   1.0000000E+00   3.5395255E+02
   1.0000000E-01   3.8999997E-02   3.6180001E-02   1.0000000E+00   3.5626984E+02
   1.0000000E-01   4.1000001E-02   3.6180001E-02   1.0000000E+00   3.5731781E+02
   1.0000000E-01   4.2999998E-02   3.6180001E-02   1.0000000E+00   3.5854608E+02
   1.0000000E-01   4.5000002E-02   3.6180001E-02   1.0000000E+00   3.5993747E+02
   1.0000000E-01   4.6999998E-02   3.6180001E-02   1.0000000E+00   3.6145245E+02
   1.0000000E-01   4.9000002E-02   3.6180001E-02   1.0000000E+00   3.6302713E+02
   1.0000000E-01   5.0999999E-02   3.6180001E-02   1.0000000E+00   3.6457474E+02
   1.0000000E-01   5.3000003E-02   3.6180001E-02   1.0000000E+00   3.6599130E+02
   1.0000000E-01   5.5000000E-02   3.6180001E-02   1.0000000E+00   3.6716650E+02
   1.0000000E-01   5.7000000E-02   3.6180001E-02   1.0000000E+00   3.6799710E+02
   1.0000000E-01   5.9000000E-02   3.6180001E-02   1.0000000E+00   3.6839325E+02
   1.0000000E-01   6.0999997E-02   3.6180001E-02   0.0000000E+00   2.9300000E+02
   1.0000000E-01   6.3000001E-02   3.6180001E-02   0.0000000E+00   2.9300000E+02
   1.0000000E-01   6.4999998E-02   3.6180001E-02   0.0000000E+00   2.9300000E+02
   1.0000000E-01   6.7000002E-02   3.6180001E-02   0.0000000E+00   2.9300000E+02
   1.0000000E-01   6.9000006E-02   3.6180001E-02   0.0000000E+00   2.9300000E+02
   1.0000000E-01   7.0999995E-02   3.6180001E-02   0.0000000E+00   2.9300000E+02
   1.0000000E-01   7.2999999E-02   3.6180001E-02   0.0000000E+00   2.9300000E+02
   1.0000000E-01   7.5000003E-02   3.6180001E-02   0.0000000E+00   2.9300000E+02
   1.0000000E-01   7.7000000E-02   3.6180001E-02   0.0000000E+00   2.9300000E+02
   1.0000000E-01   7.8999996E-02   3.6180001E-02   0.0000000E+00   2.9300000E+02
   1.0000000E-01   8.1000000E-02   3.6180001E-02   0.0000000E+00   2.9300000E+02
   1.0000000E-01   8.3000004E-02   3.6180001E-02   0.0000000E+00   2.9300000E+02
   1.0000000E-01   8.5000001E-02   3.6180001E-02   0.0000000E+00   2.9300000E+02
   1.0000000E-01   8.6999997E-02   3.6180001E-02   0.0000000E+00   2.9300000E+02
   1.0000000E-01   8.9000002E-02   3.6180001E-02   0.0000000E+00   2.9300000E+02
   1.0000000E-01   9.1000006E-02   3.6180001E-02   0.0000000E+00   2.9300000E+02
   1.0000000E-01   9.2999995E-02   3.6180001E-02   0.0000000E+00   2.9300000E+02
   1.0000000E-01   9.4999999E-02   3.6180001E-02   0.0000000E+00   2.9300000E+02
   1.0000000E-01   9.7000003E-02   3.6180001E-02   0.0000000E+00   2.9300000E+02
   1.0000000E-01   9.8999999E-02   3.6180001E-02   0.0000000E+00   2.9300000E+02
   1.0000000E-01   1.0100000E-01   3.6180001E-02   8.1632726E-02   3.5243497E+02
   1.0000000E-01   1.0300000E-01   3.6180001E-02   8.2836747E-01   3.5230798E+02
   1.0000000E-01   1.0500000E-01   3.6180001E-02   1.0000000E+00   3.5224472E+02
   1.0000000E-01   1.0700000E-01   3.6180001E-02   1.0000000E+00   3.5221219E+02
   1.0000000E-01   1.0900000E-01   3.6180001E-02   1.0000000E+00   3.5219321E+02
   1.0000000E-01   1.1100000E-01   3.6180001E-02   1.0000000E+00   3.5218195E+02
   1.0000000E-01   1.1300001E-01   3.6180001E-02   1.0000000E+00   3.5217621E+02
   1.0000000E-01   1.1499999E-01   3.6180001E-02   1.0000000E+00   3.5217447E+02
   1.0000000E-01   1.1700000E-01   3.6180001E-02   1.0000000E+00   3.5217535E+02
   1.0000000E-01   1.1900000E-01   3.6180001E-02   1.0000000E+00   3.5217792E+02
   1.0000000E-01   1.2100000E-01   3.6180001E-02   1.0000000E+00   3.5218137E+02
   1.0000000E-01   1.2633334E-01   3.6180001E-02   1.0000000E+00   3.5219153E+02
   1.0000000E-01   1.3733333E-01   3.6180001E-02   1.0000000E+00   3.5220163E+02
   1.0000000E-01   1.5200000E-01   3.6180001E-02   1.0000000E+00   3.5219202E+02
   1.0000000E-01   8.0000004E-03   3.8139999E-02   1.0000000E+00   3.5213452E+02
   1.0000000E-01   2.2666667E-02   3.8139999E-02   1.0000000E+00   3.5234372E+02
   1.0000000E-01   3.3666667E-02   3.8139999E-02   1.0000000E+00   3.5356665E+02
   1.0000000E-01   3.8999997E-02   3.8139999E-02   1.0000000E+00   3.5546140E+02
   1.0000000E-01   4.1000001E-02   3.8139999E-02   1.0000000E+00   3.5631186E+02
   1.0000000E-01   4.2999998E-02   3.8139999E-02   1.0000000E+00   3.5730127E+02
   1.0000000E-01   4.5000002E-02   3.8139999E-02   1.0000000E+00   3.5841403E+02
   1.0000000E-01   4.6999998E-02   3.8139999E-02   1.0000000E+00   3.5961710E+02
   1.0000000E-01   4.9000002E-02   3.8139999E-02   1.0000000E+00   3.6085916E+02
   1.0000000E-01   5.0999999E-02   3.8139999E-02   1.0000000E+00   3.6207257E+02
   1.0000000E-01   5.3000003E-02   3.8139999E-02   1.0000000E+00   3.6317892E+02
   1.0000000E-01   5.5000000E-02   3.8139999E-02   1.0000000E+00   3.6409940E+02
   1.0000000E-01   5.7000000E-02   3.8139999E-02   1.0000000E+00   3.6477191E+02
   1.0000000E-01   5.9000000E-02   3.8139999E-02   1.0000000E+00   3.6518665E+02
   1.0000000E-01   6.0999997E-02   3.8139999E-02   0.0000000E+00   2.9300000E+02
   1.0000000E-01   6.3000001E-02   3.8139999E-02   0.0000000E+00   2.9300000E+02
   1.0000000E-01   6.4999998E-02   3.8139999E-02   0.0000000E+00   2.9300000E+02
   1.0000000E-01   6.7000002E-02   3.8139999E-02   0.0000000E+00   2.9300000E+02
   1.0000000E-01   6.9000006E-02   3.8139999E-02   0.0000000E+00   2.9300000E+02
   1.0000000E-01   7.0999995E-02   3.8139999E-02   0.0000000E+00   2.9300000E+02
   1.0000000E-01   7.2999999E-02   3.8139999E-02   0.0000000E+00   2.9300000E+02
   1.0000000E-01   7.5000003E-02   3.8139999E-02   0.0000000E+00   2.9300000E+02
   1.0000000E-01   7.7000000E-02   3.8139999E-02   0.0000000E+00   2.9300000E+02
   1.0000000E-01   7.8999996E-02   3.8139999E-02   0.0000000E+00   2.9300000E+02
   1.0000000E-01   8.1000000E-02   3.8139999E-02   0.0000000E+00   2.9300000E+02
   1.0000000E-01   8.3000004E-02   3.8139999E-02   0.0000000E+00   2.9300000E+02
   1.0000000E-01   8.5000001E-02   3.8139999E-02   0.0000000E+00   2.9300000E+02
   1.0000000E-01   8.6999997E-02   3.8139999E-02   0.0000000E+00   2.9300000E+02
   1.0000000E-01   8.9000002E-02   3.8139999E-02   0.0000000E+00   2.9300000E+02
   1.0000000E-01   9.1000006E-02   3.8139999E-02   0.0000000E+00   2.9300000E+02
   1.0000000E-01   9.2999995E-02   3.8139999E-02   0.0000000E+00   2.9300000E+02
   1.0000000E-01   9.4999999E-02   3.8139999E-02   0.0000000E+00   2.9300000E+02
   1.0000000E-01   9.7000003E-02   3.8139999E-02   0.0000000E+00   2.9300000E+02
   1.0000000E-01   9.8999999E-02   3.8139999E-02   0.0000000E+00   2.9300000E+02
   1.0000000E-01   1.0100000E-01   3.8139999E-02   0.0000000E+00   2.9300000E+02
   1.0000000E-01   1.0300000E-01   3.8139999E-02   9.0000078E-02   3.5214072E+02
   1.0000000E-01   1.0500000E-01   3.8139999E-02   8.4000009E-01   3.5205222E+02
   1.0000000E-01   1.0700000E-01   3.8139999E-02   1.0000000E+00   3.5206790E+02
   1.0000000E-01   1.0900000E-01   3.8139999E-02   1.0000000E+00   3.5206808E+02
   1.0000000E-01   1.1100000E-01   3.8139999E-02   1.0000000E+00   3.5206662E+02
   1.0000000E-01   1.1300001E-01   3.8139999E-02   1.0000000E+00   3.5206662E+02
   1.0000000E-01   1.1499999E-01   3.8139999E-02   1.0000000E+00   3.5206836E+02
   1.0000000E-01   1.1700000E-01   3.8139999E-02   1.0000000E+00   3.5207144E+02
   1.0000000E-01   1.1900000E-01   3.8139999E-02   1.0000000E+00   3.5207535E+02
   1.0000000E-01   1.2100000E-01   3.8139999E-02   1.0000000E+00   3.5207962E+02
   1.0000000E-01   1.2633334E-01   3.8139999E-02   1.0000000E+00   3.5209106E+02
   1.0000000E-01   1.3733333E-01   3.8139999E-02   1.0000000E+00   3.5210156E+02
   1.0000000E-01   1.5200000E-01   3.8139999E-02   1.0000000E+00   3.5208984E+02
   1.0000000E-01   8.0000004E-03   4.0100001E-02   4.4897914E-01   3.5205661E+02
   1.0000000E-01   2.2666667E-02   4.0100001E-02   4.4897914E-01   3.5224683E+02
   1.0000000E-01   3.3666667E-02   4.0100001E-02   4.4897914E-01   3.5335153E+02
   1.0000000E-01   3.8999997E-02   4.0100001E-02   4.4897914E-01   3.5504318E+02
   1.0000000E-01   4.1000001E-02   4.0100001E-02   4.4897914E-01   3.5579913E+02
   1.0000000E-01   4.2999998E-02   4.0100001E-02   4.4897914E-01   3.5667477E+02
   1.0000000E-01   4.5000002E-02   4.0100001E-02   4.4897914E-01   3.5765540E+02
   1.0000000E-01   4.6999998E-02   4.0100001E-02   4.4897914E-01   3.5871115E+02
   1.0000000E-01   4.9000002E-02   4.0100001E-02   4.4897914E-01   3.5979691E+02
   1.0000000E-01   5.0999999E-02   4.0100001E-02   4.4897914E-01   3.6085394E+02
   1.0000000E-01   5.3000003E-02   4.0100001E-02   4.4897914E-01   3.6181528E+02
   1.0000000E-01   5.5000000E-02   4.0100001E-02   4.4897914E-01   3.6261322E+02
   1.0000000E-01   5.7000000E-02   4.0100001E-02   4.4897914E-01   3.6318756E+02
   1.0000000E-01   5.9000000E-02   4.0100001E-02   2.2448942E-01   3.6362723E+02
   1.0000000E-01   6.0999997E-02   4.0100001E-02   0.0000000E+00   2.9300000E+02
   1.0000000E-01   6.3000001E-02   4.0100001E-02   0.0000000E+00   2.9300000E+02
   1.0000000E-01   6.4999998E-02   4.0100001E-02   0.0000000E+00   2.9300000E+02
   1.0000000E-01   6.7000002E-02   4.0100001E-02   0.0000000E+00   2.9300000E+02
   1.0000000E-01   6.9000006E-02   4.0100001E-02   0.0000000E+00   2.9300000E+02
   1.0000000E-01   7.0999995E-02   4.0100001E-02   0.0000000E+00   2.9300000E+02
   1.0000000E-01   7.2999999E-02   4.0100001E-02   0.0000000E+00   2.9300000E+02
   1.0000000E-01   7.5000003E-02   4.0100001E-02   0.0000000E+00   2.9300000E+02
   1.0000000E-01   7.7000000E-02   4.0100001E-02   0.0000000E+00   2.9300000E+02
   1.0000000E-01   7.8999996E-02   4.0100001E-02   0.0000000E+00   2.9300000E+02
   1.0000000E-01   8.1000000E-02   4.0100001E-02   0.0000000E+00   2.9300000E+02
   1.0000000E-01   8.3000004E-02   4.0100001E-02   0.0000000E+00   2.9300000E+02
   1.0000000E-01   8.5000001E-02   4.0100001E-02   0.0000000E+00   2.9300000E+02
   1.0000000E-01   8.6999997E-02   4.0100001E-02   0.0000000E+00   2.9300000E+02
   1.0000000E-01   8.9000002E-02   4.0100001E-02   0.0000000E+00   2.9300000E+02
   1.0000000E-01   9.1000006E-02   4.0100001E-02   0.0000000E+00   2.9300000E+02
   1.0000000E-01   9.2999995E-02   4.0100001E-02   0.0000000E+00   2.9300000E+02
   1.0000000E-01   9.4999999E-02   4.0100001E-02   0.0000000E+00   2.9300000E+02
   1.0000000E-01   9.7000003E-02   4.0100001E-02   0.0000000E+00   2.9300000E+02
   1.0000000E-01   9.8999999E-02   4.0100001E-02   0.0000000E+00   2.9300000E+02
   1.0000000E-01   1.0100000E-01   4.0100001E-02   0.0000000E+00   2.9300000E+02
   1.0000000E-01   1.0300000E-01   4.0100001E-02   0.0000000E+00   2.9300000E+02
   1.0000000E-01   1.0500000E-01   4.0100001E-02   9.8775446E-02   3.5198776E+02
   1.0000000E-01   1.0700000E-01   4.0100001E-02   4.4897914E-01   3.5198047E+02
   1.0000000E-01   1.0900000E-01   4.0100001E-02   4.4897914E-01   3.5198172E+02
   1.0000000E-01   1.1100000E-01   4.0100001E-02   4.4897914E-01   3.5198337E+02
   1.0000000E-01   1.1300001E-01   4.0100001E-02   4.4897914E-01   3.5198581E+02
   1.0000000E-01   1.1499999E-01   4.0100001E-02   4.4897914E-01   3.5198920E+02
   1.0000000E-01   1.1700000E-01   4.0100001E-02   4.4897914E-01   3.5199338E+02
   1.0000000E-01   1.1900000E-01   4.0100001E-02   4.4897914E-01   3.5199796E+02
   1.0000000E-01   1.2100000E-01   4.0100001E-02   4.4897914E-01   3.5200262E+02
   1.0000000E-01   1.2633334E-01   4.0100001E-02   4.4897914E-01   3.5201471E+02
   1.0000000E-01   1.3733333E-01   4.0100001E-02   4.4897914E-01   3.5202554E+02
   1.0000000E-01   1.5200000E-01   4.0100001E-02   2.2448952E-01   3.5202563E+02
   1.0000000E-01   8.0000004E-03   4.2060003E-02   0.0000000E+00   2.9300000E+02
   1.0000000E-01   2.2666667E-02   4.2060003E-02   0.0000000E+00   2.9300000E+02
   1.0000000E-01   3.3666667E-02   4.2060003E-02   0.0000000E+00   2.9300000E+02
   1.0000000E-01   3.8999997E-02   4.2060003E-02   0.0000000E+00   2.9300000E+02
   1.0000000E-01   4.1000001E-02   4.2060003E-02   0.0000000E+00   2.9300000E+02
   1.0000000E-01   4.2999998E-02   4.2060003E-02   0.0000000E+00   2.9300000E+02
   1.0000000E-01   4.5000002E-02   4.2060003E-02   0.0000000E+00   2.9300000E+02
   1.0000000E-01   4.6999998E-02   4.2060003E-02   0.0000000E+00   2.9300000E+02
   1.0000000E-01   4.9000002E-02   4.2060003E-02   0.0000000E+00   2.9300000E+02
   1.0000000E-01   5.0999999E-02   4.2060003E-02   0.0000000E+00   2.9300000E+02
   1.0000000E-01   5.3000003E-02   4.2060003E-02   0.0000000E+00   2.9300000E+02
   1.0000000E-01   5.5000000E-02   4.2060003E-02   0.0000000E+00   2.9300000E+02
   1.0000000E-01   5.7000000E-02   4.2060003E-02   0.0000000E+00   2.9300000E+02
   1.0000000E-01   5.9000000E-02   4.2060003E-02   0.0000000E+00   2.9300000E+02
   1.0000000E-01   6.0999997E-02   4.2060003E-02   0.0000000E+00   2.9300000E+02
   1.0000000E-01   6.3000001E-02   4.2060003E-02   0.0000000E+00   2.9300000E+02
   1.0000000E-01   6.4999998E-02   4.2060003E-02   0.0000000E+00   2.9300000E+02
   1.0000000E-01   6.7000002E-02   4.2060003E-02   0.0000000E+00   2.9300000E+02
   1.0000000E-01   6.9000006E-02   4.2060003E-02   0.0000000E+00   2.9300000E+02
   1.0000000E-01   7.0999995E-02   4.2060003E-02   0.0000000E+00   2.9300000E+02
   1.0000000E-01   7.2999999E-02   4.2060003E-02   0.0000000E+00   2.9300000E+02
   1.0000000E-01   7.5000003E-02   4.2060003E-02   0.0000000E+00   2.9300000E+02
   1.0000000E-01   7.7000000E-02   4.2060003E-02   0.0000000E+00   2.9300000E+02
   1.0000000E-01   7.8999996E-02   4.2060003E-02   0.0000000E+00   2.9300000E+02
   1.0000000E-01   8.1000000E-02   4.2060003E-02   0.0000000E+00   2.9300000E+02
   1.0000000E-01   8.3000004E-02   4.2060003E-02   0.0000000E+00   2.9300000E+02
   1.0000000E-01   8.5000001E-02   4.2060003E-02   0.0000000E+00   2.9300000E+02
   1.0000000E-01   8.6999997E-02   4.2060003E-02   0.0000000E+00   2.9300000E+02
   1.0000000E-01   8.9000002E-02   4.2060003E-02   0.0000000E+00   2.9300000E+02
   1.0000000E-01   9.1000006E-02   4.2060003E-02   0.0000000E+00   2.9300000E+02
   1.0000000E-01   9.2999995E-02   4.2060003E-02   0.0000000E+00   2.9300000E+02
   1.0000000E-01   9.4999999E-02   4.2060003E-02   0.0000000E+00   2.9300000E+02
   1.0000000E-01   9.7000003E-02   4.2060003E-02   0.0000000E+00   2.9300000E+02
   1.0000000E-01   9.8999999E-02   4.2060003E-02   0.0000000E+00   2.9300000E+02
   1.0000000E-01   1.0100000E-01   4.2060003E-02   0.0000000E+00   2.9300000E+02
   1.0000000E-01   1.0300000E-01   4.2060003E-02   0.0000000E+00   2.9300000E+02
   1.0000000E-01   1.0500000E-01   4.2060003E-02   0.0000000E+00   2.9300000E+02
   1.0000000E-01   1.0700000E-01   4.2060003E-02   0.0000000E+00   2.9300000E+02
   1.0000000E-01   1.0900000E-01   4.2060003E-02   0.0000000E+00   2.9300000E+02
   1.0000000E-01   1.1100000E-01   4.2060003E-02   0.0000000E+00   2.9300000E+02
   1.0000000E-01   1.1300001E-01   4.2060003E-02   0.0000000E+00   2.9300000E+02
   1.0000000E-01   1.1499999E-01   4.2060003E-02   0.0000000E+00   2.9300000E+02
   1.0000000E-01   1.1700000E-01   4.2060003E-02   0.0000000E+00   2.9300000E+02
   1.0000000E-01   1.1900000E-01   4.2060003E-02   0.0000000E+00   2.9300000E+02
   1.0000000E-01   1.2100000E-01   4.2060003E-02   0.0000000E+00   2.9300000E+02
   1.0000000E-01   1.2633334E-01   4.2060003E-02   0.0000000E+00   2.9300000E+02
   1.0000000E-01   1.3733333E-01   4.2060003E-02   0.0000000E+00   2.9300000E+02
   1.0000000E-01   1.5200000E-01   4.2060003E-02   0.0000000E+00   2.9300000E+02
   1.0000000E-01   8.0000004E-03   4.4020001E-02   0.0000000E+00   2.9300000E+02
   1.0000000E-01   2.2666667E-02   4.4020001E-02   0.0000000E+00   2.9300000E+02
   1.0000000E-01   3.3666667E-02   4.4020001E-02   0.0000000E+00   2.9300000E+02
   1.0000000E-01   3.8999997E-02   4.4020001E-02   0.0000000E+00   2.9300000E+02
   1.0000000E-01   4.1000001E-02   4.4020001E-02   0.0000000E+00   2.9300000E+02
   1.0000000E-01   4.2999998E-02   4.4020001E-02   0.0000000E+00   2.9300000E+02
   1.0000000E-01   4.5000002E-02   4.4020001E-02   0.0000000E+00   2.9300000E+02
   1.0000000E-01   4.6999998E-02   4.4020001E-02   0.0000000E+00   2.9300000E+02
   1.0000000E-01   4.9000002E-02   4.4020001E-02   0.0000000E+00   2.9300000E+02
   1.0000000E-01   5.0999999E-02   4.4020001E-02   0.0000000E+00   2.9300000E+02
   1.0000000E-01   5.3000003E-02   4.4020001E-02   0.0000000E+00   2.9300000E+02
   1.0000000E-01   5.5000000E-02   4.4020001E-02   0.0000000E+00   2.9300000E+02
   1.0000000E-01   5.7000000E-02   4.4020001E-02   0.0000000E+00   2.9300000E+02
   1.0000000E-01   5.9000000E-02   4.4020001E-02   0.0000000E+00   2.9300000E+02
   1.0000000E-01   6.0999997E-02   4.4020001E-02   0.0000000E+00   2.9300000E+02
   1.0000000E-01   6.3000001E-02   4.4020001E-02   0.0000000E+00   2.9300000E+02
   1.0000000E-01   6.4999998E-02   4.4020001E-02   0.0000000E+00   2.9300000E+02
   1.0000000E-01   6.7000002E-02   4.4020001E-02   0.0000000E+00   2.9300000E+02
   1.0000000E-01   6.9000006E-02   4.4020001E-02   0.0000000E+00   2.9300000E+02
   1.0000000E-01   7.0999995E-02   4.4020001E-02   0.0000000E+00   2.9300000E+02
   1.0000000E-01   7.2999999E-02   4.4020001E-02   0.0000000E+00   2.9300000E+02
   1.0000000E-01   7.5000003E-02   4.4020001E-02   0.0000000E+00   2.9300000E+02
   1.0000000E-01   7.7000000E-02   4.4020001E-02   0.0000000E+00   2.9300000E+02
   1.0000000E-01   7.8999996E-02   4.4020001E-02   0.0000000E+00   2.9300000E+02
   1.0000000E-01   8.1000000E-02   4.4020001E-02   0.0000000E+00   2.9300000E+02
   1.0000000E-01   8.3000004E-02   4.4020001E-02   0.0000000E+00   2.9300000E+02
   1.0000000E-01   8.5000001E-02   4.4020001E-02   0.0000000E+00   2.9300000E+02
   1.0000000E-01   8.6999997E-02   4.4020001E-02   0.0000000E+00   2.9300000E+02
   1.0000000E-01   8.9000002E-02   4.4020001E-02   0.0000000E+00   2.9300000E+02
   1.0000000E-01   9.1000006E-02   4.4020001E-02   0.0000000E+00   2.9300000E+02
   1.0000000E-01   9.2999995E-02   4.4020001E-02   0.0000000E+00   2.9300000E+02
   1.0000000E-01   9.4999999E-02   4.4020001E-02   0.0000000E+00   2.9300000E+02
   1.0000000E-01   9.7000003E-02   4.4020001E-02   0.0000000E+00   2.9300000E+02
   1.0000000E-01   9.8999999E-02   4.4020001E-02   0.0000000E+00   2.9300000E+02
   1.0000000E-01   1.0100000E-01   4.4020001E-02   0.0000000E+00   2.9300000E+02
   1.0000000E-01   1.0300000E-01   4.4020001E-02   0.0000000E+00   2.9300000E+02
   1.0000000E-01   1.0500000E-01   4.4020001E-02   0.0000000E+00   2.9300000E+02
   1.0000000E-01   1.0700000E-01   4.4020001E-02   0.0000000E+00   2.9300000E+02
   1.0000000E-01   1.0900000E-01   4.4020001E-02   0.0000000E+00   2.9300000E+02
   1.0000000E-01   1.1100000E-01   4.4020001E-02   0.0000000E+00   2.9300000E+02
   1.0000000E-01   1.1300001E-01   4.4020001E-02   0.0000000E+00   2.9300000E+02
   1.0000000E-01   1.1499999E-01   4.4020001E-02   0.0000000E+00   2.9300000E+02
   1.0000000E-01   1.1700000E-01   4.4020001E-02   0.0000000E+00   2.9300000E+02
   1.0000000E-01   1.1900000E-01   4.4020001E-02   0.0000000E+00   2.9300000E+02
   1.0000000E-01   1.2100000E-01   4.4020001E-02   0.0000000E+00   2.9300000E+02
   1.0000000E-01   1.2633334E-01   4.4020001E-02   0.0000000E+00   2.9300000E+02
   1.0000000E-01   1.3733333E-01   4.4020001E-02   0.0000000E+00   2.9300000E+02
   1.0000000E-01   1.5200000E-01   4.4020001E-02   0.0000000E+00   2.9300000E+02
