 1.0000000E-01   8.0000004E-03  -3.0200002E-03   0.0000000E+00   2.9300000E+02
   1.0000000E-01   2.2666667E-02  -3.0200002E-03   0.0000000E+00   2.9300000E+02
   1.0000000E-01   3.3666667E-02  -3.0200002E-03   0.0000000E+00   2.9300000E+02
   1.0000000E-01   3.8999997E-02  -3.0200002E-03   0.0000000E+00   2.9300000E+02
   1.0000000E-01   4.1000001E-02  -3.0200002E-03   0.0000000E+00   2.9300000E+02
   1.0000000E-01   4.2999998E-02  -3.0200002E-03   4.9999928E-01   3.5638931E+02
   1.0000000E-01   4.5000002E-02  -3.0200002E-03   1.0000000E+00   3.5954965E+02
   1.0000000E-01   4.6999998E-02  -3.0200002E-03   1.0000000E+00   3.6744223E+02
   1.0000000E-01   4.9000002E-02  -3.0200002E-03   1.0000000E+00   3.8497174E+02
   1.0000000E-01   5.0999999E-02  -3.0200002E-03   1.0000000E+00   4.1968048E+02
   1.0000000E-01   5.3000003E-02  -3.0200002E-03   1.0000000E+00   4.8340836E+02
   1.0000000E-01   5.5000000E-02  -3.0200002E-03   1.0000000E+00   5.9204919E+02
   1.0000000E-01   5.7000000E-02  -3.0200002E-03   1.0000000E+00   7.6272412E+02
   1.0000000E-01   5.9000000E-02  -3.0200002E-03   1.0000000E+00   1.0043464E+03
   1.0000000E-01   6.0999997E-02  -3.0200002E-03   1.0000000E+00   1.2754376E+03
   1.0000000E-01   6.3000001E-02  -3.0200002E-03   1.0000000E+00   1.4149589E+03
   1.0000000E-01   6.4999998E-02  -3.0200002E-03   1.0000000E+00   1.3325872E+03
   1.0000000E-01   6.7000002E-02  -3.0200002E-03   1.0000000E+00   1.1087223E+03
   1.0000000E-01   6.9000006E-02  -3.0200002E-03   1.0000000E+00   8.8986932E+02
   1.0000000E-01   7.0999995E-02  -3.0200002E-03   1.0000000E+00   7.0906738E+02
   1.0000000E-01   7.2999999E-02  -3.0200002E-03   1.0000000E+00   5.7275012E+02
   1.0000000E-01   7.5000003E-02  -3.0200002E-03   1.0000000E+00   4.7913583E+02
   1.0000000E-01   7.7000000E-02  -3.0200002E-03   1.0000000E+00   4.2057791E+02
   1.0000000E-01   7.8999996E-02  -3.0200002E-03   1.0000000E+00   3.8733551E+02
   1.0000000E-01   8.1000000E-02  -3.0200002E-03   1.0000000E+00   3.7089319E+02
   1.0000000E-01   8.3000004E-02  -3.0200002E-03   5.4590148E-01   3.6387482E+02
   1.0000000E-01   8.5000001E-02  -3.0200002E-03   0.0000000E+00   2.9300000E+02
   1.0000000E-01   8.6999997E-02  -3.0200002E-03   0.0000000E+00   2.9300000E+02
   1.0000000E-01   8.9000002E-02  -3.0200002E-03   0.0000000E+00   2.9300000E+02
   1.0000000E-01   9.1000006E-02  -3.0200002E-03   0.0000000E+00   2.9300000E+02
   1.0000000E-01   9.2999995E-02  -3.0200002E-03   0.0000000E+00   2.9300000E+02
   1.0000000E-01   9.4999999E-02  -3.0200002E-03   0.0000000E+00   2.9300000E+02
   1.0000000E-01   9.7000003E-02  -3.0200002E-03   0.0000000E+00   2.9300000E+02
   1.0000000E-01   9.8999999E-02  -3.0200002E-03   0.0000000E+00   2.9300000E+02
   1.0000000E-01   1.0100000E-01  -3.0200002E-03   0.0000000E+00   2.9300000E+02
   1.0000000E-01   1.0300000E-01  -3.0200002E-03   0.0000000E+00   2.9300000E+02
   1.0000000E-01   1.0500000E-01  -3.0200002E-03   0.0000000E+00   2.9300000E+02
   1.0000000E-01   1.0700000E-01  -3.0200002E-03   0.0000000E+00   2.9300000E+02
   1.0000000E-01   1.0900000E-01  -3.0200002E-03   0.0000000E+00   2.9300000E+02
   1.0000000E-01   1.1100000E-01  -3.0200002E-03   0.0000000E+00   2.9300000E+02
   1.0000000E-01   1.1300001E-01  -3.0200002E-03   0.0000000E+00   2.9300000E+02
   1.0000000E-01   1.1499999E-01  -3.0200002E-03   0.0000000E+00   2.9300000E+02
   1.0000000E-01   1.1700000E-01  -3.0200002E-03   0.0000000E+00   2.9300000E+02
   1.0000000E-01   1.1900000E-01  -3.0200002E-03   0.0000000E+00   2.9300000E+02
   1.0000000E-01   1.2100000E-01  -3.0200002E-03   0.0000000E+00   2.9300000E+02
   1.0000000E-01   1.2633334E-01  -3.0200002E-03   0.0000000E+00   2.9300000E+02
   1.0000000E-01   1.3733333E-01  -3.0200002E-03   0.0000000E+00   2.9300000E+02
   1.0000000E-01   1.5200000E-01  -3.0200002E-03   0.0000000E+00   2.9300000E+02
   1.0000000E-01   8.0000004E-03  -1.0599999E-03   0.0000000E+00   2.9300000E+02
   1.0000000E-01   2.2666667E-02  -1.0599999E-03   0.0000000E+00   2.9300000E+02
   1.0000000E-01   3.3666667E-02  -1.0599999E-03   0.0000000E+00   2.9300000E+02
   1.0000000E-01   3.8999997E-02  -1.0599999E-03   0.0000000E+00   2.9300000E+02
   1.0000000E-01   4.1000001E-02  -1.0599999E-03   0.0000000E+00   2.9300000E+02
   1.0000000E-01   4.2999998E-02  -1.0599999E-03   4.9999928E-01   3.5640195E+02
   1.0000000E-01   4.5000002E-02  -1.0599999E-03   1.0000000E+00   3.5985175E+02
   1.0000000E-01   4.6999998E-02  -1.0599999E-03   1.0000000E+00   3.6818094E+02
   1.0000000E-01   4.9000002E-02  -1.0599999E-03   1.0000000E+00   3.8665631E+02
   1.0000000E-01   5.0999999E-02  -1.0599999E-03   1.0000000E+00   4.2379880E+02
   1.0000000E-01   5.3000003E-02  -1.0599999E-03   1.0000000E+00   4.9412756E+02
   1.0000000E-01   5.5000000E-02  -1.0599999E-03   1.0000000E+00   6.2181104E+02
   1.0000000E-01   5.7000000E-02  -1.0599999E-03   1.0000000E+00   8.5417999E+02
   1.0000000E-01   5.9000000E-02  -1.0599999E-03   1.0000000E+00   1.3175665E+03
   1.0000000E-01   6.0999997E-02  -1.0599999E-03   9.9785829E-01   2.0653401E+03
   1.0000000E-01   6.3000001E-02  -1.0599999E-03   9.9978799E-01   2.3956460E+03
   1.0000000E-01   6.4999998E-02  -1.0599999E-03   9.9993950E-01   2.1273494E+03
   1.0000000E-01   6.7000002E-02  -1.0599999E-03   1.0000000E+00   1.4489912E+03
   1.0000000E-01   6.9000006E-02  -1.0599999E-03   1.0000000E+00   1.0339053E+03
   1.0000000E-01   7.0999995E-02  -1.0599999E-03   1.0000000E+00   7.8090674E+02
   1.0000000E-01   7.2999999E-02  -1.0599999E-03   1.0000000E+00   6.0942218E+02
   1.0000000E-01   7.5000003E-02  -1.0599999E-03   1.0000000E+00   4.9706839E+02
   1.0000000E-01   7.7000000E-02  -1.0599999E-03   1.0000000E+00   4.2886707E+02
   1.0000000E-01   7.8999996E-02  -1.0599999E-03   1.0000000E+00   3.9089734E+02
   1.0000000E-01   8.1000000E-02  -1.0599999E-03   1.0000000E+00   3.7215573E+02
   1.0000000E-01   8.3000004E-02  -1.0599999E-03   5.4590148E-01   3.6388977E+02
   1.0000000E-01   8.5000001E-02  -1.0599999E-03   0.0000000E+00   2.9300000E+02
   1.0000000E-01   8.6999997E-02  -1.0599999E-03   0.0000000E+00   2.9300000E+02
   1.0000000E-01   8.9000002E-02  -1.0599999E-03   0.0000000E+00   2.9300000E+02
   1.0000000E-01   9.1000006E-02  -1.0599999E-03   0.0000000E+00   2.9300000E+02
   1.0000000E-01   9.2999995E-02  -1.0599999E-03   0.0000000E+00   2.9300000E+02
   1.0000000E-01   9.4999999E-02  -1.0599999E-03   0.0000000E+00   2.9300000E+02
   1.0000000E-01   9.7000003E-02  -1.0599999E-03   0.0000000E+00   2.9300000E+02
   1.0000000E-01   9.8999999E-02  -1.0599999E-03   0.0000000E+00   2.9300000E+02
   1.0000000E-01   1.0100000E-01  -1.0599999E-03   0.0000000E+00   2.9300000E+02
   1.0000000E-01   1.0300000E-01  -1.0599999E-03   0.0000000E+00   2.9300000E+02
   1.0000000E-01   1.0500000E-01  -1.0599999E-03   0.0000000E+00   2.9300000E+02
   1.0000000E-01   1.0700000E-01  -1.0599999E-03   0.0000000E+00   2.9300000E+02
   1.0000000E-01   1.0900000E-01  -1.0599999E-03   0.0000000E+00   2.9300000E+02
   1.0000000E-01   1.1100000E-01  -1.0599999E-03   0.0000000E+00   2.9300000E+02
   1.0000000E-01   1.1300001E-01  -1.0599999E-03   0.0000000E+00   2.9300000E+02
   1.0000000E-01   1.1499999E-01  -1.0599999E-03   0.0000000E+00   2.9300000E+02
   1.0000000E-01   1.1700000E-01  -1.0599999E-03   0.0000000E+00   2.9300000E+02
   1.0000000E-01   1.1900000E-01  -1.0599999E-03   0.0000000E+00   2.9300000E+02
   1.0000000E-01   1.2100000E-01  -1.0599999E-03   0.0000000E+00   2.9300000E+02
   1.0000000E-01   1.2633334E-01  -1.0599999E-03   0.0000000E+00   2.9300000E+02
   1.0000000E-01   1.3733333E-01  -1.0599999E-03   0.0000000E+00   2.9300000E+02
   1.0000000E-01   1.5200000E-01  -1.0599999E-03   0.0000000E+00   2.9300000E+02
   1.0000000E-01   8.0000004E-03   8.9999998E-04   9.5918369E-01   3.5231686E+02
   1.0000000E-01   2.2666667E-02   8.9999998E-04   9.5918369E-01   3.5229901E+02
   1.0000000E-01   3.3666667E-02   8.9999998E-04   9.5918369E-01   3.5227249E+02
   1.0000000E-01   3.8999997E-02   8.9999998E-04   9.5918369E-01   3.5284015E+02
   1.0000000E-01   4.1000001E-02   8.9999998E-04   9.5918369E-01   3.5362115E+02
   1.0000000E-01   4.2999998E-02   8.9999998E-04   9.8979592E-01   3.5559299E+02
   1.0000000E-01   4.5000002E-02   8.9999998E-04   1.0000000E+00   3.5963400E+02
   1.0000000E-01   4.6999998E-02   8.9999998E-04   1.0000000E+00   3.6861887E+02
   1.0000000E-01   4.9000002E-02   8.9999998E-04   1.0000000E+00   3.8798816E+02
   1.0000000E-01   5.0999999E-02   8.9999998E-04   1.0000000E+00   4.2743243E+02
   1.0000000E-01   5.3000003E-02   8.9999998E-04   1.0000000E+00   5.0458142E+02
   1.0000000E-01   5.5000000E-02   8.9999998E-04   1.0000000E+00   6.5686340E+02
   1.0000000E-01   5.7000000E-02   8.9999998E-04   1.0000000E+00   1.0139250E+03
   1.0000000E-01   5.9000000E-02   8.9999998E-04   9.8792064E-01   2.1200337E+03
   1.0000000E-01   6.0999997E-02   8.9999998E-04   1.0000000E+00   1.8000000E+03
   1.0000000E-01   6.3000001E-02   8.9999998E-04   1.0000000E+00   1.8000000E+03
   1.0000000E-01   6.4999998E-02   8.9999998E-04   1.0000000E+00   1.8000000E+03
   1.0000000E-01   6.7000002E-02   8.9999998E-04   9.9749988E-01   2.1559417E+03
   1.0000000E-01   6.9000006E-02   8.9999998E-04   1.0000000E+00   1.2985366E+03
   1.0000000E-01   7.0999995E-02   8.9999998E-04   1.0000000E+00   9.0082678E+02
   1.0000000E-01   7.2999999E-02   8.9999998E-04   1.0000000E+00   6.6745007E+02
   1.0000000E-01   7.5000003E-02   8.9999998E-04   1.0000000E+00   5.2383942E+02
   1.0000000E-01   7.7000000E-02   8.9999998E-04   1.0000000E+00   4.4045850E+02
   1.0000000E-01   7.8999996E-02   8.9999998E-04   1.0000000E+00   3.9538416E+02
   1.0000000E-01   8.1000000E-02   8.9999998E-04   1.0000000E+00   3.7277872E+02
   1.0000000E-01   8.3000004E-02   8.9999998E-04   1.0000000E+00   3.6198526E+02
   1.0000000E-01   8.5000001E-02   8.9999998E-04   9.5918369E-01   3.5638449E+02
   1.0000000E-01   8.6999997E-02   8.9999998E-04   9.5918369E-01   3.5390329E+02
   1.0000000E-01   8.9000002E-02   8.9999998E-04   9.5918369E-01   3.5286075E+02
   1.0000000E-01   9.1000006E-02   8.9999998E-04   9.5918369E-01   3.5243924E+02
   1.0000000E-01   9.2999995E-02   8.9999998E-04   9.5918369E-01   3.5228073E+02
   1.0000000E-01   9.4999999E-02   8.9999998E-04   9.5918369E-01   3.5223184E+02
   1.0000000E-01   9.7000003E-02   8.9999998E-04   9.5918369E-01   3.5222708E+02
   1.0000000E-01   9.8999999E-02   8.9999998E-04   9.5918369E-01   3.5223831E+02
   1.0000000E-01   1.0100000E-01   8.9999998E-04   9.5918369E-01   3.5225363E+02
   1.0000000E-01   1.0300000E-01   8.9999998E-04   9.5918369E-01   3.5226825E+02
   1.0000000E-01   1.0500000E-01   8.9999998E-04   9.5918369E-01   3.5228055E+02
   1.0000000E-01   1.0700000E-01   8.9999998E-04   9.5918369E-01   3.5229025E+02
   1.0000000E-01   1.0900000E-01   8.9999998E-04   9.5918369E-01   3.5229767E+02
   1.0000000E-01   1.1100000E-01   8.9999998E-04   9.5918369E-01   3.5230316E+02
   1.0000000E-01   1.1300001E-01   8.9999998E-04   9.5918369E-01   3.5230719E+02
   1.0000000E-01   1.1499999E-01   8.9999998E-04   9.5918369E-01   3.5231009E+02
   1.0000000E-01   1.1700000E-01   8.9999998E-04   9.5918369E-01   3.5231210E+02
   1.0000000E-01   1.1900000E-01   8.9999998E-04   9.5918369E-01   3.5231342E+02
   1.0000000E-01   1.2100000E-01   8.9999998E-04   9.5918369E-01   3.5231421E+02
   1.0000000E-01   1.2633334E-01   8.9999998E-04   9.5918369E-01   3.5231516E+02
   1.0000000E-01   1.3733333E-01   8.9999998E-04   9.5918369E-01   3.5231039E+02
   1.0000000E-01   1.5200000E-01   8.9999998E-04   4.7959173E-01   3.5229855E+02
   1.0000000E-01   8.0000004E-03   2.8599999E-03   1.0000000E+00   3.5241925E+02
   1.0000000E-01   2.2666667E-02   2.8599999E-03   1.0000000E+00   3.5240179E+02
   1.0000000E-01   3.3666667E-02   2.8599999E-03   1.0000000E+00   3.5237521E+02
   1.0000000E-01   3.8999997E-02   2.8599999E-03   1.0000000E+00   3.5290866E+02
   1.0000000E-01   4.1000001E-02   2.8599999E-03   1.0000000E+00   3.5362335E+02
   1.0000000E-01   4.2999998E-02   2.8599999E-03   1.0000000E+00   3.5538919E+02
   1.0000000E-01   4.5000002E-02   2.8599999E-03   1.0000000E+00   3.5937161E+02
   1.0000000E-01   4.6999998E-02   2.8599999E-03   1.0000000E+00   3.6824161E+02
   1.0000000E-01   4.9000002E-02   2.8599999E-03   1.0000000E+00   3.8720544E+02
   1.0000000E-01   5.0999999E-02   2.8599999E-03   1.0000000E+00   4.2565729E+02
   1.0000000E-01   5.3000003E-02   2.8599999E-03   1.0000000E+00   4.9974719E+02
   1.0000000E-01   5.5000000E-02   2.8599999E-03   1.0000000E+00   6.3728180E+02
   1.0000000E-01   5.7000000E-02   2.8599999E-03   1.0000000E+00   8.9302521E+02
   1.0000000E-01   5.9000000E-02   2.8599999E-03   1.0000000E+00   1.3891322E+03
   1.0000000E-01   6.0999997E-02   2.8599999E-03   1.0000000E+00   1.8000000E+03
   1.0000000E-01   6.3000001E-02   2.8599999E-03   1.0000000E+00   1.8000000E+03
   1.0000000E-01   6.4999998E-02   2.8599999E-03   1.0000000E+00   1.8000000E+03
   1.0000000E-01   6.7000002E-02   2.8599999E-03   9.9977660E-01   1.9576426E+03
   1.0000000E-01   6.9000006E-02   2.8599999E-03   9.9000317E-01   1.4298167E+03
   1.0000000E-01   7.0999995E-02   2.8599999E-03   1.0000000E+00   1.0062896E+03
   1.0000000E-01   7.2999999E-02   2.8599999E-03   1.0000000E+00   7.1792334E+02
   1.0000000E-01   7.5000003E-02   2.8599999E-03   1.0000000E+00   5.4406152E+02
   1.0000000E-01   7.7000000E-02   2.8599999E-03   1.0000000E+00   4.4789124E+02
   1.0000000E-01   7.8999996E-02   2.8599999E-03   1.0000000E+00   3.9780045E+02
   1.0000000E-01   8.1000000E-02   2.8599999E-03   1.0000000E+00   3.7314774E+02
   1.0000000E-01   8.3000004E-02   2.8599999E-03   1.0000000E+00   3.6158655E+02
   1.0000000E-01   8.5000001E-02   2.8599999E-03   1.0000000E+00   3.5624918E+02
   1.0000000E-01   8.6999997E-02   2.8599999E-03   1.0000000E+00   3.5390704E+02
   1.0000000E-01   8.9000002E-02   2.8599999E-03   1.0000000E+00   3.5292166E+02
   1.0000000E-01   9.1000006E-02   2.8599999E-03   1.0000000E+00   3.5252438E+02
   1.0000000E-01   9.2999995E-02   2.8599999E-03   1.0000000E+00   3.5237604E+02
   1.0000000E-01   9.4999999E-02   2.8599999E-03   1.0000000E+00   3.5233130E+02
   1.0000000E-01   9.7000003E-02   2.8599999E-03   1.0000000E+00   3.5232812E+02
   1.0000000E-01   9.8999999E-02   2.8599999E-03   1.0000000E+00   3.5233994E+02
   1.0000000E-01   1.0100000E-01   2.8599999E-03   1.0000000E+00   3.5235544E+02
   1.0000000E-01   1.0300000E-01   2.8599999E-03   1.0000000E+00   3.5237012E+02
   1.0000000E-01   1.0500000E-01   2.8599999E-03   1.0000000E+00   3.5238242E+02
   1.0000000E-01   1.0700000E-01   2.8599999E-03   1.0000000E+00   3.5239215E+02
   1.0000000E-01   1.0900000E-01   2.8599999E-03   1.0000000E+00   3.5239960E+02
   1.0000000E-01   1.1100000E-01   2.8599999E-03   1.0000000E+00   3.5240515E+02
   1.0000000E-01   1.1300001E-01   2.8599999E-03   1.0000000E+00   3.5240924E+02
   1.0000000E-01   1.1499999E-01   2.8599999E-03   1.0000000E+00   3.5241217E+02
   1.0000000E-01   1.1700000E-01   2.8599999E-03   1.0000000E+00   3.5241425E+02
   1.0000000E-01   1.1900000E-01   2.8599999E-03   1.0000000E+00   3.5241562E+02
   1.0000000E-01   1.2100000E-01   2.8599999E-03   1.0000000E+00   3.5241644E+02
   1.0000000E-01   1.2633334E-01   2.8599999E-03   1.0000000E+00   3.5241748E+02
   1.0000000E-01   1.3733333E-01   2.8599999E-03   1.0000000E+00   3.5241254E+02
   1.0000000E-01   1.5200000E-01   2.8599999E-03   1.0000000E+00   3.5237613E+02
   1.0000000E-01   8.0000004E-03   4.8199999E-03   1.0000000E+00   3.5251172E+02
   1.0000000E-01   2.2666667E-02   4.8199999E-03   1.0000000E+00   3.5249506E+02
   1.0000000E-01   3.3666667E-02   4.8199999E-03   1.0000000E+00   3.5246841E+02
   1.0000000E-01   3.8999997E-02   4.8199999E-03   1.0000000E+00   3.5294693E+02
   1.0000000E-01   4.1000001E-02   4.8199999E-03   1.0000000E+00   3.5358084E+02
   1.0000000E-01   4.2999998E-02   4.8199999E-03   1.0000000E+00   3.5514798E+02
   1.0000000E-01   4.5000002E-02   4.8199999E-03   1.0000000E+00   3.5874835E+02
   1.0000000E-01   4.6999998E-02   4.8199999E-03   1.0000000E+00   3.6673291E+02
   1.0000000E-01   4.9000002E-02   4.8199999E-03   1.0000000E+00   3.8363321E+02
   1.0000000E-01   5.0999999E-02   4.8199999E-03   1.0000000E+00   4.1739844E+02
   1.0000000E-01   5.3000003E-02   4.8199999E-03   1.0000000E+00   4.8066754E+02
   1.0000000E-01   5.5000000E-02   4.8199999E-03   1.0000000E+00   5.9160913E+02
   1.0000000E-01   5.7000000E-02   4.8199999E-03   1.0000000E+00   7.7510175E+02
   1.0000000E-01   5.9000000E-02   4.8199999E-03   1.0000000E+00   1.0727214E+03
   1.0000000E-01   6.0999997E-02   4.8199999E-03   6.5256077E-01   1.8000000E+03
   1.0000000E-01   6.3000001E-02   4.8199999E-03   3.7522370E-01   1.8000000E+03
   1.0000000E-01   6.4999998E-02   4.8199999E-03   3.8237450E-01   1.8000000E+03
   1.0000000E-01   6.7000002E-02   4.8199999E-03   2.7118942E-01   1.7369718E+03
   1.0000000E-01   6.9000006E-02   4.8199999E-03   7.0850575E-01   1.6797769E+03
   1.0000000E-01   7.0999995E-02   4.8199999E-03   9.9710828E-01   1.0794883E+03
   1.0000000E-01   7.2999999E-02   4.8199999E-03   1.0000000E+00   7.2527533E+02
   1.0000000E-01   7.5000003E-02   4.8199999E-03   1.0000000E+00   5.3766827E+02
   1.0000000E-01   7.7000000E-02   4.8199999E-03   1.0000000E+00   4.4263892E+02
   1.0000000E-01   7.8999996E-02   4.8199999E-03   1.0000000E+00   3.9478534E+02
   1.0000000E-01   8.1000000E-02   4.8199999E-03   1.0000000E+00   3.7154590E+02
   1.0000000E-01   8.3000004E-02   4.8199999E-03   1.0000000E+00   3.6074237E+02
   1.0000000E-01   8.5000001E-02   4.8199999E-03   1.0000000E+00   3.5589822E+02
   1.0000000E-01   8.6999997E-02   4.8199999E-03   1.0000000E+00   3.5380557E+02
   1.0000000E-01   8.9000002E-02   4.8199999E-03   1.0000000E+00   3.5293253E+02
   1.0000000E-01   9.1000006E-02   4.8199999E-03   1.0000000E+00   3.5258331E+02
   1.0000000E-01   9.2999995E-02   4.8199999E-03   1.0000000E+00   3.5245493E+02
   1.0000000E-01   9.4999999E-02   4.8199999E-03   1.0000000E+00   3.5241821E+02
   1.0000000E-01   9.7000003E-02   4.8199999E-03   1.0000000E+00   3.5241812E+02
   1.0000000E-01   9.8999999E-02   4.8199999E-03   1.0000000E+00   3.5243100E+02
   1.0000000E-01   1.0100000E-01   4.8199999E-03   1.0000000E+00   3.5244681E+02
   1.0000000E-01   1.0300000E-01   4.8199999E-03   1.0000000E+00   3.5246158E+02
   1.0000000E-01   1.0500000E-01   4.8199999E-03   1.0000000E+00   3.5247391E+02
   1.0000000E-01   1.0700000E-01   4.8199999E-03   1.0000000E+00   3.5248370E+02
   1.0000000E-01   1.0900000E-01   4.8199999E-03   1.0000000E+00   3.5249121E+02
   1.0000000E-01   1.1100000E-01   4.8199999E-03   1.0000000E+00   3.5249686E+02
   1.0000000E-01   1.1300001E-01   4.8199999E-03   1.0000000E+00   3.5250104E+02
   1.0000000E-01   1.1499999E-01   4.8199999E-03   1.0000000E+00   3.5250409E+02
   1.0000000E-01   1.1700000E-01   4.8199999E-03   1.0000000E+00   3.5250626E+02
   1.0000000E-01   1.1900000E-01   4.8199999E-03   1.0000000E+00   3.5250769E+02
   1.0000000E-01   1.2100000E-01   4.8199999E-03   1.0000000E+00   3.5250861E+02
   1.0000000E-01   1.2633334E-01   4.8199999E-03   1.0000000E+00   3.5250980E+02
   1.0000000E-01   1.3733333E-01   4.8199999E-03   1.0000000E+00   3.5250510E+02
   1.0000000E-01   1.5200000E-01   4.8199999E-03   1.0000000E+00   3.5247461E+02
   1.0000000E-01   8.0000004E-03   6.7799999E-03   1.0000000E+00   3.5259186E+02
   1.0000000E-01   2.2666667E-02   6.7799999E-03   1.0000000E+00   3.5257623E+02
   1.0000000E-01   3.3666667E-02   6.7799999E-03   1.0000000E+00   3.5254919E+02
   1.0000000E-01   3.8999997E-02   6.7799999E-03   1.0000000E+00   3.5295438E+02
   1.0000000E-01   4.1000001E-02   6.7799999E-03   1.0000000E+00   3.5348383E+02
   1.0000000E-01   4.2999998E-02   6.7799999E-03   1.0000000E+00   3.5478409E+02
   1.0000000E-01   4.5000002E-02   6.7799999E-03   1.0000000E+00   3.5775494E+02
   1.0000000E-01   4.6999998E-02   6.7799999E-03   1.0000000E+00   3.6426355E+02
   1.0000000E-01   4.9000002E-02   6.7799999E-03   1.0000000E+00   3.7781451E+02
   1.0000000E-01   5.0999999E-02   6.7799999E-03   1.0000000E+00   4.0425638E+02
   1.0000000E-01   5.3000003E-02   6.7799999E-03   1.0000000E+00   4.5191925E+02
   1.0000000E-01   5.5000000E-02   6.7799999E-03   1.0000000E+00   5.2982019E+02
   1.0000000E-01   5.7000000E-02   6.7799999E-03   1.0000000E+00   6.4150995E+02
   1.0000000E-01   5.9000000E-02   6.7799999E-03   1.0000000E+00   7.7030652E+02
   1.0000000E-01   6.0999997E-02   6.7799999E-03   3.4557298E-02   1.7244572E+03
   1.0000000E-01   6.3000001E-02   6.7799999E-03   0.0000000E+00   2.9300000E+02
   1.0000000E-01   6.4999998E-02   6.7799999E-03   0.0000000E+00   2.9300000E+02
   1.0000000E-01   6.7000002E-02   6.7799999E-03   0.0000000E+00   2.9300000E+02
   1.0000000E-01   6.9000006E-02   6.7799999E-03   0.0000000E+00   2.9300000E+02
   1.0000000E-01   7.0999995E-02   6.7799999E-03   2.0314721E-02   8.3326312E+02
   1.0000000E-01   7.2999999E-02   6.7799999E-03   6.0458893E-01   5.9798175E+02
   1.0000000E-01   7.5000003E-02   6.7799999E-03   1.0000000E+00   4.8425806E+02
   1.0000000E-01   7.7000000E-02   6.7799999E-03   1.0000000E+00   4.2057190E+02
   1.0000000E-01   7.8999996E-02   6.7799999E-03   1.0000000E+00   3.8547781E+02
   1.0000000E-01   8.1000000E-02   6.7799999E-03   1.0000000E+00   3.6763934E+02
   1.0000000E-01   8.3000004E-02   6.7799999E-03   1.0000000E+00   3.5912976E+02
   1.0000000E-01   8.5000001E-02   6.7799999E-03   1.0000000E+00   3.5527231E+02
   1.0000000E-01   8.6999997E-02   6.7799999E-03   1.0000000E+00   3.5359644E+02
   1.0000000E-01   8.9000002E-02   6.7799999E-03   1.0000000E+00   3.5289560E+02
   1.0000000E-01   9.1000006E-02   6.7799999E-03   1.0000000E+00   3.5261639E+02
   1.0000000E-01   9.2999995E-02   6.7799999E-03   1.0000000E+00   3.5251614E+02
   1.0000000E-01   9.4999999E-02   6.7799999E-03   1.0000000E+00   3.5249051E+02
   1.0000000E-01   9.7000003E-02   6.7799999E-03   1.0000000E+00   3.5249460E+02
   1.0000000E-01   9.8999999E-02   6.7799999E-03   1.0000000E+00   3.5250897E+02
   1.0000000E-01   1.0100000E-01   6.7799999E-03   1.0000000E+00   3.5252524E+02
   1.0000000E-01   1.0300000E-01   6.7799999E-03   1.0000000E+00   3.5254010E+02
   1.0000000E-01   1.0500000E-01   6.7799999E-03   1.0000000E+00   3.5255252E+02
   1.0000000E-01   1.0700000E-01   6.7799999E-03   1.0000000E+00   3.5256238E+02
   1.0000000E-01   1.0900000E-01   6.7799999E-03   1.0000000E+00   3.5257001E+02
   1.0000000E-01   1.1100000E-01   6.7799999E-03   1.0000000E+00   3.5257581E+02
   1.0000000E-01   1.1300001E-01   6.7799999E-03   1.0000000E+00   3.5258014E+02
   1.0000000E-01   1.1499999E-01   6.7799999E-03   1.0000000E+00   3.5258334E+02
   1.0000000E-01   1.1700000E-01   6.7799999E-03   1.0000000E+00   3.5258563E+02
   1.0000000E-01   1.1900000E-01   6.7799999E-03   1.0000000E+00   3.5258722E+02
   1.0000000E-01   1.2100000E-01   6.7799999E-03   1.0000000E+00   3.5258826E+02
   1.0000000E-01   1.2633334E-01   6.7799999E-03   1.0000000E+00   3.5258972E+02
   1.0000000E-01   1.3733333E-01   6.7799999E-03   1.0000000E+00   3.5258545E+02
   1.0000000E-01   1.5200000E-01   6.7799999E-03   1.0000000E+00   3.5256000E+02
   1.0000000E-01   8.0000004E-03   8.7400004E-03   1.0000000E+00   3.5265988E+02
   1.0000000E-01   2.2666667E-02   8.7400004E-03   1.0000000E+00   3.5264551E+02
   1.0000000E-01   3.3666667E-02   8.7400004E-03   1.0000000E+00   3.5261755E+02
   1.0000000E-01   3.8999997E-02   8.7400004E-03   1.0000000E+00   3.5293799E+02
   1.0000000E-01   4.1000001E-02   8.7400004E-03   1.0000000E+00   3.5334872E+02
   1.0000000E-01   4.2999998E-02   8.7400004E-03   1.0000000E+00   3.5434253E+02
   1.0000000E-01   4.5000002E-02   8.7400004E-03   1.0000000E+00   3.5657571E+02
   1.0000000E-01   4.6999998E-02   8.7400004E-03   1.0000000E+00   3.6137357E+02
   1.0000000E-01   4.9000002E-02   8.7400004E-03   1.0000000E+00   3.7113770E+02
   1.0000000E-01   5.0999999E-02   8.7400004E-03   1.0000000E+00   3.8963837E+02
   1.0000000E-01   5.3000003E-02   8.7400004E-03   1.0000000E+00   4.2160126E+02
   1.0000000E-01   5.5000000E-02   8.7400004E-03   1.0000000E+00   4.7045438E+02
   1.0000000E-01   5.7000000E-02   8.7400004E-03   1.0000000E+00   5.3266888E+02
   1.0000000E-01   5.9000000E-02   8.7400004E-03   1.0000000E+00   5.8803241E+02
   1.0000000E-01   6.0999997E-02   8.7400004E-03   0.0000000E+00   2.9300000E+02
   1.0000000E-01   6.3000001E-02   8.7400004E-03   0.0000000E+00   2.9300000E+02
   1.0000000E-01   6.4999998E-02   8.7400004E-03   0.0000000E+00   2.9300000E+02
   1.0000000E-01   6.7000002E-02   8.7400004E-03   0.0000000E+00   2.9300000E+02
   1.0000000E-01   6.9000006E-02   8.7400004E-03   0.0000000E+00   2.9300000E+02
   1.0000000E-01   7.0999995E-02   8.7400004E-03   0.0000000E+00   2.9300000E+02
   1.0000000E-01   7.2999999E-02   8.7400004E-03   0.0000000E+00   2.9300000E+02
   1.0000000E-01   7.5000003E-02   8.7400004E-03   6.2265325E-01   4.2902350E+02
   1.0000000E-01   7.7000000E-02   8.7400004E-03   1.0000000E+00   3.9423041E+02
   1.0000000E-01   7.8999996E-02   8.7400004E-03   1.0000000E+00   3.7398175E+02
   1.0000000E-01   8.1000000E-02   8.7400004E-03   1.0000000E+00   3.6279044E+02
   1.0000000E-01   8.3000004E-02   8.7400004E-03   1.0000000E+00   3.5715637E+02
   1.0000000E-01   8.5000001E-02   8.7400004E-03   1.0000000E+00   3.5450894E+02
   1.0000000E-01   8.6999997E-02   8.7400004E-03   1.0000000E+00   3.5333002E+02
   1.0000000E-01   8.9000002E-02   8.7400004E-03   1.0000000E+00   3.5282965E+02
   1.0000000E-01   9.1000006E-02   8.7400004E-03   1.0000000E+00   3.5263065E+02
   1.0000000E-01   9.2999995E-02   8.7400004E-03   1.0000000E+00   3.5256232E+02
   1.0000000E-01   9.4999999E-02   8.7400004E-03   1.0000000E+00   3.5254922E+02
   1.0000000E-01   9.7000003E-02   8.7400004E-03   1.0000000E+00   3.5255807E+02
   1.0000000E-01   9.8999999E-02   8.7400004E-03   1.0000000E+00   3.5257410E+02
   1.0000000E-01   1.0100000E-01   8.7400004E-03   1.0000000E+00   3.5259091E+02
   1.0000000E-01   1.0300000E-01   8.7400004E-03   1.0000000E+00   3.5260596E+02
   1.0000000E-01   1.0500000E-01   8.7400004E-03   1.0000000E+00   3.5261847E+02
   1.0000000E-01   1.0700000E-01   8.7400004E-03   1.0000000E+00   3.5262848E+02
   1.0000000E-01   1.0900000E-01   8.7400004E-03   1.0000000E+00   3.5263629E+02
   1.0000000E-01   1.1100000E-01   8.7400004E-03   1.0000000E+00   3.5264227E+02
   1.0000000E-01   1.1300001E-01   8.7400004E-03   1.0000000E+00   3.5264682E+02
   1.0000000E-01   1.1499999E-01   8.7400004E-03   1.0000000E+00   3.5265021E+02
   1.0000000E-01   1.1700000E-01   8.7400004E-03   1.0000000E+00   3.5265271E+02
   1.0000000E-01   1.1900000E-01   8.7400004E-03   1.0000000E+00   3.5265445E+02
   1.0000000E-01   1.2100000E-01   8.7400004E-03   1.0000000E+00   3.5265564E+02
   1.0000000E-01   1.2633334E-01   8.7400004E-03   1.0000000E+00   3.5265747E+02
   1.0000000E-01   1.3733333E-01   8.7400004E-03   1.0000000E+00   3.5265387E+02
   1.0000000E-01   1.5200000E-01   8.7400004E-03   1.0000000E+00   3.5263269E+02
   1.0000000E-01   8.0000004E-03   1.0700000E-02   1.0000000E+00   3.5271616E+02
   1.0000000E-01   2.2666667E-02   1.0700000E-02   1.0000000E+00   3.5270316E+02
   1.0000000E-01   3.3666667E-02   1.0700000E-02   1.0000000E+00   3.5267395E+02
   1.0000000E-01   3.8999997E-02   1.0700000E-02   1.0000000E+00   3.5290875E+02
   1.0000000E-01   4.1000001E-02   1.0700000E-02   1.0000000E+00   3.5320392E+02
   1.0000000E-01   4.2999998E-02   1.0700000E-02   1.0000000E+00   3.5390369E+02
   1.0000000E-01   4.5000002E-02   1.0700000E-02   1.0000000E+00   3.5543878E+02
   1.0000000E-01   4.6999998E-02   1.0700000E-02   1.0000000E+00   3.5865259E+02
   1.0000000E-01   4.9000002E-02   1.0700000E-02   1.0000000E+00   3.6501294E+02
   1.0000000E-01   5.0999999E-02   1.0700000E-02   1.0000000E+00   3.7667743E+02
   1.0000000E-01   5.3000003E-02   1.0700000E-02   1.0000000E+00   3.9600101E+02
   1.0000000E-01   5.5000000E-02   1.0700000E-02   1.0000000E+00   4.2386478E+02
   1.0000000E-01   5.7000000E-02   1.0700000E-02   1.0000000E+00   4.5642514E+02
   1.0000000E-01   5.9000000E-02   1.0700000E-02   1.0000000E+00   4.8156961E+02
   1.0000000E-01   6.0999997E-02   1.0700000E-02   0.0000000E+00   2.9300000E+02
   1.0000000E-01   6.3000001E-02   1.0700000E-02   0.0000000E+00   2.9300000E+02
   1.0000000E-01   6.4999998E-02   1.0700000E-02   0.0000000E+00   2.9300000E+02
   1.0000000E-01   6.7000002E-02   1.0700000E-02   0.0000000E+00   2.9300000E+02
   1.0000000E-01   6.9000006E-02   1.0700000E-02   0.0000000E+00   2.9300000E+02
   1.0000000E-01   7.0999995E-02   1.0700000E-02   0.0000000E+00   2.9300000E+02
   1.0000000E-01   7.2999999E-02   1.0700000E-02   0.0000000E+00   2.9300000E+02
   1.0000000E-01   7.5000003E-02   1.0700000E-02   1.0000026E-02   3.9767157E+02
   1.0000000E-01   7.7000000E-02   1.0700000E-02   6.4000016E-01   3.7493314E+02
   1.0000000E-01   7.8999996E-02   1.0700000E-02   1.0000000E+00   3.6447336E+02
   1.0000000E-01   8.1000000E-02   1.0700000E-02   1.0000000E+00   3.5856720E+02
   1.0000000E-01   8.3000004E-02   1.0700000E-02   1.0000000E+00   3.5537817E+02
   1.0000000E-01   8.5000001E-02   1.0700000E-02   1.0000000E+00   3.5380145E+02
   1.0000000E-01   8.6999997E-02   1.0700000E-02   1.0000000E+00   3.5307336E+02
   1.0000000E-01   8.9000002E-02   1.0700000E-02   1.0000000E+00   3.5275833E+02
   1.0000000E-01   9.1000006E-02   1.0700000E-02   1.0000000E+00   3.5263464E+02
   1.0000000E-01   9.2999995E-02   1.0700000E-02   1.0000000E+00   3.5259668E+02
   1.0000000E-01   9.4999999E-02   1.0700000E-02   1.0000000E+00   3.5259564E+02
   1.0000000E-01   9.7000003E-02   1.0700000E-02   1.0000000E+00   3.5260910E+02
   1.0000000E-01   9.8999999E-02   1.0700000E-02   1.0000000E+00   3.5262674E+02
   1.0000000E-01   1.0100000E-01   1.0700000E-02   1.0000000E+00   3.5264410E+02
   1.0000000E-01   1.0300000E-01   1.0700000E-02   1.0000000E+00   3.5265939E+02
   1.0000000E-01   1.0500000E-01   1.0700000E-02   1.0000000E+00   3.5267206E+02
   1.0000000E-01   1.0700000E-01   1.0700000E-02   1.0000000E+00   3.5268228E+02
   1.0000000E-01   1.0900000E-01   1.0700000E-02   1.0000000E+00   3.5269034E+02
   1.0000000E-01   1.1100000E-01   1.0700000E-02   1.0000000E+00   3.5269659E+02
   1.0000000E-01   1.1300001E-01   1.0700000E-02   1.0000000E+00   3.5270142E+02
   1.0000000E-01   1.1499999E-01   1.0700000E-02   1.0000000E+00   3.5270508E+02
   1.0000000E-01   1.1700000E-01   1.0700000E-02   1.0000000E+00   3.5270779E+02
   1.0000000E-01   1.1900000E-01   1.0700000E-02   1.0000000E+00   3.5270978E+02
   1.0000000E-01   1.2100000E-01   1.0700000E-02   1.0000000E+00   3.5271115E+02
   1.0000000E-01   1.2633334E-01   1.0700000E-02   1.0000000E+00   3.5271347E+02
   1.0000000E-01   1.3733333E-01   1.0700000E-02   1.0000000E+00   3.5271057E+02
   1.0000000E-01   1.5200000E-01   1.0700000E-02   1.0000000E+00   3.5269302E+02
   1.0000000E-01   8.0000004E-03   1.2660000E-02   1.0000000E+00   3.5276111E+02
   1.0000000E-01   2.2666667E-02   1.2660000E-02   1.0000000E+00   3.5274939E+02
   1.0000000E-01   3.3666667E-02   1.2660000E-02   1.0000000E+00   3.5271896E+02
   1.0000000E-01   3.8999997E-02   1.2660000E-02   1.0000000E+00   3.5287680E+02
   1.0000000E-01   4.1000001E-02   1.2660000E-02   1.0000000E+00   3.5307349E+02
   1.0000000E-01   4.2999998E-02   1.2660000E-02   1.0000000E+00   3.5352972E+02
   1.0000000E-01   4.5000002E-02   1.2660000E-02   1.0000000E+00   3.5450217E+02
   1.0000000E-01   4.6999998E-02   1.2660000E-02   1.0000000E+00   3.5647559E+02
   1.0000000E-01   4.9000002E-02   1.2660000E-02   1.0000000E+00   3.6025781E+02
   1.0000000E-01   5.0999999E-02   1.2660000E-02   1.0000000E+00   3.6695895E+02
   1.0000000E-01   5.3000003E-02   1.2660000E-02   1.0000000E+00   3.7762421E+02
   1.0000000E-01   5.5000000E-02   1.2660000E-02   1.0000000E+00   3.9225699E+02
   1.0000000E-01   5.7000000E-02   1.2660000E-02   1.0000000E+00   4.0829895E+02
   1.0000000E-01   5.9000000E-02   1.2660000E-02   1.0000000E+00   4.1970297E+02
   1.0000000E-01   6.0999997E-02   1.2660000E-02   0.0000000E+00   2.9300000E+02
   1.0000000E-01   6.3000001E-02   1.2660000E-02   0.0000000E+00   2.9300000E+02
   1.0000000E-01   6.4999998E-02   1.2660000E-02   0.0000000E+00   2.9300000E+02
   1.0000000E-01   6.7000002E-02   1.2660000E-02   0.0000000E+00   2.9300000E+02
   1.0000000E-01   6.9000006E-02   1.2660000E-02   0.0000000E+00   2.9300000E+02
   1.0000000E-01   7.0999995E-02   1.2660000E-02   0.0000000E+00   2.9300000E+02
   1.0000000E-01   7.2999999E-02   1.2660000E-02   0.0000000E+00   2.9300000E+02
   1.0000000E-01   7.5000003E-02   1.2660000E-02   0.0000000E+00   2.9300000E+02
   1.0000000E-01   7.7000000E-02   1.2660000E-02   1.3061253E-02   3.6495642E+02
   1.0000000E-01   7.8999996E-02   1.2660000E-02   6.5693891E-01   3.5847482E+02
   1.0000000E-01   8.1000000E-02   1.2660000E-02   1.0000000E+00   3.5564023E+02
   1.0000000E-01   8.3000004E-02   1.2660000E-02   1.0000000E+00   3.5408325E+02
   1.0000000E-01   8.5000001E-02   1.2660000E-02   1.0000000E+00   3.5326367E+02
   1.0000000E-01   8.6999997E-02   1.2660000E-02   1.0000000E+00   3.5286990E+02
   1.0000000E-01   8.9000002E-02   1.2660000E-02   1.0000000E+00   3.5269815E+02
   1.0000000E-01   9.1000006E-02   1.2660000E-02   1.0000000E+00   3.5263486E+02
   1.0000000E-01   9.2999995E-02   1.2660000E-02   1.0000000E+00   3.5262198E+02
   1.0000000E-01   9.4999999E-02   1.2660000E-02   1.0000000E+00   3.5263104E+02
   1.0000000E-01   9.7000003E-02   1.2660000E-02   1.0000000E+00   3.5264835E+02
   1.0000000E-01   9.8999999E-02   1.2660000E-02   1.0000000E+00   3.5266739E+02
   1.0000000E-01   1.0100000E-01   1.2660000E-02   1.0000000E+00   3.5268524E+02
   1.0000000E-01   1.0300000E-01   1.2660000E-02   1.0000000E+00   3.5270074E+02
   1.0000000E-01   1.0500000E-01   1.2660000E-02   1.0000000E+00   3.5271365E+02
   1.0000000E-01   1.0700000E-01   1.2660000E-02   1.0000000E+00   3.5272415E+02
   1.0000000E-01   1.0900000E-01   1.2660000E-02   1.0000000E+00   3.5273254E+02
   1.0000000E-01   1.1100000E-01   1.2660000E-02   1.0000000E+00   3.5273914E+02
   1.0000000E-01   1.1300001E-01   1.2660000E-02   1.0000000E+00   3.5274429E+02
   1.0000000E-01   1.1499999E-01   1.2660000E-02   1.0000000E+00   3.5274829E+02
   1.0000000E-01   1.1700000E-01   1.2660000E-02   1.0000000E+00   3.5275131E+02
   1.0000000E-01   1.1900000E-01   1.2660000E-02   1.0000000E+00   3.5275357E+02
   1.0000000E-01   1.2100000E-01   1.2660000E-02   1.0000000E+00   3.5275516E+02
   1.0000000E-01   1.2633334E-01   1.2660000E-02   1.0000000E+00   3.5275803E+02
   1.0000000E-01   1.3733333E-01   1.2660000E-02   1.0000000E+00   3.5275595E+02
   1.0000000E-01   1.5200000E-01   1.2660000E-02   1.0000000E+00   3.5274139E+02
   1.0000000E-01   8.0000004E-03   1.4620000E-02   1.0000000E+00   3.5279507E+02
   1.0000000E-01   2.2666667E-02   1.4620000E-02   1.0000000E+00   3.5278461E+02
   1.0000000E-01   3.3666667E-02   1.4620000E-02   1.0000000E+00   3.5275320E+02
   1.0000000E-01   3.8999997E-02   1.4620000E-02   1.0000000E+00   3.5284811E+02
   1.0000000E-01   4.1000001E-02   1.4620000E-02   1.0000000E+00   3.5296933E+02
   1.0000000E-01   4.2999998E-02   1.4620000E-02   1.0000000E+00   3.5324606E+02
   1.0000000E-01   4.5000002E-02   1.4620000E-02   1.0000000E+00   3.5381857E+02
   1.0000000E-01   4.6999998E-02   1.4620000E-02   1.0000000E+00   3.5494086E+02
   1.0000000E-01   4.9000002E-02   1.4620000E-02   1.0000000E+00   3.5701672E+02
   1.0000000E-01   5.0999999E-02   1.4620000E-02   1.0000000E+00   3.6056442E+02
   1.0000000E-01   5.3000003E-02   1.4620000E-02   1.0000000E+00   3.6599835E+02
   1.0000000E-01   5.5000000E-02   1.4620000E-02   1.0000000E+00   3.7313907E+02
   1.0000000E-01   5.7000000E-02   1.4620000E-02   1.0000000E+00   3.8058691E+02
   1.0000000E-01   5.9000000E-02   1.4620000E-02   1.0000000E+00   3.8558829E+02
   1.0000000E-01   6.0999997E-02   1.4620000E-02   0.0000000E+00   2.9300000E+02
   1.0000000E-01   6.3000001E-02   1.4620000E-02   0.0000000E+00   2.9300000E+02
   1.0000000E-01   6.4999998E-02   1.4620000E-02   0.0000000E+00   2.9300000E+02
   1.0000000E-01   6.7000002E-02   1.4620000E-02   0.0000000E+00   2.9300000E+02
   1.0000000E-01   6.9000006E-02   1.4620000E-02   0.0000000E+00   2.9300000E+02
   1.0000000E-01   7.0999995E-02   1.4620000E-02   0.0000000E+00   2.9300000E+02
   1.0000000E-01   7.2999999E-02   1.4620000E-02   0.0000000E+00   2.9300000E+02
   1.0000000E-01   7.5000003E-02   1.4620000E-02   0.0000000E+00   2.9300000E+02
   1.0000000E-01   7.7000000E-02   1.4620000E-02   0.0000000E+00   2.9300000E+02
   1.0000000E-01   7.8999996E-02   1.4620000E-02   1.6530646E-02   3.5564365E+02
   1.0000000E-01   8.1000000E-02   1.4620000E-02   6.7346954E-01   3.5396555E+02
   1.0000000E-01   8.3000004E-02   1.4620000E-02   1.0000000E+00   3.5327579E+02
   1.0000000E-01   8.5000001E-02   1.4620000E-02   1.0000000E+00   3.5290994E+02
   1.0000000E-01   8.6999997E-02   1.4620000E-02   1.0000000E+00   3.5272961E+02
   1.0000000E-01   8.9000002E-02   1.4620000E-02   1.0000000E+00   3.5265482E+02
   1.0000000E-01   9.1000006E-02   1.4620000E-02   1.0000000E+00   3.5263440E+02
   1.0000000E-01   9.2999995E-02   1.4620000E-02   1.0000000E+00   3.5263989E+02
   1.0000000E-01   9.4999999E-02   1.4620000E-02   1.0000000E+00   3.5265640E+02
   1.0000000E-01   9.7000003E-02   1.4620000E-02   1.0000000E+00   3.5267648E+02
   1.0000000E-01   9.8999999E-02   1.4620000E-02   1.0000000E+00   3.5269647E+02
   1.0000000E-01   1.0100000E-01   1.4620000E-02   1.0000000E+00   3.5271466E+02
   1.0000000E-01   1.0300000E-01   1.4620000E-02   1.0000000E+00   3.5273044E+02
   1.0000000E-01   1.0500000E-01   1.4620000E-02   1.0000000E+00   3.5274365E+02
   1.0000000E-01   1.0700000E-01   1.4620000E-02   1.0000000E+00   3.5275449E+02
   1.0000000E-01   1.0900000E-01   1.4620000E-02   1.0000000E+00   3.5276328E+02
   1.0000000E-01   1.1100000E-01   1.4620000E-02   1.0000000E+00   3.5277029E+02
   1.0000000E-01   1.1300001E-01   1.4620000E-02   1.0000000E+00   3.5277585E+02
   1.0000000E-01   1.1499999E-01   1.4620000E-02   1.0000000E+00   3.5278024E+02
   1.0000000E-01   1.1700000E-01   1.4620000E-02   1.0000000E+00   3.5278360E+02
   1.0000000E-01   1.1900000E-01   1.4620000E-02   1.0000000E+00   3.5278616E+02
   1.0000000E-01   1.2100000E-01   1.4620000E-02   1.0000000E+00   3.5278806E+02
   1.0000000E-01   1.2633334E-01   1.4620000E-02   1.0000000E+00   3.5279153E+02
   1.0000000E-01   1.3733333E-01   1.4620000E-02   1.0000000E+00   3.5279028E+02
   1.0000000E-01   1.5200000E-01   1.4620000E-02   1.0000000E+00   3.5277820E+02
   1.0000000E-01   8.0000004E-03   1.6580001E-02   1.0000000E+00   3.5281836E+02
   1.0000000E-01   2.2666667E-02   1.6580001E-02   1.0000000E+00   3.5280902E+02
   1.0000000E-01   3.3666667E-02   1.6580001E-02   1.0000000E+00   3.5277716E+02
   1.0000000E-01   3.8999997E-02   1.6580001E-02   1.0000000E+00   3.5282431E+02
   1.0000000E-01   4.1000001E-02   1.6580001E-02   1.0000000E+00   3.5289227E+02
   1.0000000E-01   4.2999998E-02   1.6580001E-02   1.0000000E+00   3.5304803E+02
   1.0000000E-01   4.5000002E-02   1.6580001E-02   1.0000000E+00   3.5336267E+02
   1.0000000E-01   4.6999998E-02   1.6580001E-02   1.0000000E+00   3.5395862E+02
   1.0000000E-01   4.9000002E-02   1.6580001E-02   1.0000000E+00   3.5502048E+02
   1.0000000E-01   5.0999999E-02   1.6580001E-02   1.0000000E+00   3.5676852E+02
   1.0000000E-01   5.3000003E-02   1.6580001E-02   1.0000000E+00   3.5934705E+02
   1.0000000E-01   5.5000000E-02   1.6580001E-02   1.0000000E+00   3.6260516E+02
   1.0000000E-01   5.7000000E-02   1.6580001E-02   1.0000000E+00   3.6586258E+02
   1.0000000E-01   5.9000000E-02   1.6580001E-02   1.0000000E+00   3.6794397E+02
   1.0000000E-01   6.0999997E-02   1.6580001E-02   0.0000000E+00   2.9300000E+02
   1.0000000E-01   6.3000001E-02   1.6580001E-02   0.0000000E+00   2.9300000E+02
   1.0000000E-01   6.4999998E-02   1.6580001E-02   0.0000000E+00   2.9300000E+02
   1.0000000E-01   6.7000002E-02   1.6580001E-02   0.0000000E+00   2.9300000E+02
   1.0000000E-01   6.9000006E-02   1.6580001E-02   0.0000000E+00   2.9300000E+02
   1.0000000E-01   7.0999995E-02   1.6580001E-02   0.0000000E+00   2.9300000E+02
   1.0000000E-01   7.2999999E-02   1.6580001E-02   0.0000000E+00   2.9300000E+02
   1.0000000E-01   7.5000003E-02   1.6580001E-02   0.0000000E+00   2.9300000E+02
   1.0000000E-01   7.7000000E-02   1.6580001E-02   0.0000000E+00   2.9300000E+02
   1.0000000E-01   7.8999996E-02   1.6580001E-02   0.0000000E+00   2.9300000E+02
   1.0000000E-01   8.1000000E-02   1.6580001E-02   2.0408200E-02   3.5322250E+02
   1.0000000E-01   8.3000004E-02   1.6580001E-02   6.8959200E-01   3.5283044E+02
   1.0000000E-01   8.5000001E-02   1.6580001E-02   1.0000000E+00   3.5269922E+02
   1.0000000E-01   8.6999997E-02   1.6580001E-02   1.0000000E+00   3.5264130E+02
   1.0000000E-01   8.9000002E-02   1.6580001E-02   1.0000000E+00   3.5262604E+02
   1.0000000E-01   9.1000006E-02   1.6580001E-02   1.0000000E+00   3.5263336E+02
   1.0000000E-01   9.2999995E-02   1.6580001E-02   1.0000000E+00   3.5265097E+02
   1.0000000E-01   9.4999999E-02   1.6580001E-02   1.0000000E+00   3.5267227E+02
   1.0000000E-01   9.7000003E-02   1.6580001E-02   1.0000000E+00   3.5269394E+02
   1.0000000E-01   9.8999999E-02   1.6580001E-02   1.0000000E+00   3.5271439E+02
   1.0000000E-01   1.0100000E-01   1.6580001E-02   1.0000000E+00   3.5273279E+02
   1.0000000E-01   1.0300000E-01   1.6580001E-02   1.0000000E+00   3.5274878E+02
   1.0000000E-01   1.0500000E-01   1.6580001E-02   1.0000000E+00   3.5276233E+02
   1.0000000E-01   1.0700000E-01   1.6580001E-02   1.0000000E+00   3.5277362E+02
   1.0000000E-01   1.0900000E-01   1.6580001E-02   1.0000000E+00   3.5278287E+02
   1.0000000E-01   1.1100000E-01   1.6580001E-02   1.0000000E+00   3.5279037E+02
   1.0000000E-01   1.1300001E-01   1.6580001E-02   1.0000000E+00   3.5279645E+02
   1.0000000E-01   1.1499999E-01   1.6580001E-02   1.0000000E+00   3.5280124E+02
   1.0000000E-01   1.1700000E-01   1.6580001E-02   1.0000000E+00   3.5280502E+02
   1.0000000E-01   1.1900000E-01   1.6580001E-02   1.0000000E+00   3.5280795E+02
   1.0000000E-01   1.2100000E-01   1.6580001E-02   1.0000000E+00   3.5281012E+02
   1.0000000E-01   1.2633334E-01   1.6580001E-02   1.0000000E+00   3.5281430E+02
   1.0000000E-01   1.3733333E-01   1.6580001E-02   1.0000000E+00   3.5281387E+02
   1.0000000E-01   1.5200000E-01   1.6580001E-02   1.0000000E+00   3.5280374E+02
   1.0000000E-01   8.0000004E-03   1.8539999E-02   1.0000000E+00   3.5283124E+02
   1.0000000E-01   2.2666667E-02   1.8539999E-02   1.0000000E+00   3.5282291E+02
   1.0000000E-01   3.3666667E-02   1.8539999E-02   1.0000000E+00   3.5279108E+02
   1.0000000E-01   3.8999997E-02   1.8539999E-02   1.0000000E+00   3.5280414E+02
   1.0000000E-01   4.1000001E-02   1.8539999E-02   1.0000000E+00   3.5283673E+02
   1.0000000E-01   4.2999998E-02   1.8539999E-02   1.0000000E+00   3.5291611E+02
   1.0000000E-01   4.5000002E-02   1.8539999E-02   1.0000000E+00   3.5307605E+02
   1.0000000E-01   4.6999998E-02   1.8539999E-02   1.0000000E+00   3.5337125E+02
   1.0000000E-01   4.9000002E-02   1.8539999E-02   1.0000000E+00   3.5387921E+02
   1.0000000E-01   5.0999999E-02   1.8539999E-02   1.0000000E+00   3.5468469E+02
   1.0000000E-01   5.3000003E-02   1.8539999E-02   1.0000000E+00   3.5582883E+02
   1.0000000E-01   5.5000000E-02   1.8539999E-02   1.0000000E+00   3.5721985E+02
   1.0000000E-01   5.7000000E-02   1.8539999E-02   1.0000000E+00   3.5855286E+02
   1.0000000E-01   5.9000000E-02   1.8539999E-02   1.0000000E+00   3.5935159E+02
   1.0000000E-01   6.0999997E-02   1.8539999E-02   0.0000000E+00   2.9300000E+02
   1.0000000E-01   6.3000001E-02   1.8539999E-02   0.0000000E+00   2.9300000E+02
   1.0000000E-01   6.4999998E-02   1.8539999E-02   0.0000000E+00   2.9300000E+02
   1.0000000E-01   6.7000002E-02   1.8539999E-02   0.0000000E+00   2.9300000E+02
   1.0000000E-01   6.9000006E-02   1.8539999E-02   0.0000000E+00   2.9300000E+02
   1.0000000E-01   7.0999995E-02   1.8539999E-02   0.0000000E+00   2.9300000E+02
   1.0000000E-01   7.2999999E-02   1.8539999E-02   0.0000000E+00   2.9300000E+02
   1.0000000E-01   7.5000003E-02   1.8539999E-02   0.0000000E+00   2.9300000E+02
   1.0000000E-01   7.7000000E-02   1.8539999E-02   0.0000000E+00   2.9300000E+02
   1.0000000E-01   7.8999996E-02   1.8539999E-02   0.0000000E+00   2.9300000E+02
   1.0000000E-01   8.1000000E-02   1.8539999E-02   0.0000000E+00   2.9300000E+02
   1.0000000E-01   8.3000004E-02   1.8539999E-02   2.4693917E-02   3.5264200E+02
   1.0000000E-01   8.5000001E-02   1.8539999E-02   7.0530623E-01   3.5257635E+02
   1.0000000E-01   8.6999997E-02   1.8539999E-02   1.0000000E+00   3.5258698E+02
   1.0000000E-01   8.9000002E-02   1.8539999E-02   1.0000000E+00   3.5260593E+02
   1.0000000E-01   9.1000006E-02   1.8539999E-02   1.0000000E+00   3.5262988E+02
   1.0000000E-01   9.2999995E-02   1.8539999E-02   1.0000000E+00   3.5265472E+02
   1.0000000E-01   9.4999999E-02   1.8539999E-02   1.0000000E+00   3.5267859E+02
   1.0000000E-01   9.7000003E-02   1.8539999E-02   1.0000000E+00   3.5270090E+02
   1.0000000E-01   9.8999999E-02   1.8539999E-02   1.0000000E+00   3.5272144E+02
   1.0000000E-01   1.0100000E-01   1.8539999E-02   1.0000000E+00   3.5273990E+02
   1.0000000E-01   1.0300000E-01   1.8539999E-02   1.0000000E+00   3.5275613E+02
   1.0000000E-01   1.0500000E-01   1.8539999E-02   1.0000000E+00   3.5277008E+02
   1.0000000E-01   1.0700000E-01   1.8539999E-02   1.0000000E+00   3.5278183E+02
   1.0000000E-01   1.0900000E-01   1.8539999E-02   1.0000000E+00   3.5279163E+02
   1.0000000E-01   1.1100000E-01   1.8539999E-02   1.0000000E+00   3.5279971E+02
   1.0000000E-01   1.1300001E-01   1.8539999E-02   1.0000000E+00   3.5280630E+02
   1.0000000E-01   1.1499999E-01   1.8539999E-02   1.0000000E+00   3.5281161E+02
   1.0000000E-01   1.1700000E-01   1.8539999E-02   1.0000000E+00   3.5281583E+02
   1.0000000E-01   1.1900000E-01   1.8539999E-02   1.0000000E+00   3.5281915E+02
   1.0000000E-01   1.2100000E-01   1.8539999E-02   1.0000000E+00   3.5282166E+02
   1.0000000E-01   1.2633334E-01   1.8539999E-02   1.0000000E+00   3.5282660E+02
   1.0000000E-01   1.3733333E-01   1.8539999E-02   1.0000000E+00   3.5282697E+02
   1.0000000E-01   1.5200000E-01   1.8539999E-02   1.0000000E+00   3.5281833E+02
   1.0000000E-01   8.0000004E-03   2.0500001E-02   1.0000000E+00   3.5283383E+02
   1.0000000E-01   2.2666667E-02   2.0500001E-02   1.0000000E+00   3.5282639E+02
   1.0000000E-01   3.3666667E-02   2.0500001E-02   1.0000000E+00   3.5279498E+02
   1.0000000E-01   3.8999997E-02   2.0500001E-02   1.0000000E+00   3.5278500E+02
   1.0000000E-01   4.1000001E-02   2.0500001E-02   1.0000000E+00   3.5279514E+02
   1.0000000E-01   4.2999998E-02   2.0500001E-02   1.0000000E+00   3.5282840E+02
   1.0000000E-01   4.5000002E-02   2.0500001E-02   1.0000000E+00   3.5289993E+02
   1.0000000E-01   4.6999998E-02   2.0500001E-02   1.0000000E+00   3.5303253E+02
   1.0000000E-01   4.9000002E-02   2.0500001E-02   1.0000000E+00   3.5325592E+02
   1.0000000E-01   5.0999999E-02   2.0500001E-02   1.0000000E+00   3.5359897E+02
   1.0000000E-01   5.3000003E-02   2.0500001E-02   1.0000000E+00   3.5406833E+02
   1.0000000E-01   5.5000000E-02   2.0500001E-02   1.0000000E+00   3.5461517E+02
   1.0000000E-01   5.7000000E-02   2.0500001E-02   1.0000000E+00   3.5511023E+02
   1.0000000E-01   5.9000000E-02   2.0500001E-02   1.0000000E+00   3.5536813E+02
   1.0000000E-01   6.0999997E-02   2.0500001E-02   0.0000000E+00   2.9300000E+02
   1.0000000E-01   6.3000001E-02   2.0500001E-02   0.0000000E+00   2.9300000E+02
   1.0000000E-01   6.4999998E-02   2.0500001E-02   0.0000000E+00   2.9300000E+02
   1.0000000E-01   6.7000002E-02   2.0500001E-02   0.0000000E+00   2.9300000E+02
   1.0000000E-01   6.9000006E-02   2.0500001E-02   0.0000000E+00   2.9300000E+02
   1.0000000E-01   7.0999995E-02   2.0500001E-02   0.0000000E+00   2.9300000E+02
   1.0000000E-01   7.2999999E-02   2.0500001E-02   0.0000000E+00   2.9300000E+02
   1.0000000E-01   7.5000003E-02   2.0500001E-02   0.0000000E+00   2.9300000E+02
   1.0000000E-01   7.7000000E-02   2.0500001E-02   0.0000000E+00   2.9300000E+02
   1.0000000E-01   7.8999996E-02   2.0500001E-02   0.0000000E+00   2.9300000E+02
   1.0000000E-01   8.1000000E-02   2.0500001E-02   0.0000000E+00   2.9300000E+02
   1.0000000E-01   8.3000004E-02   2.0500001E-02   0.0000000E+00   2.9300000E+02
   1.0000000E-01   8.5000001E-02   2.0500001E-02   2.9387798E-02   3.5252939E+02
   1.0000000E-01   8.6999997E-02   2.0500001E-02   7.2061241E-01   3.5254477E+02
   1.0000000E-01   8.9000002E-02   2.0500001E-02   1.0000000E+00   3.5258765E+02
   1.0000000E-01   9.1000006E-02   2.0500001E-02   1.0000000E+00   3.5262088E+02
   1.0000000E-01   9.2999995E-02   2.0500001E-02   1.0000000E+00   3.5264960E+02
   1.0000000E-01   9.4999999E-02   2.0500001E-02   1.0000000E+00   3.5267465E+02
   1.0000000E-01   9.7000003E-02   2.0500001E-02   1.0000000E+00   3.5269714E+02
   1.0000000E-01   9.8999999E-02   2.0500001E-02   1.0000000E+00   3.5271762E+02
   1.0000000E-01   1.0100000E-01   2.0500001E-02   1.0000000E+00   3.5273615E+02
   1.0000000E-01   1.0300000E-01   2.0500001E-02   1.0000000E+00   3.5275266E+02
   1.0000000E-01   1.0500000E-01   2.0500001E-02   1.0000000E+00   3.5276706E+02
   1.0000000E-01   1.0700000E-01   2.0500001E-02   1.0000000E+00   3.5277936E+02
   1.0000000E-01   1.0900000E-01   2.0500001E-02   1.0000000E+00   3.5278976E+02
   1.0000000E-01   1.1100000E-01   2.0500001E-02   1.0000000E+00   3.5279843E+02
   1.0000000E-01   1.1300001E-01   2.0500001E-02   1.0000000E+00   3.5280560E+02
   1.0000000E-01   1.1499999E-01   2.0500001E-02   1.0000000E+00   3.5281146E+02
   1.0000000E-01   1.1700000E-01   2.0500001E-02   1.0000000E+00   3.5281619E+02
   1.0000000E-01   1.1900000E-01   2.0500001E-02   1.0000000E+00   3.5281992E+02
   1.0000000E-01   1.2100000E-01   2.0500001E-02   1.0000000E+00   3.5282281E+02
   1.0000000E-01   1.2633334E-01   2.0500001E-02   1.0000000E+00   3.5282855E+02
   1.0000000E-01   1.3733333E-01   2.0500001E-02   1.0000000E+00   3.5282968E+02
   1.0000000E-01   1.5200000E-01   2.0500001E-02   1.0000000E+00   3.5282211E+02
   1.0000000E-01   8.0000004E-03   2.2459999E-02   1.0000000E+00   3.5282620E+02
   1.0000000E-01   2.2666667E-02   2.2459999E-02   1.0000000E+00   3.5281946E+02
   1.0000000E-01   3.3666667E-02   2.2459999E-02   1.0000000E+00   3.5278882E+02
   1.0000000E-01   3.8999997E-02   2.2459999E-02   1.0000000E+00   3.5276401E+02
   1.0000000E-01   4.1000001E-02   2.2459999E-02   1.0000000E+00   3.5276041E+02
   1.0000000E-01   4.2999998E-02   2.2459999E-02   1.0000000E+00   3.5276666E+02
   1.0000000E-01   4.5000002E-02   2.2459999E-02   1.0000000E+00   3.5278915E+02
   1.0000000E-01   4.6999998E-02   2.2459999E-02   1.0000000E+00   3.5283667E+02
   1.0000000E-01   4.9000002E-02   2.2459999E-02   1.0000000E+00   3.5291937E+02
   1.0000000E-01   5.0999999E-02   2.2459999E-02   1.0000000E+00   3.5304520E+02
   1.0000000E-01   5.3000003E-02   2.2459999E-02   1.0000000E+00   3.5321167E+02
   1.0000000E-01   5.5000000E-02   2.2459999E-02   1.0000000E+00   3.5339429E+02
   1.0000000E-01   5.7000000E-02   2.2459999E-02   1.0000000E+00   3.5353976E+02
   1.0000000E-01   5.9000000E-02   2.2459999E-02   1.0000000E+00   3.5357791E+02
   1.0000000E-01   6.0999997E-02   2.2459999E-02   0.0000000E+00   2.9300000E+02
   1.0000000E-01   6.3000001E-02   2.2459999E-02   0.0000000E+00   2.9300000E+02
   1.0000000E-01   6.4999998E-02   2.2459999E-02   0.0000000E+00   2.9300000E+02
   1.0000000E-01   6.7000002E-02   2.2459999E-02   0.0000000E+00   2.9300000E+02
   1.0000000E-01   6.9000006E-02   2.2459999E-02   0.0000000E+00   2.9300000E+02
   1.0000000E-01   7.0999995E-02   2.2459999E-02   0.0000000E+00   2.9300000E+02
   1.0000000E-01   7.2999999E-02   2.2459999E-02   0.0000000E+00   2.9300000E+02
   1.0000000E-01   7.5000003E-02   2.2459999E-02   0.0000000E+00   2.9300000E+02
   1.0000000E-01   7.7000000E-02   2.2459999E-02   0.0000000E+00   2.9300000E+02
   1.0000000E-01   7.8999996E-02   2.2459999E-02   0.0000000E+00   2.9300000E+02
   1.0000000E-01   8.1000000E-02   2.2459999E-02   0.0000000E+00   2.9300000E+02
   1.0000000E-01   8.3000004E-02   2.2459999E-02   0.0000000E+00   2.9300000E+02
   1.0000000E-01   8.5000001E-02   2.2459999E-02   0.0000000E+00   2.9300000E+02
   1.0000000E-01   8.6999997E-02   2.2459999E-02   3.4489844E-02   3.5252930E+02
   1.0000000E-01   8.9000002E-02   2.2459999E-02   7.3551035E-01   3.5255899E+02
   1.0000000E-01   9.1000006E-02   2.2459999E-02   1.0000000E+00   3.5260281E+02
   1.0000000E-01   9.2999995E-02   2.2459999E-02   1.0000000E+00   3.5263361E+02
   1.0000000E-01   9.4999999E-02   2.2459999E-02   1.0000000E+00   3.5265945E+02
   1.0000000E-01   9.7000003E-02   2.2459999E-02   1.0000000E+00   3.5268219E+02
   1.0000000E-01   9.8999999E-02   2.2459999E-02   1.0000000E+00   3.5270282E+02
   1.0000000E-01   1.0100000E-01   2.2459999E-02   1.0000000E+00   3.5272162E+02
   1.0000000E-01   1.0300000E-01   2.2459999E-02   1.0000000E+00   3.5273853E+02
   1.0000000E-01   1.0500000E-01   2.2459999E-02   1.0000000E+00   3.5275342E+02
   1.0000000E-01   1.0700000E-01   2.2459999E-02   1.0000000E+00   3.5276633E+02
   1.0000000E-01   1.0900000E-01   2.2459999E-02   1.0000000E+00   3.5277734E+02
   1.0000000E-01   1.1100000E-01   2.2459999E-02   1.0000000E+00   3.5278668E+02
   1.0000000E-01   1.1300001E-01   2.2459999E-02   1.0000000E+00   3.5279446E+02
   1.0000000E-01   1.1499999E-01   2.2459999E-02   1.0000000E+00   3.5280090E+02
   1.0000000E-01   1.1700000E-01   2.2459999E-02   1.0000000E+00   3.5280615E+02
   1.0000000E-01   1.1900000E-01   2.2459999E-02   1.0000000E+00   3.5281033E+02
   1.0000000E-01   1.2100000E-01   2.2459999E-02   1.0000000E+00   3.5281363E+02
   1.0000000E-01   1.2633334E-01   2.2459999E-02   1.0000000E+00   3.5282022E+02
   1.0000000E-01   1.3733333E-01   2.2459999E-02   1.0000000E+00   3.5282208E+02
   1.0000000E-01   1.5200000E-01   2.2459999E-02   1.0000000E+00   3.5281516E+02
   1.0000000E-01   8.0000004E-03   2.4420001E-02   1.0000000E+00   3.5280823E+02
   1.0000000E-01   2.2666667E-02   2.4420001E-02   1.0000000E+00   3.5280206E+02
   1.0000000E-01   3.3666667E-02   2.4420001E-02   1.0000000E+00   3.5277231E+02
   1.0000000E-01   3.8999997E-02   2.4420001E-02   1.0000000E+00   3.5273849E+02
   1.0000000E-01   4.1000001E-02   2.4420001E-02   1.0000000E+00   3.5272675E+02
   1.0000000E-01   4.2999998E-02   2.4420001E-02   1.0000000E+00   3.5271759E+02
   1.0000000E-01   4.5000002E-02   2.4420001E-02   1.0000000E+00   3.5271338E+02
   1.0000000E-01   4.6999998E-02   2.4420001E-02   1.0000000E+00   3.5271704E+02
   1.0000000E-01   4.9000002E-02   2.4420001E-02   1.0000000E+00   3.5273135E+02
   1.0000000E-01   5.0999999E-02   2.4420001E-02   1.0000000E+00   3.5275739E+02
   1.0000000E-01   5.3000003E-02   2.4420001E-02   1.0000000E+00   3.5279135E+02
   1.0000000E-01   5.5000000E-02   2.4420001E-02   1.0000000E+00   3.5282114E+02
   1.0000000E-01   5.7000000E-02   2.4420001E-02   1.0000000E+00   3.5282483E+02
   1.0000000E-01   5.9000000E-02   2.4420001E-02   1.0000000E+00   3.5277594E+02
   1.0000000E-01   6.0999997E-02   2.4420001E-02   0.0000000E+00   2.9300000E+02
   1.0000000E-01   6.3000001E-02   2.4420001E-02   0.0000000E+00   2.9300000E+02
   1.0000000E-01   6.4999998E-02   2.4420001E-02   0.0000000E+00   2.9300000E+02
   1.0000000E-01   6.7000002E-02   2.4420001E-02   0.0000000E+00   2.9300000E+02
   1.0000000E-01   6.9000006E-02   2.4420001E-02   0.0000000E+00   2.9300000E+02
   1.0000000E-01   7.0999995E-02   2.4420001E-02   0.0000000E+00   2.9300000E+02
   1.0000000E-01   7.2999999E-02   2.4420001E-02   0.0000000E+00   2.9300000E+02
   1.0000000E-01   7.5000003E-02   2.4420001E-02   0.0000000E+00   2.9300000E+02
   1.0000000E-01   7.7000000E-02   2.4420001E-02   0.0000000E+00   2.9300000E+02
   1.0000000E-01   7.8999996E-02   2.4420001E-02   0.0000000E+00   2.9300000E+02
   1.0000000E-01   8.1000000E-02   2.4420001E-02   0.0000000E+00   2.9300000E+02
   1.0000000E-01   8.3000004E-02   2.4420001E-02   0.0000000E+00   2.9300000E+02
   1.0000000E-01   8.5000001E-02   2.4420001E-02   0.0000000E+00   2.9300000E+02
   1.0000000E-01   8.6999997E-02   2.4420001E-02   0.0000000E+00   2.9300000E+02
   1.0000000E-01   8.9000002E-02   2.4420001E-02   4.0000051E-02   3.5254227E+02
   1.0000000E-01   9.1000006E-02   2.4420001E-02   7.5000012E-01   3.5256699E+02
   1.0000000E-01   9.2999995E-02   2.4420001E-02   1.0000000E+00   3.5260522E+02
   1.0000000E-01   9.4999999E-02   2.4420001E-02   1.0000000E+00   3.5263217E+02
   1.0000000E-01   9.7000003E-02   2.4420001E-02   1.0000000E+00   3.5265573E+02
   1.0000000E-01   9.8999999E-02   2.4420001E-02   1.0000000E+00   3.5267700E+02
   1.0000000E-01   1.0100000E-01   2.4420001E-02   1.0000000E+00   3.5269632E+02
   1.0000000E-01   1.0300000E-01   2.4420001E-02   1.0000000E+00   3.5271371E+02
   1.0000000E-01   1.0500000E-01   2.4420001E-02   1.0000000E+00   3.5272916E+02
   1.0000000E-01   1.0700000E-01   2.4420001E-02   1.0000000E+00   3.5274268E+02
   1.0000000E-01   1.0900000E-01   2.4420001E-02   1.0000000E+00   3.5275436E+02
   1.0000000E-01   1.1100000E-01   2.4420001E-02   1.0000000E+00   3.5276437E+02
   1.0000000E-01   1.1300001E-01   2.4420001E-02   1.0000000E+00   3.5277283E+02
   1.0000000E-01   1.1499999E-01   2.4420001E-02   1.0000000E+00   3.5277991E+02
   1.0000000E-01   1.1700000E-01   2.4420001E-02   1.0000000E+00   3.5278571E+02
   1.0000000E-01   1.1900000E-01   2.4420001E-02   1.0000000E+00   3.5279034E+02
   1.0000000E-01   1.2100000E-01   2.4420001E-02   1.0000000E+00   3.5279404E+02
   1.0000000E-01   1.2633334E-01   2.4420001E-02   1.0000000E+00   3.5280151E+02
   1.0000000E-01   1.3733333E-01   2.4420001E-02   1.0000000E+00   3.5280402E+02
   1.0000000E-01   1.5200000E-01   2.4420001E-02   1.0000000E+00   3.5279736E+02
   1.0000000E-01   8.0000004E-03   2.6379999E-02   1.0000000E+00   3.5277975E+02
   1.0000000E-01   2.2666667E-02   2.6379999E-02   1.0000000E+00   3.5277402E+02
   1.0000000E-01   3.3666667E-02   2.6379999E-02   1.0000000E+00   3.5274518E+02
   1.0000000E-01   3.8999997E-02   2.6379999E-02   1.0000000E+00   3.5270621E+02
   1.0000000E-01   4.1000001E-02   2.6379999E-02   1.0000000E+00   3.5268985E+02
   1.0000000E-01   4.2999998E-02   2.6379999E-02   1.0000000E+00   3.5267209E+02
   1.0000000E-01   4.5000002E-02   2.6379999E-02   1.0000000E+00   3.5265356E+02
   1.0000000E-01   4.6999998E-02   2.6379999E-02   1.0000000E+00   3.5263480E+02
   1.0000000E-01   4.9000002E-02   2.6379999E-02   1.0000000E+00   3.5261600E+02
   1.0000000E-01   5.0999999E-02   2.6379999E-02   1.0000000E+00   3.5259625E+02
   1.0000000E-01   5.3000003E-02   2.6379999E-02   1.0000000E+00   3.5257257E+02
   1.0000000E-01   5.5000000E-02   2.6379999E-02   1.0000000E+00   3.5253876E+02
   1.0000000E-01   5.7000000E-02   2.6379999E-02   1.0000000E+00   3.5248550E+02
   1.0000000E-01   5.9000000E-02   2.6379999E-02   1.0000000E+00   3.5240250E+02
   1.0000000E-01   6.0999997E-02   2.6379999E-02   0.0000000E+00   2.9300000E+02
   1.0000000E-01   6.3000001E-02   2.6379999E-02   0.0000000E+00   2.9300000E+02
   1.0000000E-01   6.4999998E-02   2.6379999E-02   0.0000000E+00   2.9300000E+02
   1.0000000E-01   6.7000002E-02   2.6379999E-02   0.0000000E+00   2.9300000E+02
   1.0000000E-01   6.9000006E-02   2.6379999E-02   0.0000000E+00   2.9300000E+02
   1.0000000E-01   7.0999995E-02   2.6379999E-02   0.0000000E+00   2.9300000E+02
   1.0000000E-01   7.2999999E-02   2.6379999E-02   0.0000000E+00   2.9300000E+02
   1.0000000E-01   7.5000003E-02   2.6379999E-02   0.0000000E+00   2.9300000E+02
   1.0000000E-01   7.7000000E-02   2.6379999E-02   0.0000000E+00   2.9300000E+02
   1.0000000E-01   7.8999996E-02   2.6379999E-02   0.0000000E+00   2.9300000E+02
   1.0000000E-01   8.1000000E-02   2.6379999E-02   0.0000000E+00   2.9300000E+02
   1.0000000E-01   8.3000004E-02   2.6379999E-02   0.0000000E+00   2.9300000E+02
   1.0000000E-01   8.5000001E-02   2.6379999E-02   0.0000000E+00   2.9300000E+02
   1.0000000E-01   8.6999997E-02   2.6379999E-02   0.0000000E+00   2.9300000E+02
   1.0000000E-01   8.9000002E-02   2.6379999E-02   0.0000000E+00   2.9300000E+02
   1.0000000E-01   9.1000006E-02   2.6379999E-02   4.5918424E-02   3.5254065E+02
   1.0000000E-01   9.2999995E-02   2.6379999E-02   7.6408178E-01   3.5255832E+02
   1.0000000E-01   9.4999999E-02   2.6379999E-02   1.0000000E+00   3.5259293E+02
   1.0000000E-01   9.7000003E-02   2.6379999E-02   1.0000000E+00   3.5261795E+02
   1.0000000E-01   9.8999999E-02   2.6379999E-02   1.0000000E+00   3.5264032E+02
   1.0000000E-01   1.0100000E-01   2.6379999E-02   1.0000000E+00   3.5266037E+02
   1.0000000E-01   1.0300000E-01   2.6379999E-02   1.0000000E+00   3.5267831E+02
   1.0000000E-01   1.0500000E-01   2.6379999E-02   1.0000000E+00   3.5269424E+02
   1.0000000E-01   1.0700000E-01   2.6379999E-02   1.0000000E+00   3.5270834E+02
   1.0000000E-01   1.0900000E-01   2.6379999E-02   1.0000000E+00   3.5272067E+02
   1.0000000E-01   1.1100000E-01   2.6379999E-02   1.0000000E+00   3.5273141E+02
   1.0000000E-01   1.1300001E-01   2.6379999E-02   1.0000000E+00   3.5274057E+02
   1.0000000E-01   1.1499999E-01   2.6379999E-02   1.0000000E+00   3.5274826E+02
   1.0000000E-01   1.1700000E-01   2.6379999E-02   1.0000000E+00   3.5275464E+02
   1.0000000E-01   1.1900000E-01   2.6379999E-02   1.0000000E+00   3.5275980E+02
   1.0000000E-01   1.2100000E-01   2.6379999E-02   1.0000000E+00   3.5276389E+02
   1.0000000E-01   1.2633334E-01   2.6379999E-02   1.0000000E+00   3.5277228E+02
   1.0000000E-01   1.3733333E-01   2.6379999E-02   1.0000000E+00   3.5277536E+02
   1.0000000E-01   1.5200000E-01   2.6379999E-02   1.0000000E+00   3.5276859E+02
   1.0000000E-01   8.0000004E-03   2.8340001E-02   1.0000000E+00   3.5274042E+02
   1.0000000E-01   2.2666667E-02   2.8340001E-02   1.0000000E+00   3.5273505E+02
   1.0000000E-01   3.3666667E-02   2.8340001E-02   1.0000000E+00   3.5270706E+02
   1.0000000E-01   3.8999997E-02   2.8340001E-02   1.0000000E+00   3.5266537E+02
   1.0000000E-01   4.1000001E-02   2.8340001E-02   1.0000000E+00   3.5264651E+02
   1.0000000E-01   4.2999998E-02   2.8340001E-02   1.0000000E+00   3.5262418E+02
   1.0000000E-01   4.5000002E-02   2.8340001E-02   1.0000000E+00   3.5259811E+02
   1.0000000E-01   4.6999998E-02   2.8340001E-02   1.0000000E+00   3.5256796E+02
   1.0000000E-01   4.9000002E-02   2.8340001E-02   1.0000000E+00   3.5253311E+02
   1.0000000E-01   5.0999999E-02   2.8340001E-02   1.0000000E+00   3.5249231E+02
   1.0000000E-01   5.3000003E-02   2.8340001E-02   1.0000000E+00   3.5244336E+02
   1.0000000E-01   5.5000000E-02   2.8340001E-02   1.0000000E+00   3.5238287E+02
   1.0000000E-01   5.7000000E-02   2.8340001E-02   1.0000000E+00   3.5230655E+02
   1.0000000E-01   5.9000000E-02   2.8340001E-02   1.0000000E+00   3.5221011E+02
   1.0000000E-01   6.0999997E-02   2.8340001E-02   0.0000000E+00   2.9300000E+02
   1.0000000E-01   6.3000001E-02   2.8340001E-02   0.0000000E+00   2.9300000E+02
   1.0000000E-01   6.4999998E-02   2.8340001E-02   0.0000000E+00   2.9300000E+02
   1.0000000E-01   6.7000002E-02   2.8340001E-02   0.0000000E+00   2.9300000E+02
   1.0000000E-01   6.9000006E-02   2.8340001E-02   0.0000000E+00   2.9300000E+02
   1.0000000E-01   7.0999995E-02   2.8340001E-02   0.0000000E+00   2.9300000E+02
   1.0000000E-01   7.2999999E-02   2.8340001E-02   0.0000000E+00   2.9300000E+02
   1.0000000E-01   7.5000003E-02   2.8340001E-02   0.0000000E+00   2.9300000E+02
   1.0000000E-01   7.7000000E-02   2.8340001E-02   0.0000000E+00   2.9300000E+02
   1.0000000E-01   7.8999996E-02   2.8340001E-02   0.0000000E+00   2.9300000E+02
   1.0000000E-01   8.1000000E-02   2.8340001E-02   0.0000000E+00   2.9300000E+02
   1.0000000E-01   8.3000004E-02   2.8340001E-02   0.0000000E+00   2.9300000E+02
   1.0000000E-01   8.5000001E-02   2.8340001E-02   0.0000000E+00   2.9300000E+02
   1.0000000E-01   8.6999997E-02   2.8340001E-02   0.0000000E+00   2.9300000E+02
   1.0000000E-01   8.9000002E-02   2.8340001E-02   0.0000000E+00   2.9300000E+02
   1.0000000E-01   9.1000006E-02   2.8340001E-02   0.0000000E+00   2.9300000E+02
   1.0000000E-01   9.2999995E-02   2.8340001E-02   5.2244958E-02   3.5252359E+02
   1.0000000E-01   9.4999999E-02   2.8340001E-02   7.7775520E-01   3.5253705E+02
   1.0000000E-01   9.7000003E-02   2.8340001E-02   1.0000000E+00   3.5256970E+02
   1.0000000E-01   9.8999999E-02   2.8340001E-02   1.0000000E+00   3.5259323E+02
   1.0000000E-01   1.0100000E-01   2.8340001E-02   1.0000000E+00   3.5261395E+02
   1.0000000E-01   1.0300000E-01   2.8340001E-02   1.0000000E+00   3.5263223E+02
   1.0000000E-01   1.0500000E-01   2.8340001E-02   1.0000000E+00   3.5264847E+02
   1.0000000E-01   1.0700000E-01   2.8340001E-02   1.0000000E+00   3.5266302E+02
   1.0000000E-01   1.0900000E-01   2.8340001E-02   1.0000000E+00   3.5267606E+02
   1.0000000E-01   1.1100000E-01   2.8340001E-02   1.0000000E+00   3.5268750E+02
   1.0000000E-01   1.1300001E-01   2.8340001E-02   1.0000000E+00   3.5269742E+02
   1.0000000E-01   1.1499999E-01   2.8340001E-02   1.0000000E+00   3.5270581E+02
   1.0000000E-01   1.1700000E-01   2.8340001E-02   1.0000000E+00   3.5271277E+02
   1.0000000E-01   1.1900000E-01   2.8340001E-02   1.0000000E+00   3.5271844E+02
   1.0000000E-01   1.2100000E-01   2.8340001E-02   1.0000000E+00   3.5272293E+02
   1.0000000E-01   1.2633334E-01   2.8340001E-02   1.0000000E+00   3.5273221E+02
   1.0000000E-01   1.3733333E-01   2.8340001E-02   1.0000000E+00   3.5273581E+02
   1.0000000E-01   1.5200000E-01   2.8340001E-02   1.0000000E+00   3.5272855E+02
   1.0000000E-01   8.0000004E-03   3.0299999E-02   1.0000000E+00   3.5268991E+02
   1.0000000E-01   2.2666667E-02   3.0299999E-02   1.0000000E+00   3.5268481E+02
   1.0000000E-01   3.3666667E-02   3.0299999E-02   1.0000000E+00   3.5265756E+02
   1.0000000E-01   3.8999997E-02   3.0299999E-02   1.0000000E+00   3.5261462E+02
   1.0000000E-01   4.1000001E-02   3.0299999E-02   1.0000000E+00   3.5259451E+02
   1.0000000E-01   4.2999998E-02   3.0299999E-02   1.0000000E+00   3.5256982E+02
   1.0000000E-01   4.5000002E-02   3.0299999E-02   1.0000000E+00   3.5253995E+02
   1.0000000E-01   4.6999998E-02   3.0299999E-02   1.0000000E+00   3.5250421E+02
   1.0000000E-01   4.9000002E-02   3.0299999E-02   1.0000000E+00   3.5246170E+02
   1.0000000E-01   5.0999999E-02   3.0299999E-02   1.0000000E+00   3.5241122E+02
   1.0000000E-01   5.3000003E-02   3.0299999E-02   1.0000000E+00   3.5235117E+02
   1.0000000E-01   5.5000000E-02   3.0299999E-02   1.0000000E+00   3.5227945E+02
   1.0000000E-01   5.7000000E-02   3.0299999E-02   1.0000000E+00   3.5219376E+02
   1.0000000E-01   5.9000000E-02   3.0299999E-02   1.0000000E+00   3.5209198E+02
   1.0000000E-01   6.0999997E-02   3.0299999E-02   0.0000000E+00   2.9300000E+02
   1.0000000E-01   6.3000001E-02   3.0299999E-02   0.0000000E+00   2.9300000E+02
   1.0000000E-01   6.4999998E-02   3.0299999E-02   0.0000000E+00   2.9300000E+02
   1.0000000E-01   6.7000002E-02   3.0299999E-02   0.0000000E+00   2.9300000E+02
   1.0000000E-01   6.9000006E-02   3.0299999E-02   0.0000000E+00   2.9300000E+02
   1.0000000E-01   7.0999995E-02   3.0299999E-02   0.0000000E+00   2.9300000E+02
   1.0000000E-01   7.2999999E-02   3.0299999E-02   0.0000000E+00   2.9300000E+02
   1.0000000E-01   7.5000003E-02   3.0299999E-02   0.0000000E+00   2.9300000E+02
   1.0000000E-01   7.7000000E-02   3.0299999E-02   0.0000000E+00   2.9300000E+02
   1.0000000E-01   7.8999996E-02   3.0299999E-02   0.0000000E+00   2.9300000E+02
   1.0000000E-01   8.1000000E-02   3.0299999E-02   0.0000000E+00   2.9300000E+02
   1.0000000E-01   8.3000004E-02   3.0299999E-02   0.0000000E+00   2.9300000E+02
   1.0000000E-01   8.5000001E-02   3.0299999E-02   0.0000000E+00   2.9300000E+02
   1.0000000E-01   8.6999997E-02   3.0299999E-02   0.0000000E+00   2.9300000E+02
   1.0000000E-01   8.9000002E-02   3.0299999E-02   0.0000000E+00   2.9300000E+02
   1.0000000E-01   9.1000006E-02   3.0299999E-02   0.0000000E+00   2.9300000E+02
   1.0000000E-01   9.2999995E-02   3.0299999E-02   0.0000000E+00   2.9300000E+02
   1.0000000E-01   9.4999999E-02   3.0299999E-02   5.8979653E-02   3.5249612E+02
   1.0000000E-01   9.7000003E-02   3.0299999E-02   7.9102051E-01   3.5250629E+02
   1.0000000E-01   9.8999999E-02   3.0299999E-02   1.0000000E+00   3.5253638E+02
   1.0000000E-01   1.0100000E-01   3.0299999E-02   1.0000000E+00   3.5255725E+02
   1.0000000E-01   1.0300000E-01   3.0299999E-02   1.0000000E+00   3.5257532E+02
   1.0000000E-01   1.0500000E-01   3.0299999E-02   1.0000000E+00   3.5259146E+02
   1.0000000E-01   1.0700000E-01   3.0299999E-02   1.0000000E+00   3.5260635E+02
   1.0000000E-01   1.0900000E-01   3.0299999E-02   1.0000000E+00   3.5262009E+02
   1.0000000E-01   1.1100000E-01   3.0299999E-02   1.0000000E+00   3.5263239E+02
   1.0000000E-01   1.1300001E-01   3.0299999E-02   1.0000000E+00   3.5264313E+02
   1.0000000E-01   1.1499999E-01   3.0299999E-02   1.0000000E+00   3.5265225E+02
   1.0000000E-01   1.1700000E-01   3.0299999E-02   1.0000000E+00   3.5265982E+02
   1.0000000E-01   1.1900000E-01   3.0299999E-02   1.0000000E+00   3.5266599E+02
   1.0000000E-01   1.2100000E-01   3.0299999E-02   1.0000000E+00   3.5267090E+02
   1.0000000E-01   1.2633334E-01   3.0299999E-02   1.0000000E+00   3.5268100E+02
   1.0000000E-01   1.3733333E-01   3.0299999E-02   1.0000000E+00   3.5268500E+02
   1.0000000E-01   1.5200000E-01   3.0299999E-02   1.0000000E+00   3.5267694E+02
   1.0000000E-01   8.0000004E-03   3.2260001E-02   1.0000000E+00   3.5262787E+02
   1.0000000E-01   2.2666667E-02   3.2260001E-02   1.0000000E+00   3.5262296E+02
   1.0000000E-01   3.3666667E-02   3.2260001E-02   1.0000000E+00   3.5259631E+02
   1.0000000E-01   3.8999997E-02   3.2260001E-02   1.0000000E+00   3.5255292E+02
   1.0000000E-01   4.1000001E-02   3.2260001E-02   1.0000000E+00   3.5253226E+02
   1.0000000E-01   4.2999998E-02   3.2260001E-02   1.0000000E+00   3.5250647E+02
   1.0000000E-01   4.5000002E-02   3.2260001E-02   1.0000000E+00   3.5247482E+02
   1.0000000E-01   4.6999998E-02   3.2260001E-02   1.0000000E+00   3.5243646E+02
   1.0000000E-01   4.9000002E-02   3.2260001E-02   1.0000000E+00   3.5239047E+02
   1.0000000E-01   5.0999999E-02   3.2260001E-02   1.0000000E+00   3.5233578E+02
   1.0000000E-01   5.3000003E-02   3.2260001E-02   1.0000000E+00   3.5227106E+02
   1.0000000E-01   5.5000000E-02   3.2260001E-02   1.0000000E+00   3.5219482E+02
   1.0000000E-01   5.7000000E-02   3.2260001E-02   1.0000000E+00   3.5210553E+02
   1.0000000E-01   5.9000000E-02   3.2260001E-02   1.0000000E+00   3.5200180E+02
   1.0000000E-01   6.0999997E-02   3.2260001E-02   0.0000000E+00   2.9300000E+02
   1.0000000E-01   6.3000001E-02   3.2260001E-02   0.0000000E+00   2.9300000E+02
   1.0000000E-01   6.4999998E-02   3.2260001E-02   0.0000000E+00   2.9300000E+02
   1.0000000E-01   6.7000002E-02   3.2260001E-02   0.0000000E+00   2.9300000E+02
   1.0000000E-01   6.9000006E-02   3.2260001E-02   0.0000000E+00   2.9300000E+02
   1.0000000E-01   7.0999995E-02   3.2260001E-02   0.0000000E+00   2.9300000E+02
   1.0000000E-01   7.2999999E-02   3.2260001E-02   0.0000000E+00   2.9300000E+02
   1.0000000E-01   7.5000003E-02   3.2260001E-02   0.0000000E+00   2.9300000E+02
   1.0000000E-01   7.7000000E-02   3.2260001E-02   0.0000000E+00   2.9300000E+02
   1.0000000E-01   7.8999996E-02   3.2260001E-02   0.0000000E+00   2.9300000E+02
   1.0000000E-01   8.1000000E-02   3.2260001E-02   0.0000000E+00   2.9300000E+02
   1.0000000E-01   8.3000004E-02   3.2260001E-02   0.0000000E+00   2.9300000E+02
   1.0000000E-01   8.5000001E-02   3.2260001E-02   0.0000000E+00   2.9300000E+02
   1.0000000E-01   8.6999997E-02   3.2260001E-02   0.0000000E+00   2.9300000E+02
   1.0000000E-01   8.9000002E-02   3.2260001E-02   0.0000000E+00   2.9300000E+02
   1.0000000E-01   9.1000006E-02   3.2260001E-02   0.0000000E+00   2.9300000E+02
   1.0000000E-01   9.2999995E-02   3.2260001E-02   0.0000000E+00   2.9300000E+02
   1.0000000E-01   9.4999999E-02   3.2260001E-02   0.0000000E+00   2.9300000E+02
   1.0000000E-01   9.7000003E-02   3.2260001E-02   6.6122517E-02   3.5245901E+02
   1.0000000E-01   9.8999999E-02   3.2260001E-02   8.0387765E-01   3.5246463E+02
   1.0000000E-01   1.0100000E-01   3.2260001E-02   1.0000000E+00   3.5249045E+02
   1.0000000E-01   1.0300000E-01   3.2260001E-02   1.0000000E+00   3.5250729E+02
   1.0000000E-01   1.0500000E-01   3.2260001E-02   1.0000000E+00   3.5252246E+02
   1.0000000E-01   1.0700000E-01   3.2260001E-02   1.0000000E+00   3.5253769E+02
   1.0000000E-01   1.0900000E-01   3.2260001E-02   1.0000000E+00   3.5255237E+02
   1.0000000E-01   1.1100000E-01   3.2260001E-02   1.0000000E+00   3.5256570E+02
   1.0000000E-01   1.1300001E-01   3.2260001E-02   1.0000000E+00   3.5257739E+02
   1.0000000E-01   1.1499999E-01   3.2260001E-02   1.0000000E+00   3.5258728E+02
   1.0000000E-01   1.1700000E-01   3.2260001E-02   1.0000000E+00   3.5259549E+02
   1.0000000E-01   1.1900000E-01   3.2260001E-02   1.0000000E+00   3.5260214E+02
   1.0000000E-01   1.2100000E-01   3.2260001E-02   1.0000000E+00   3.5260742E+02
   1.0000000E-01   1.2633334E-01   3.2260001E-02   1.0000000E+00   3.5261832E+02
   1.0000000E-01   1.3733333E-01   3.2260001E-02   1.0000000E+00   3.5262265E+02
   1.0000000E-01   1.5200000E-01   3.2260001E-02   1.0000000E+00   3.5261334E+02
   1.0000000E-01   8.0000004E-03   3.4220003E-02   1.0000000E+00   3.5255383E+02
   1.0000000E-01   2.2666667E-02   3.4220003E-02   1.0000000E+00   3.5254907E+02
   1.0000000E-01   3.3666667E-02   3.4220003E-02   1.0000000E+00   3.5252292E+02
   1.0000000E-01   3.8999997E-02   3.4220003E-02   1.0000000E+00   3.5247946E+02
   1.0000000E-01   4.1000001E-02   3.4220003E-02   1.0000000E+00   3.5245862E+02
   1.0000000E-01   4.2999998E-02   3.4220003E-02   1.0000000E+00   3.5243240E+02
   1.0000000E-01   4.5000002E-02   3.4220003E-02   1.0000000E+00   3.5240002E+02
   1.0000000E-01   4.6999998E-02   3.4220003E-02   1.0000000E+00   3.5236060E+02
   1.0000000E-01   4.9000002E-02   3.4220003E-02   1.0000000E+00   3.5231326E+02
   1.0000000E-01   5.0999999E-02   3.4220003E-02   1.0000000E+00   3.5225699E+02
   1.0000000E-01   5.3000003E-02   3.4220003E-02   1.0000000E+00   3.5219073E+02
   1.0000000E-01   5.5000000E-02   3.4220003E-02   1.0000000E+00   3.5211325E+02
   1.0000000E-01   5.7000000E-02   3.4220003E-02   1.0000000E+00   3.5202310E+02
   1.0000000E-01   5.9000000E-02   3.4220003E-02   1.0000000E+00   3.5191888E+02
   1.0000000E-01   6.0999997E-02   3.4220003E-02   0.0000000E+00   2.9300000E+02
   1.0000000E-01   6.3000001E-02   3.4220003E-02   0.0000000E+00   2.9300000E+02
   1.0000000E-01   6.4999998E-02   3.4220003E-02   0.0000000E+00   2.9300000E+02
   1.0000000E-01   6.7000002E-02   3.4220003E-02   0.0000000E+00   2.9300000E+02
   1.0000000E-01   6.9000006E-02   3.4220003E-02   0.0000000E+00   2.9300000E+02
   1.0000000E-01   7.0999995E-02   3.4220003E-02   0.0000000E+00   2.9300000E+02
   1.0000000E-01   7.2999999E-02   3.4220003E-02   0.0000000E+00   2.9300000E+02
   1.0000000E-01   7.5000003E-02   3.4220003E-02   0.0000000E+00   2.9300000E+02
   1.0000000E-01   7.7000000E-02   3.4220003E-02   0.0000000E+00   2.9300000E+02
   1.0000000E-01   7.8999996E-02   3.4220003E-02   0.0000000E+00   2.9300000E+02
   1.0000000E-01   8.1000000E-02   3.4220003E-02   0.0000000E+00   2.9300000E+02
   1.0000000E-01   8.3000004E-02   3.4220003E-02   0.0000000E+00   2.9300000E+02
   1.0000000E-01   8.5000001E-02   3.4220003E-02   0.0000000E+00   2.9300000E+02
   1.0000000E-01   8.6999997E-02   3.4220003E-02   0.0000000E+00   2.9300000E+02
   1.0000000E-01   8.9000002E-02   3.4220003E-02   0.0000000E+00   2.9300000E+02
   1.0000000E-01   9.1000006E-02   3.4220003E-02   0.0000000E+00   2.9300000E+02
   1.0000000E-01   9.2999995E-02   3.4220003E-02   0.0000000E+00   2.9300000E+02
   1.0000000E-01   9.4999999E-02   3.4220003E-02   0.0000000E+00   2.9300000E+02
   1.0000000E-01   9.7000003E-02   3.4220003E-02   0.0000000E+00   2.9300000E+02
   1.0000000E-01   9.8999999E-02   3.4220003E-02   7.3673539E-02   3.5240927E+02
   1.0000000E-01   1.0100000E-01   3.4220003E-02   8.1632662E-01   3.5240817E+02
   1.0000000E-01   1.0300000E-01   3.4220003E-02   1.0000000E+00   3.5242761E+02
   1.0000000E-01   1.0500000E-01   3.4220003E-02   1.0000000E+00   3.5244003E+02
   1.0000000E-01   1.0700000E-01   3.4220003E-02   1.0000000E+00   3.5245612E+02
   1.0000000E-01   1.0900000E-01   3.4220003E-02   1.0000000E+00   3.5247247E+02
   1.0000000E-01   1.1100000E-01   3.4220003E-02   1.0000000E+00   3.5248727E+02
   1.0000000E-01   1.1300001E-01   3.4220003E-02   1.0000000E+00   3.5250003E+02
   1.0000000E-01   1.1499999E-01   3.4220003E-02   1.0000000E+00   3.5251071E+02
   1.0000000E-01   1.1700000E-01   3.4220003E-02   1.0000000E+00   3.5251953E+02
   1.0000000E-01   1.1900000E-01   3.4220003E-02   1.0000000E+00   3.5252664E+02
   1.0000000E-01   1.2100000E-01   3.4220003E-02   1.0000000E+00   3.5253226E+02
   1.0000000E-01   1.2633334E-01   3.4220003E-02   1.0000000E+00   3.5254376E+02
   1.0000000E-01   1.3733333E-01   3.4220003E-02   1.0000000E+00   3.5254834E+02
   1.0000000E-01   1.5200000E-01   3.4220003E-02   1.0000000E+00   3.5253745E+02
   1.0000000E-01   8.0000004E-03   3.6180001E-02   1.0000000E+00   3.5246756E+02
   1.0000000E-01   2.2666667E-02   3.6180001E-02   1.0000000E+00   3.5246289E+02
   1.0000000E-01   3.3666667E-02   3.6180001E-02   1.0000000E+00   3.5243704E+02
   1.0000000E-01   3.8999997E-02   3.6180001E-02   1.0000000E+00   3.5239374E+02
   1.0000000E-01   4.1000001E-02   3.6180001E-02   1.0000000E+00   3.5237286E+02
   1.0000000E-01   4.2999998E-02   3.6180001E-02   1.0000000E+00   3.5234653E+02
   1.0000000E-01   4.5000002E-02   3.6180001E-02   1.0000000E+00   3.5231393E+02
   1.0000000E-01   4.6999998E-02   3.6180001E-02   1.0000000E+00   3.5227423E+02
   1.0000000E-01   4.9000002E-02   3.6180001E-02   1.0000000E+00   3.5222656E+02
   1.0000000E-01   5.0999999E-02   3.6180001E-02   1.0000000E+00   3.5217007E+02
   1.0000000E-01   5.3000003E-02   3.6180001E-02   1.0000000E+00   3.5210394E+02
   1.0000000E-01   5.5000000E-02   3.6180001E-02   1.0000000E+00   3.5202707E+02
   1.0000000E-01   5.7000000E-02   3.6180001E-02   1.0000000E+00   3.5193790E+02
   1.0000000E-01   5.9000000E-02   3.6180001E-02   1.0000000E+00   3.5183392E+02
   1.0000000E-01   6.0999997E-02   3.6180001E-02   0.0000000E+00   2.9300000E+02
   1.0000000E-01   6.3000001E-02   3.6180001E-02   0.0000000E+00   2.9300000E+02
   1.0000000E-01   6.4999998E-02   3.6180001E-02   0.0000000E+00   2.9300000E+02
   1.0000000E-01   6.7000002E-02   3.6180001E-02   0.0000000E+00   2.9300000E+02
   1.0000000E-01   6.9000006E-02   3.6180001E-02   0.0000000E+00   2.9300000E+02
   1.0000000E-01   7.0999995E-02   3.6180001E-02   0.0000000E+00   2.9300000E+02
   1.0000000E-01   7.2999999E-02   3.6180001E-02   0.0000000E+00   2.9300000E+02
   1.0000000E-01   7.5000003E-02   3.6180001E-02   0.0000000E+00   2.9300000E+02
   1.0000000E-01   7.7000000E-02   3.6180001E-02   0.0000000E+00   2.9300000E+02
   1.0000000E-01   7.8999996E-02   3.6180001E-02   0.0000000E+00   2.9300000E+02
   1.0000000E-01   8.1000000E-02   3.6180001E-02   0.0000000E+00   2.9300000E+02
   1.0000000E-01   8.3000004E-02   3.6180001E-02   0.0000000E+00   2.9300000E+02
   1.0000000E-01   8.5000001E-02   3.6180001E-02   0.0000000E+00   2.9300000E+02
   1.0000000E-01   8.6999997E-02   3.6180001E-02   0.0000000E+00   2.9300000E+02
   1.0000000E-01   8.9000002E-02   3.6180001E-02   0.0000000E+00   2.9300000E+02
   1.0000000E-01   9.1000006E-02   3.6180001E-02   0.0000000E+00   2.9300000E+02
   1.0000000E-01   9.2999995E-02   3.6180001E-02   0.0000000E+00   2.9300000E+02
   1.0000000E-01   9.4999999E-02   3.6180001E-02   0.0000000E+00   2.9300000E+02
   1.0000000E-01   9.7000003E-02   3.6180001E-02   0.0000000E+00   2.9300000E+02
   1.0000000E-01   9.8999999E-02   3.6180001E-02   0.0000000E+00   2.9300000E+02
   1.0000000E-01   1.0100000E-01   3.6180001E-02   8.1632726E-02   3.5234140E+02
   1.0000000E-01   1.0300000E-01   3.6180001E-02   8.2836747E-01   3.5233014E+02
   1.0000000E-01   1.0500000E-01   3.6180001E-02   1.0000000E+00   3.5234039E+02
   1.0000000E-01   1.0700000E-01   3.6180001E-02   1.0000000E+00   3.5236060E+02
   1.0000000E-01   1.0900000E-01   3.6180001E-02   1.0000000E+00   3.5238031E+02
   1.0000000E-01   1.1100000E-01   3.6180001E-02   1.0000000E+00   3.5239706E+02
   1.0000000E-01   1.1300001E-01   3.6180001E-02   1.0000000E+00   3.5241098E+02
   1.0000000E-01   1.1499999E-01   3.6180001E-02   1.0000000E+00   3.5242242E+02
   1.0000000E-01   1.1700000E-01   3.6180001E-02   1.0000000E+00   3.5243173E+02
   1.0000000E-01   1.1900000E-01   3.6180001E-02   1.0000000E+00   3.5243921E+02
   1.0000000E-01   1.2100000E-01   3.6180001E-02   1.0000000E+00   3.5244507E+02
   1.0000000E-01   1.2633334E-01   3.6180001E-02   1.0000000E+00   3.5245709E+02
   1.0000000E-01   1.3733333E-01   3.6180001E-02   1.0000000E+00   3.5246185E+02
   1.0000000E-01   1.5200000E-01   3.6180001E-02   1.0000000E+00   3.5244891E+02
   1.0000000E-01   8.0000004E-03   3.8139999E-02   1.0000000E+00   3.5236874E+02
   1.0000000E-01   2.2666667E-02   3.8139999E-02   1.0000000E+00   3.5236411E+02
   1.0000000E-01   3.3666667E-02   3.8139999E-02   1.0000000E+00   3.5233853E+02
   1.0000000E-01   3.8999997E-02   3.8139999E-02   1.0000000E+00   3.5229535E+02
   1.0000000E-01   4.1000001E-02   3.8139999E-02   1.0000000E+00   3.5227451E+02
   1.0000000E-01   4.2999998E-02   3.8139999E-02   1.0000000E+00   3.5224823E+02
   1.0000000E-01   4.5000002E-02   3.8139999E-02   1.0000000E+00   3.5221564E+02
   1.0000000E-01   4.6999998E-02   3.8139999E-02   1.0000000E+00   3.5217596E+02
   1.0000000E-01   4.9000002E-02   3.8139999E-02   1.0000000E+00   3.5212842E+02
   1.0000000E-01   5.0999999E-02   3.8139999E-02   1.0000000E+00   3.5207233E+02
   1.0000000E-01   5.3000003E-02   3.8139999E-02   1.0000000E+00   3.5200717E+02
   1.0000000E-01   5.5000000E-02   3.8139999E-02   1.0000000E+00   3.5193246E+02
   1.0000000E-01   5.7000000E-02   3.8139999E-02   1.0000000E+00   3.5184680E+02
   1.0000000E-01   5.9000000E-02   3.8139999E-02   1.0000000E+00   3.5174280E+02
   1.0000000E-01   6.0999997E-02   3.8139999E-02   0.0000000E+00   2.9300000E+02
   1.0000000E-01   6.3000001E-02   3.8139999E-02   0.0000000E+00   2.9300000E+02
   1.0000000E-01   6.4999998E-02   3.8139999E-02   0.0000000E+00   2.9300000E+02
   1.0000000E-01   6.7000002E-02   3.8139999E-02   0.0000000E+00   2.9300000E+02
   1.0000000E-01   6.9000006E-02   3.8139999E-02   0.0000000E+00   2.9300000E+02
   1.0000000E-01   7.0999995E-02   3.8139999E-02   0.0000000E+00   2.9300000E+02
   1.0000000E-01   7.2999999E-02   3.8139999E-02   0.0000000E+00   2.9300000E+02
   1.0000000E-01   7.5000003E-02   3.8139999E-02   0.0000000E+00   2.9300000E+02
   1.0000000E-01   7.7000000E-02   3.8139999E-02   0.0000000E+00   2.9300000E+02
   1.0000000E-01   7.8999996E-02   3.8139999E-02   0.0000000E+00   2.9300000E+02
   1.0000000E-01   8.1000000E-02   3.8139999E-02   0.0000000E+00   2.9300000E+02
   1.0000000E-01   8.3000004E-02   3.8139999E-02   0.0000000E+00   2.9300000E+02
   1.0000000E-01   8.5000001E-02   3.8139999E-02   0.0000000E+00   2.9300000E+02
   1.0000000E-01   8.6999997E-02   3.8139999E-02   0.0000000E+00   2.9300000E+02
   1.0000000E-01   8.9000002E-02   3.8139999E-02   0.0000000E+00   2.9300000E+02
   1.0000000E-01   9.1000006E-02   3.8139999E-02   0.0000000E+00   2.9300000E+02
   1.0000000E-01   9.2999995E-02   3.8139999E-02   0.0000000E+00   2.9300000E+02
   1.0000000E-01   9.4999999E-02   3.8139999E-02   0.0000000E+00   2.9300000E+02
   1.0000000E-01   9.7000003E-02   3.8139999E-02   0.0000000E+00   2.9300000E+02
   1.0000000E-01   9.8999999E-02   3.8139999E-02   0.0000000E+00   2.9300000E+02
   1.0000000E-01   1.0100000E-01   3.8139999E-02   0.0000000E+00   2.9300000E+02
   1.0000000E-01   1.0300000E-01   3.8139999E-02   9.0000078E-02   3.5223920E+02
   1.0000000E-01   1.0500000E-01   3.8139999E-02   8.4000009E-01   3.5220459E+02
   1.0000000E-01   1.0700000E-01   3.8139999E-02   1.0000000E+00   3.5225165E+02
   1.0000000E-01   1.0900000E-01   3.8139999E-02   1.0000000E+00   3.5227707E+02
   1.0000000E-01   1.1100000E-01   3.8139999E-02   1.0000000E+00   3.5229568E+02
   1.0000000E-01   1.1300001E-01   3.8139999E-02   1.0000000E+00   3.5231042E+02
   1.0000000E-01   1.1499999E-01   3.8139999E-02   1.0000000E+00   3.5232236E+02
   1.0000000E-01   1.1700000E-01   3.8139999E-02   1.0000000E+00   3.5233200E+02
   1.0000000E-01   1.1900000E-01   3.8139999E-02   1.0000000E+00   3.5233969E+02
   1.0000000E-01   1.2100000E-01   3.8139999E-02   1.0000000E+00   3.5234573E+02
   1.0000000E-01   1.2633334E-01   3.8139999E-02   1.0000000E+00   3.5235803E+02
   1.0000000E-01   1.3733333E-01   3.8139999E-02   1.0000000E+00   3.5236292E+02
   1.0000000E-01   1.5200000E-01   3.8139999E-02   1.0000000E+00   3.5234753E+02
   1.0000000E-01   8.0000004E-03   4.0100001E-02   4.4897914E-01   3.5229312E+02
   1.0000000E-01   2.2666667E-02   4.0100001E-02   4.4897914E-01   3.5228851E+02
   1.0000000E-01   3.3666667E-02   4.0100001E-02   4.4897914E-01   3.5226303E+02
   1.0000000E-01   3.8999997E-02   4.0100001E-02   4.4897914E-01   3.5222000E+02
   1.0000000E-01   4.1000001E-02   4.0100001E-02   4.4897914E-01   3.5219919E+02
   1.0000000E-01   4.2999998E-02   4.0100001E-02   4.4897914E-01   3.5217294E+02
   1.0000000E-01   4.5000002E-02   4.0100001E-02   4.4897914E-01   3.5214044E+02
   1.0000000E-01   4.6999998E-02   4.0100001E-02   4.4897914E-01   3.5210086E+02
   1.0000000E-01   4.9000002E-02   4.0100001E-02   4.4897914E-01   3.5205356E+02
   1.0000000E-01   5.0999999E-02   4.0100001E-02   4.4897914E-01   3.5199811E+02
   1.0000000E-01   5.3000003E-02   4.0100001E-02   4.4897914E-01   3.5193466E+02
   1.0000000E-01   5.5000000E-02   4.0100001E-02   4.4897914E-01   3.5186514E+02
   1.0000000E-01   5.7000000E-02   4.0100001E-02   4.4897914E-01   3.5179651E+02
   1.0000000E-01   5.9000000E-02   4.0100001E-02   2.2448942E-01   3.5173199E+02
   1.0000000E-01   6.0999997E-02   4.0100001E-02   0.0000000E+00   2.9300000E+02
   1.0000000E-01   6.3000001E-02   4.0100001E-02   0.0000000E+00   2.9300000E+02
   1.0000000E-01   6.4999998E-02   4.0100001E-02   0.0000000E+00   2.9300000E+02
   1.0000000E-01   6.7000002E-02   4.0100001E-02   0.0000000E+00   2.9300000E+02
   1.0000000E-01   6.9000006E-02   4.0100001E-02   0.0000000E+00   2.9300000E+02
   1.0000000E-01   7.0999995E-02   4.0100001E-02   0.0000000E+00   2.9300000E+02
   1.0000000E-01   7.2999999E-02   4.0100001E-02   0.0000000E+00   2.9300000E+02
   1.0000000E-01   7.5000003E-02   4.0100001E-02   0.0000000E+00   2.9300000E+02
   1.0000000E-01   7.7000000E-02   4.0100001E-02   0.0000000E+00   2.9300000E+02
   1.0000000E-01   7.8999996E-02   4.0100001E-02   0.0000000E+00   2.9300000E+02
   1.0000000E-01   8.1000000E-02   4.0100001E-02   0.0000000E+00   2.9300000E+02
   1.0000000E-01   8.3000004E-02   4.0100001E-02   0.0000000E+00   2.9300000E+02
   1.0000000E-01   8.5000001E-02   4.0100001E-02   0.0000000E+00   2.9300000E+02
   1.0000000E-01   8.6999997E-02   4.0100001E-02   0.0000000E+00   2.9300000E+02
   1.0000000E-01   8.9000002E-02   4.0100001E-02   0.0000000E+00   2.9300000E+02
   1.0000000E-01   9.1000006E-02   4.0100001E-02   0.0000000E+00   2.9300000E+02
   1.0000000E-01   9.2999995E-02   4.0100001E-02   0.0000000E+00   2.9300000E+02
   1.0000000E-01   9.4999999E-02   4.0100001E-02   0.0000000E+00   2.9300000E+02
   1.0000000E-01   9.7000003E-02   4.0100001E-02   0.0000000E+00   2.9300000E+02
   1.0000000E-01   9.8999999E-02   4.0100001E-02   0.0000000E+00   2.9300000E+02
   1.0000000E-01   1.0100000E-01   4.0100001E-02   0.0000000E+00   2.9300000E+02
   1.0000000E-01   1.0300000E-01   4.0100001E-02   0.0000000E+00   2.9300000E+02
   1.0000000E-01   1.0500000E-01   4.0100001E-02   9.8775446E-02   3.5217221E+02
   1.0000000E-01   1.0700000E-01   4.0100001E-02   4.4897914E-01   3.5218521E+02
   1.0000000E-01   1.0900000E-01   4.0100001E-02   4.4897914E-01   3.5220245E+02
   1.0000000E-01   1.1100000E-01   4.0100001E-02   4.4897914E-01   3.5221948E+02
   1.0000000E-01   1.1300001E-01   4.0100001E-02   4.4897914E-01   3.5223410E+02
   1.0000000E-01   1.1499999E-01   4.0100001E-02   4.4897914E-01   3.5224615E+02
   1.0000000E-01   1.1700000E-01   4.0100001E-02   4.4897914E-01   3.5225592E+02
   1.0000000E-01   1.1900000E-01   4.0100001E-02   4.4897914E-01   3.5226373E+02
   1.0000000E-01   1.2100000E-01   4.0100001E-02   4.4897914E-01   3.5226984E+02
   1.0000000E-01   1.2633334E-01   4.0100001E-02   4.4897914E-01   3.5228229E+02
   1.0000000E-01   1.3733333E-01   4.0100001E-02   4.4897914E-01   3.5228735E+02
   1.0000000E-01   1.5200000E-01   4.0100001E-02   2.2448952E-01   3.5228366E+02
   1.0000000E-01   8.0000004E-03   4.2060003E-02   0.0000000E+00   2.9300000E+02
   1.0000000E-01   2.2666667E-02   4.2060003E-02   0.0000000E+00   2.9300000E+02
   1.0000000E-01   3.3666667E-02   4.2060003E-02   0.0000000E+00   2.9300000E+02
   1.0000000E-01   3.8999997E-02   4.2060003E-02   0.0000000E+00   2.9300000E+02
   1.0000000E-01   4.1000001E-02   4.2060003E-02   0.0000000E+00   2.9300000E+02
   1.0000000E-01   4.2999998E-02   4.2060003E-02   0.0000000E+00   2.9300000E+02
   1.0000000E-01   4.5000002E-02   4.2060003E-02   0.0000000E+00   2.9300000E+02
   1.0000000E-01   4.6999998E-02   4.2060003E-02   0.0000000E+00   2.9300000E+02
   1.0000000E-01   4.9000002E-02   4.2060003E-02   0.0000000E+00   2.9300000E+02
   1.0000000E-01   5.0999999E-02   4.2060003E-02   0.0000000E+00   2.9300000E+02
   1.0000000E-01   5.3000003E-02   4.2060003E-02   0.0000000E+00   2.9300000E+02
   1.0000000E-01   5.5000000E-02   4.2060003E-02   0.0000000E+00   2.9300000E+02
   1.0000000E-01   5.7000000E-02   4.2060003E-02   0.0000000E+00   2.9300000E+02
   1.0000000E-01   5.9000000E-02   4.2060003E-02   0.0000000E+00   2.9300000E+02
   1.0000000E-01   6.0999997E-02   4.2060003E-02   0.0000000E+00   2.9300000E+02
   1.0000000E-01   6.3000001E-02   4.2060003E-02   0.0000000E+00   2.9300000E+02
   1.0000000E-01   6.4999998E-02   4.2060003E-02   0.0000000E+00   2.9300000E+02
   1.0000000E-01   6.7000002E-02   4.2060003E-02   0.0000000E+00   2.9300000E+02
   1.0000000E-01   6.9000006E-02   4.2060003E-02   0.0000000E+00   2.9300000E+02
   1.0000000E-01   7.0999995E-02   4.2060003E-02   0.0000000E+00   2.9300000E+02
   1.0000000E-01   7.2999999E-02   4.2060003E-02   0.0000000E+00   2.9300000E+02
   1.0000000E-01   7.5000003E-02   4.2060003E-02   0.0000000E+00   2.9300000E+02
   1.0000000E-01   7.7000000E-02   4.2060003E-02   0.0000000E+00   2.9300000E+02
   1.0000000E-01   7.8999996E-02   4.2060003E-02   0.0000000E+00   2.9300000E+02
   1.0000000E-01   8.1000000E-02   4.2060003E-02   0.0000000E+00   2.9300000E+02
   1.0000000E-01   8.3000004E-02   4.2060003E-02   0.0000000E+00   2.9300000E+02
   1.0000000E-01   8.5000001E-02   4.2060003E-02   0.0000000E+00   2.9300000E+02
   1.0000000E-01   8.6999997E-02   4.2060003E-02   0.0000000E+00   2.9300000E+02
   1.0000000E-01   8.9000002E-02   4.2060003E-02   0.0000000E+00   2.9300000E+02
   1.0000000E-01   9.1000006E-02   4.2060003E-02   0.0000000E+00   2.9300000E+02
   1.0000000E-01   9.2999995E-02   4.2060003E-02   0.0000000E+00   2.9300000E+02
   1.0000000E-01   9.4999999E-02   4.2060003E-02   0.0000000E+00   2.9300000E+02
   1.0000000E-01   9.7000003E-02   4.2060003E-02   0.0000000E+00   2.9300000E+02
   1.0000000E-01   9.8999999E-02   4.2060003E-02   0.0000000E+00   2.9300000E+02
   1.0000000E-01   1.0100000E-01   4.2060003E-02   0.0000000E+00   2.9300000E+02
   1.0000000E-01   1.0300000E-01   4.2060003E-02   0.0000000E+00   2.9300000E+02
   1.0000000E-01   1.0500000E-01   4.2060003E-02   0.0000000E+00   2.9300000E+02
   1.0000000E-01   1.0700000E-01   4.2060003E-02   0.0000000E+00   2.9300000E+02
   1.0000000E-01   1.0900000E-01   4.2060003E-02   0.0000000E+00   2.9300000E+02
   1.0000000E-01   1.1100000E-01   4.2060003E-02   0.0000000E+00   2.9300000E+02
   1.0000000E-01   1.1300001E-01   4.2060003E-02   0.0000000E+00   2.9300000E+02
   1.0000000E-01   1.1499999E-01   4.2060003E-02   0.0000000E+00   2.9300000E+02
   1.0000000E-01   1.1700000E-01   4.2060003E-02   0.0000000E+00   2.9300000E+02
   1.0000000E-01   1.1900000E-01   4.2060003E-02   0.0000000E+00   2.9300000E+02
   1.0000000E-01   1.2100000E-01   4.2060003E-02   0.0000000E+00   2.9300000E+02
   1.0000000E-01   1.2633334E-01   4.2060003E-02   0.0000000E+00   2.9300000E+02
   1.0000000E-01   1.3733333E-01   4.2060003E-02   0.0000000E+00   2.9300000E+02
   1.0000000E-01   1.5200000E-01   4.2060003E-02   0.0000000E+00   2.9300000E+02
   1.0000000E-01   8.0000004E-03   4.4020001E-02   0.0000000E+00   2.9300000E+02
   1.0000000E-01   2.2666667E-02   4.4020001E-02   0.0000000E+00   2.9300000E+02
   1.0000000E-01   3.3666667E-02   4.4020001E-02   0.0000000E+00   2.9300000E+02
   1.0000000E-01   3.8999997E-02   4.4020001E-02   0.0000000E+00   2.9300000E+02
   1.0000000E-01   4.1000001E-02   4.4020001E-02   0.0000000E+00   2.9300000E+02
   1.0000000E-01   4.2999998E-02   4.4020001E-02   0.0000000E+00   2.9300000E+02
   1.0000000E-01   4.5000002E-02   4.4020001E-02   0.0000000E+00   2.9300000E+02
   1.0000000E-01   4.6999998E-02   4.4020001E-02   0.0000000E+00   2.9300000E+02
   1.0000000E-01   4.9000002E-02   4.4020001E-02   0.0000000E+00   2.9300000E+02
   1.0000000E-01   5.0999999E-02   4.4020001E-02   0.0000000E+00   2.9300000E+02
   1.0000000E-01   5.3000003E-02   4.4020001E-02   0.0000000E+00   2.9300000E+02
   1.0000000E-01   5.5000000E-02   4.4020001E-02   0.0000000E+00   2.9300000E+02
   1.0000000E-01   5.7000000E-02   4.4020001E-02   0.0000000E+00   2.9300000E+02
   1.0000000E-01   5.9000000E-02   4.4020001E-02   0.0000000E+00   2.9300000E+02
   1.0000000E-01   6.0999997E-02   4.4020001E-02   0.0000000E+00   2.9300000E+02
   1.0000000E-01   6.3000001E-02   4.4020001E-02   0.0000000E+00   2.9300000E+02
   1.0000000E-01   6.4999998E-02   4.4020001E-02   0.0000000E+00   2.9300000E+02
   1.0000000E-01   6.7000002E-02   4.4020001E-02   0.0000000E+00   2.9300000E+02
   1.0000000E-01   6.9000006E-02   4.4020001E-02   0.0000000E+00   2.9300000E+02
   1.0000000E-01   7.0999995E-02   4.4020001E-02   0.0000000E+00   2.9300000E+02
   1.0000000E-01   7.2999999E-02   4.4020001E-02   0.0000000E+00   2.9300000E+02
   1.0000000E-01   7.5000003E-02   4.4020001E-02   0.0000000E+00   2.9300000E+02
   1.0000000E-01   7.7000000E-02   4.4020001E-02   0.0000000E+00   2.9300000E+02
   1.0000000E-01   7.8999996E-02   4.4020001E-02   0.0000000E+00   2.9300000E+02
   1.0000000E-01   8.1000000E-02   4.4020001E-02   0.0000000E+00   2.9300000E+02
   1.0000000E-01   8.3000004E-02   4.4020001E-02   0.0000000E+00   2.9300000E+02
   1.0000000E-01   8.5000001E-02   4.4020001E-02   0.0000000E+00   2.9300000E+02
   1.0000000E-01   8.6999997E-02   4.4020001E-02   0.0000000E+00   2.9300000E+02
   1.0000000E-01   8.9000002E-02   4.4020001E-02   0.0000000E+00   2.9300000E+02
   1.0000000E-01   9.1000006E-02   4.4020001E-02   0.0000000E+00   2.9300000E+02
   1.0000000E-01   9.2999995E-02   4.4020001E-02   0.0000000E+00   2.9300000E+02
   1.0000000E-01   9.4999999E-02   4.4020001E-02   0.0000000E+00   2.9300000E+02
   1.0000000E-01   9.7000003E-02   4.4020001E-02   0.0000000E+00   2.9300000E+02
   1.0000000E-01   9.8999999E-02   4.4020001E-02   0.0000000E+00   2.9300000E+02
   1.0000000E-01   1.0100000E-01   4.4020001E-02   0.0000000E+00   2.9300000E+02
   1.0000000E-01   1.0300000E-01   4.4020001E-02   0.0000000E+00   2.9300000E+02
   1.0000000E-01   1.0500000E-01   4.4020001E-02   0.0000000E+00   2.9300000E+02
   1.0000000E-01   1.0700000E-01   4.4020001E-02   0.0000000E+00   2.9300000E+02
   1.0000000E-01   1.0900000E-01   4.4020001E-02   0.0000000E+00   2.9300000E+02
   1.0000000E-01   1.1100000E-01   4.4020001E-02   0.0000000E+00   2.9300000E+02
   1.0000000E-01   1.1300001E-01   4.4020001E-02   0.0000000E+00   2.9300000E+02
   1.0000000E-01   1.1499999E-01   4.4020001E-02   0.0000000E+00   2.9300000E+02
   1.0000000E-01   1.1700000E-01   4.4020001E-02   0.0000000E+00   2.9300000E+02
   1.0000000E-01   1.1900000E-01   4.4020001E-02   0.0000000E+00   2.9300000E+02
   1.0000000E-01   1.2100000E-01   4.4020001E-02   0.0000000E+00   2.9300000E+02
   1.0000000E-01   1.2633334E-01   4.4020001E-02   0.0000000E+00   2.9300000E+02
   1.0000000E-01   1.3733333E-01   4.4020001E-02   0.0000000E+00   2.9300000E+02
   1.0000000E-01   1.5200000E-01   4.4020001E-02   0.0000000E+00   2.9300000E+02