1.0000000E-01   8.0000004E-03  -3.0200002E-03   0.0000000E+00   2.9300000E+02
   1.0000000E-01   2.2666667E-02  -3.0200002E-03   0.0000000E+00   2.9300000E+02
   1.0000000E-01   3.3666667E-02  -3.0200002E-03   0.0000000E+00   2.9300000E+02
   1.0000000E-01   3.8999997E-02  -3.0200002E-03   0.0000000E+00   2.9300000E+02
   1.0000000E-01   4.1000001E-02  -3.0200002E-03   0.0000000E+00   2.9300000E+02
   1.0000000E-01   4.2999998E-02  -3.0200002E-03   4.9999928E-01   3.8040402E+02
   1.0000000E-01   4.5000002E-02  -3.0200002E-03   1.0000000E+00   3.9167715E+02
   1.0000000E-01   4.6999998E-02  -3.0200002E-03   1.0000000E+00   4.1620810E+02
   1.0000000E-01   4.9000002E-02  -3.0200002E-03   1.0000000E+00   4.6358862E+02
   1.0000000E-01   5.0999999E-02  -3.0200002E-03   1.0000000E+00   5.4463409E+02
   1.0000000E-01   5.3000003E-02  -3.0200002E-03   1.0000000E+00   6.7419067E+02
   1.0000000E-01   5.5000000E-02  -3.0200002E-03   1.0000000E+00   8.6733197E+02
   1.0000000E-01   5.7000000E-02  -3.0200002E-03   1.0000000E+00   1.1293611E+03
   1.0000000E-01   5.9000000E-02  -3.0200002E-03   1.0000000E+00   1.4391029E+03
   1.0000000E-01   6.0999997E-02  -3.0200002E-03   9.9899375E-01   1.7345920E+03
   1.0000000E-01   6.3000001E-02  -3.0200002E-03   9.9885589E-01   1.7430260E+03
   1.0000000E-01   6.4999998E-02  -3.0200002E-03   9.9887663E-01   1.7329614E+03
   1.0000000E-01   6.7000002E-02  -3.0200002E-03   1.0000000E+00   1.5189281E+03
   1.0000000E-01   6.9000006E-02  -3.0200002E-03   1.0000000E+00   1.2546250E+03
   1.0000000E-01   7.0999995E-02  -3.0200002E-03   1.0000000E+00   1.0083378E+03
   1.0000000E-01   7.2999999E-02  -3.0200002E-03   1.0000000E+00   8.0358887E+02
   1.0000000E-01   7.5000003E-02  -3.0200002E-03   1.0000000E+00   6.4756140E+02
   1.0000000E-01   7.7000000E-02  -3.0200002E-03   1.0000000E+00   5.3779614E+02
   1.0000000E-01   7.8999996E-02  -3.0200002E-03   1.0000000E+00   4.6695181E+02
   1.0000000E-01   8.1000000E-02  -3.0200002E-03   1.0000000E+00   4.2717755E+02
   1.0000000E-01   8.3000004E-02  -3.0200002E-03   5.4590148E-01   4.0790268E+02
   1.0000000E-01   8.5000001E-02  -3.0200002E-03   0.0000000E+00   2.9300000E+02
   1.0000000E-01   8.6999997E-02  -3.0200002E-03   0.0000000E+00   2.9300000E+02
   1.0000000E-01   8.9000002E-02  -3.0200002E-03   0.0000000E+00   2.9300000E+02
   1.0000000E-01   9.1000006E-02  -3.0200002E-03   0.0000000E+00   2.9300000E+02
   1.0000000E-01   9.2999995E-02  -3.0200002E-03   0.0000000E+00   2.9300000E+02
   1.0000000E-01   9.4999999E-02  -3.0200002E-03   0.0000000E+00   2.9300000E+02
   1.0000000E-01   9.7000003E-02  -3.0200002E-03   0.0000000E+00   2.9300000E+02
   1.0000000E-01   9.8999999E-02  -3.0200002E-03   0.0000000E+00   2.9300000E+02
   1.0000000E-01   1.0100000E-01  -3.0200002E-03   0.0000000E+00   2.9300000E+02
   1.0000000E-01   1.0300000E-01  -3.0200002E-03   0.0000000E+00   2.9300000E+02
   1.0000000E-01   1.0500000E-01  -3.0200002E-03   0.0000000E+00   2.9300000E+02
   1.0000000E-01   1.0700000E-01  -3.0200002E-03   0.0000000E+00   2.9300000E+02
   1.0000000E-01   1.0900000E-01  -3.0200002E-03   0.0000000E+00   2.9300000E+02
   1.0000000E-01   1.1100000E-01  -3.0200002E-03   0.0000000E+00   2.9300000E+02
   1.0000000E-01   1.1300001E-01  -3.0200002E-03   0.0000000E+00   2.9300000E+02
   1.0000000E-01   1.1499999E-01  -3.0200002E-03   0.0000000E+00   2.9300000E+02
   1.0000000E-01   1.1700000E-01  -3.0200002E-03   0.0000000E+00   2.9300000E+02
   1.0000000E-01   1.1900000E-01  -3.0200002E-03   0.0000000E+00   2.9300000E+02
   1.0000000E-01   1.2100000E-01  -3.0200002E-03   0.0000000E+00   2.9300000E+02
   1.0000000E-01   1.2633334E-01  -3.0200002E-03   0.0000000E+00   2.9300000E+02
   1.0000000E-01   1.3733333E-01  -3.0200002E-03   0.0000000E+00   2.9300000E+02
   1.0000000E-01   1.5200000E-01  -3.0200002E-03   0.0000000E+00   2.9300000E+02
   1.0000000E-01   8.0000004E-03  -1.0599999E-03   0.0000000E+00   2.9300000E+02
   1.0000000E-01   2.2666667E-02  -1.0599999E-03   0.0000000E+00   2.9300000E+02
   1.0000000E-01   3.3666667E-02  -1.0599999E-03   0.0000000E+00   2.9300000E+02
   1.0000000E-01   3.8999997E-02  -1.0599999E-03   0.0000000E+00   2.9300000E+02
   1.0000000E-01   4.1000001E-02  -1.0599999E-03   0.0000000E+00   2.9300000E+02
   1.0000000E-01   4.2999998E-02  -1.0599999E-03   4.9999928E-01   3.7785703E+02
   1.0000000E-01   4.5000002E-02  -1.0599999E-03   1.0000000E+00   3.9038834E+02
   1.0000000E-01   4.6999998E-02  -1.0599999E-03   1.0000000E+00   4.1563754E+02
   1.0000000E-01   4.9000002E-02  -1.0599999E-03   1.0000000E+00   4.6365588E+02
   1.0000000E-01   5.0999999E-02  -1.0599999E-03   1.0000000E+00   5.4625299E+02
   1.0000000E-01   5.3000003E-02  -1.0599999E-03   1.0000000E+00   6.8047266E+02
   1.0000000E-01   5.5000000E-02  -1.0599999E-03   1.0000000E+00   8.8613416E+02
   1.0000000E-01   5.7000000E-02  -1.0599999E-03   1.0000000E+00   1.1769478E+03
   1.0000000E-01   5.9000000E-02  -1.0599999E-03   1.0000000E+00   1.5374637E+03
   1.0000000E-01   6.0999997E-02  -1.0599999E-03   9.9992245E-01   1.8560455E+03
   1.0000000E-01   6.3000001E-02  -1.0599999E-03   9.9985671E-01   1.9421198E+03
   1.0000000E-01   6.4999998E-02  -1.0599999E-03   9.9981958E-01   1.8837775E+03
   1.0000000E-01   6.7000002E-02  -1.0599999E-03   1.0000000E+00   1.6144391E+03
   1.0000000E-01   6.9000006E-02  -1.0599999E-03   1.0000000E+00   1.3238013E+03
   1.0000000E-01   7.0999995E-02  -1.0599999E-03   1.0000000E+00   1.0588557E+03
   1.0000000E-01   7.2999999E-02  -1.0599999E-03   1.0000000E+00   8.3674091E+02
   1.0000000E-01   7.5000003E-02  -1.0599999E-03   1.0000000E+00   6.6659399E+02
   1.0000000E-01   7.7000000E-02  -1.0599999E-03   1.0000000E+00   5.4724805E+02
   1.0000000E-01   7.8999996E-02  -1.0599999E-03   1.0000000E+00   4.7054248E+02
   1.0000000E-01   8.1000000E-02  -1.0599999E-03   1.0000000E+00   4.2692212E+02
   1.0000000E-01   8.3000004E-02  -1.0599999E-03   5.4590148E-01   4.0425116E+02
   1.0000000E-01   8.5000001E-02  -1.0599999E-03   0.0000000E+00   2.9300000E+02
   1.0000000E-01   8.6999997E-02  -1.0599999E-03   0.0000000E+00   2.9300000E+02
   1.0000000E-01   8.9000002E-02  -1.0599999E-03   0.0000000E+00   2.9300000E+02
   1.0000000E-01   9.1000006E-02  -1.0599999E-03   0.0000000E+00   2.9300000E+02
   1.0000000E-01   9.2999995E-02  -1.0599999E-03   0.0000000E+00   2.9300000E+02
   1.0000000E-01   9.4999999E-02  -1.0599999E-03   0.0000000E+00   2.9300000E+02
   1.0000000E-01   9.7000003E-02  -1.0599999E-03   0.0000000E+00   2.9300000E+02
   1.0000000E-01   9.8999999E-02  -1.0599999E-03   0.0000000E+00   2.9300000E+02
   1.0000000E-01   1.0100000E-01  -1.0599999E-03   0.0000000E+00   2.9300000E+02
   1.0000000E-01   1.0300000E-01  -1.0599999E-03   0.0000000E+00   2.9300000E+02
   1.0000000E-01   1.0500000E-01  -1.0599999E-03   0.0000000E+00   2.9300000E+02
   1.0000000E-01   1.0700000E-01  -1.0599999E-03   0.0000000E+00   2.9300000E+02
   1.0000000E-01   1.0900000E-01  -1.0599999E-03   0.0000000E+00   2.9300000E+02
   1.0000000E-01   1.1100000E-01  -1.0599999E-03   0.0000000E+00   2.9300000E+02
   1.0000000E-01   1.1300001E-01  -1.0599999E-03   0.0000000E+00   2.9300000E+02
   1.0000000E-01   1.1499999E-01  -1.0599999E-03   0.0000000E+00   2.9300000E+02
   1.0000000E-01   1.1700000E-01  -1.0599999E-03   0.0000000E+00   2.9300000E+02
   1.0000000E-01   1.1900000E-01  -1.0599999E-03   0.0000000E+00   2.9300000E+02
   1.0000000E-01   1.2100000E-01  -1.0599999E-03   0.0000000E+00   2.9300000E+02
   1.0000000E-01   1.2633334E-01  -1.0599999E-03   0.0000000E+00   2.9300000E+02
   1.0000000E-01   1.3733333E-01  -1.0599999E-03   0.0000000E+00   2.9300000E+02
   1.0000000E-01   1.5200000E-01  -1.0599999E-03   0.0000000E+00   2.9300000E+02
   1.0000000E-01   8.0000004E-03   8.9999998E-04   9.5918369E-01   3.5227859E+02
   1.0000000E-01   2.2666667E-02   8.9999998E-04   9.5918369E-01   3.5228241E+02
   1.0000000E-01   3.3666667E-02   8.9999998E-04   9.5918369E-01   3.5282352E+02
   1.0000000E-01   3.8999997E-02   8.9999998E-04   9.5918369E-01   3.5736398E+02
   1.0000000E-01   4.1000001E-02   8.9999998E-04   9.5918369E-01   3.6188177E+02
   1.0000000E-01   4.2999998E-02   8.9999998E-04   9.8979592E-01   3.7143921E+02
   1.0000000E-01   4.5000002E-02   8.9999998E-04   1.0000000E+00   3.8645966E+02
   1.0000000E-01   4.6999998E-02   8.9999998E-04   1.0000000E+00   4.1303204E+02
   1.0000000E-01   4.9000002E-02   8.9999998E-04   1.0000000E+00   4.6081909E+02
   1.0000000E-01   5.0999999E-02   8.9999998E-04   1.0000000E+00   5.4309052E+02
   1.0000000E-01   5.3000003E-02   8.9999998E-04   1.0000000E+00   6.7915155E+02
   1.0000000E-01   5.5000000E-02   8.9999998E-04   1.0000000E+00   8.9541547E+02
   1.0000000E-01   5.7000000E-02   8.9999998E-04   1.0000000E+00   1.2295757E+03
   1.0000000E-01   5.9000000E-02   8.9999998E-04   9.9981546E-01   1.8006227E+03
   1.0000000E-01   6.0999997E-02   8.9999998E-04   9.9981397E-01   1.8037010E+03
   1.0000000E-01   6.3000001E-02   8.9999998E-04   9.9977297E-01   1.8891005E+03
   1.0000000E-01   6.4999998E-02   8.9999998E-04   9.9981415E-01   1.8602625E+03
   1.0000000E-01   6.7000002E-02   8.9999998E-04   9.9943811E-01   1.8224369E+03
   1.0000000E-01   6.9000006E-02   8.9999998E-04   1.0000000E+00   1.4415448E+03
   1.0000000E-01   7.0999995E-02   8.9999998E-04   1.0000000E+00   1.1449105E+03
   1.0000000E-01   7.2999999E-02   8.9999998E-04   1.0000000E+00   8.9366541E+02
   1.0000000E-01   7.5000003E-02   8.9999998E-04   1.0000000E+00   6.9818988E+02
   1.0000000E-01   7.7000000E-02   8.9999998E-04   1.0000000E+00   5.6175641E+02
   1.0000000E-01   7.8999996E-02   8.9999998E-04   1.0000000E+00   4.7492026E+02
   1.0000000E-01   8.1000000E-02   8.9999998E-04   1.0000000E+00   4.2360376E+02
   1.0000000E-01   8.3000004E-02   8.9999998E-04   1.0000000E+00   3.9355551E+02
   1.0000000E-01   8.5000001E-02   8.9999998E-04   9.5918369E-01   3.7344159E+02
   1.0000000E-01   8.6999997E-02   8.9999998E-04   9.5918369E-01   3.6280386E+02
   1.0000000E-01   8.9000002E-02   8.9999998E-04   9.5918369E-01   3.5737350E+02
   1.0000000E-01   9.1000006E-02   8.9999998E-04   9.5918369E-01   3.5466028E+02
   1.0000000E-01   9.2999995E-02   8.9999998E-04   9.5918369E-01   3.5333838E+02
   1.0000000E-01   9.4999999E-02   8.9999998E-04   9.5918369E-01   3.5271298E+02
   1.0000000E-01   9.7000003E-02   8.9999998E-04   9.5918369E-01   3.5242795E+02
   1.0000000E-01   9.8999999E-02   8.9999998E-04   9.5918369E-01   3.5230524E+02
   1.0000000E-01   1.0100000E-01   8.9999998E-04   9.5918369E-01   3.5225772E+02
   1.0000000E-01   1.0300000E-01   8.9999998E-04   9.5918369E-01   3.5224371E+02
   1.0000000E-01   1.0500000E-01   8.9999998E-04   9.5918369E-01   3.5224368E+02
   1.0000000E-01   1.0700000E-01   8.9999998E-04   9.5918369E-01   3.5224863E+02
   1.0000000E-01   1.0900000E-01   8.9999998E-04   9.5918369E-01   3.5225470E+02
   1.0000000E-01   1.1100000E-01   8.9999998E-04   9.5918369E-01   3.5226031E+02
   1.0000000E-01   1.1300001E-01   8.9999998E-04   9.5918369E-01   3.5226495E+02
   1.0000000E-01   1.1499999E-01   8.9999998E-04   9.5918369E-01   3.5226855E+02
   1.0000000E-01   1.1700000E-01   8.9999998E-04   9.5918369E-01   3.5227124E+02
   1.0000000E-01   1.1900000E-01   8.9999998E-04   9.5918369E-01   3.5227310E+02
   1.0000000E-01   1.2100000E-01   8.9999998E-04   9.5918369E-01   3.5227432E+02
   1.0000000E-01   1.2633334E-01   8.9999998E-04   9.5918369E-01   3.5227606E+02
   1.0000000E-01   1.3733333E-01   8.9999998E-04   9.5918369E-01   3.5227161E+02
   1.0000000E-01   1.5200000E-01   8.9999998E-04   4.7959173E-01   3.5226031E+02
   1.0000000E-01   8.0000004E-03   2.8599999E-03   1.0000000E+00   3.5238123E+02
   1.0000000E-01   2.2666667E-02   2.8599999E-03   1.0000000E+00   3.5238437E+02
   1.0000000E-01   3.3666667E-02   2.8599999E-03   1.0000000E+00   3.5289462E+02
   1.0000000E-01   3.8999997E-02   2.8599999E-03   1.0000000E+00   3.5708670E+02
   1.0000000E-01   4.1000001E-02   2.8599999E-03   1.0000000E+00   3.6106000E+02
   1.0000000E-01   4.2999998E-02   2.8599999E-03   1.0000000E+00   3.6899643E+02
   1.0000000E-01   4.5000002E-02   2.8599999E-03   1.0000000E+00   3.8313779E+02
   1.0000000E-01   4.6999998E-02   2.8599999E-03   1.0000000E+00   4.0851038E+02
   1.0000000E-01   4.9000002E-02   2.8599999E-03   1.0000000E+00   4.5342392E+02
   1.0000000E-01   5.0999999E-02   2.8599999E-03   1.0000000E+00   5.3034491E+02
   1.0000000E-01   5.3000003E-02   2.8599999E-03   1.0000000E+00   6.5707257E+02
   1.0000000E-01   5.5000000E-02   2.8599999E-03   1.0000000E+00   8.5552368E+02
   1.0000000E-01   5.7000000E-02   2.8599999E-03   1.0000000E+00   1.1428757E+03
   1.0000000E-01   5.9000000E-02   2.8599999E-03   1.0000000E+00   1.5017728E+03
   1.0000000E-01   6.0999997E-02   2.8599999E-03   9.9949807E-01   1.7630728E+03
   1.0000000E-01   6.3000001E-02   2.8599999E-03   9.9960405E-01   1.8412908E+03
   1.0000000E-01   6.4999998E-02   2.8599999E-03   9.9961042E-01   1.8139049E+03
   1.0000000E-01   6.7000002E-02   2.8599999E-03   9.9929255E-01   1.7687849E+03
   1.0000000E-01   6.9000006E-02   2.8599999E-03   9.9000317E-01   1.5425292E+03
   1.0000000E-01   7.0999995E-02   2.8599999E-03   1.0000000E+00   1.2543605E+03
   1.0000000E-01   7.2999999E-02   2.8599999E-03   1.0000000E+00   9.6738525E+02
   1.0000000E-01   7.5000003E-02   2.8599999E-03   1.0000000E+00   7.3552551E+02
   1.0000000E-01   7.7000000E-02   2.8599999E-03   1.0000000E+00   5.7639874E+02
   1.0000000E-01   7.8999996E-02   2.8599999E-03   1.0000000E+00   4.7838501E+02
   1.0000000E-01   8.1000000E-02   2.8599999E-03   1.0000000E+00   4.2190369E+02
   1.0000000E-01   8.3000004E-02   2.8599999E-03   1.0000000E+00   3.9020001E+02
   1.0000000E-01   8.5000001E-02   2.8599999E-03   1.0000000E+00   3.7206793E+02
   1.0000000E-01   8.6999997E-02   2.8599999E-03   1.0000000E+00   3.6227786E+02
   1.0000000E-01   8.9000002E-02   2.8599999E-03   1.0000000E+00   3.5719427E+02
   1.0000000E-01   9.1000006E-02   2.8599999E-03   1.0000000E+00   3.5463437E+02
   1.0000000E-01   9.2999995E-02   2.8599999E-03   1.0000000E+00   3.5338235E+02
   1.0000000E-01   9.4999999E-02   2.8599999E-03   1.0000000E+00   3.5278888E+02
   1.0000000E-01   9.7000003E-02   2.8599999E-03   1.0000000E+00   3.5251837E+02
   1.0000000E-01   9.8999999E-02   2.8599999E-03   1.0000000E+00   3.5240219E+02
   1.0000000E-01   1.0100000E-01   2.8599999E-03   1.0000000E+00   3.5235757E+02
   1.0000000E-01   1.0300000E-01   2.8599999E-03   1.0000000E+00   3.5234485E+02
   1.0000000E-01   1.0500000E-01   2.8599999E-03   1.0000000E+00   3.5234537E+02
   1.0000000E-01   1.0700000E-01   2.8599999E-03   1.0000000E+00   3.5235062E+02
   1.0000000E-01   1.0900000E-01   2.8599999E-03   1.0000000E+00   3.5235681E+02
   1.0000000E-01   1.1100000E-01   2.8599999E-03   1.0000000E+00   3.5236252E+02
   1.0000000E-01   1.1300001E-01   2.8599999E-03   1.0000000E+00   3.5236722E+02
   1.0000000E-01   1.1499999E-01   2.8599999E-03   1.0000000E+00   3.5237088E+02
   1.0000000E-01   1.1700000E-01   2.8599999E-03   1.0000000E+00   3.5237360E+02
   1.0000000E-01   1.1900000E-01   2.8599999E-03   1.0000000E+00   3.5237552E+02
   1.0000000E-01   1.2100000E-01   2.8599999E-03   1.0000000E+00   3.5237677E+02
   1.0000000E-01   1.2633334E-01   2.8599999E-03   1.0000000E+00   3.5237860E+02
   1.0000000E-01   1.3733333E-01   2.8599999E-03   1.0000000E+00   3.5237399E+02
   1.0000000E-01   1.5200000E-01   2.8599999E-03   1.0000000E+00   3.5233807E+02
   1.0000000E-01   8.0000004E-03   4.8199999E-03   1.0000000E+00   3.5247421E+02
   1.0000000E-01   2.2666667E-02   4.8199999E-03   1.0000000E+00   3.5247617E+02
   1.0000000E-01   3.3666667E-02   4.8199999E-03   1.0000000E+00   3.5293365E+02
   1.0000000E-01   3.8999997E-02   4.8199999E-03   1.0000000E+00   3.5663000E+02
   1.0000000E-01   4.1000001E-02   4.8199999E-03   1.0000000E+00   3.6005893E+02
   1.0000000E-01   4.2999998E-02   4.8199999E-03   1.0000000E+00   3.6687247E+02
   1.0000000E-01   4.5000002E-02   4.8199999E-03   1.0000000E+00   3.7942337E+02
   1.0000000E-01   4.6999998E-02   4.8199999E-03   1.0000000E+00   4.0198911E+02
   1.0000000E-01   4.9000002E-02   4.8199999E-03   1.0000000E+00   4.4157538E+02
   1.0000000E-01   5.0999999E-02   4.8199999E-03   1.0000000E+00   5.0893887E+02
   1.0000000E-01   5.3000003E-02   4.8199999E-03   1.0000000E+00   6.1959070E+02
   1.0000000E-01   5.5000000E-02   4.8199999E-03   1.0000000E+00   7.9312146E+02
   1.0000000E-01   5.7000000E-02   4.8199999E-03   1.0000000E+00   1.0470609E+03
   1.0000000E-01   5.9000000E-02   4.8199999E-03   1.0000000E+00   1.3794478E+03
   1.0000000E-01   6.0999997E-02   4.8199999E-03   9.9855506E-01   1.7426028E+03
   1.0000000E-01   6.3000001E-02   4.8199999E-03   9.9884850E-01   1.7632567E+03
   1.0000000E-01   6.4999998E-02   4.8199999E-03   9.9960113E-01   1.7640197E+03
   1.0000000E-01   6.7000002E-02   4.8199999E-03   9.9932677E-01   1.7539796E+03
   1.0000000E-01   6.9000006E-02   4.8199999E-03   9.9951977E-01   1.7365436E+03
   1.0000000E-01   7.0999995E-02   4.8199999E-03   9.9710828E-01   1.4160266E+03
   1.0000000E-01   7.2999999E-02   4.8199999E-03   1.0000000E+00   1.0536361E+03
   1.0000000E-01   7.5000003E-02   4.8199999E-03   1.0000000E+00   7.6628394E+02
   1.0000000E-01   7.7000000E-02   4.8199999E-03   1.0000000E+00   5.8210333E+02
   1.0000000E-01   7.8999996E-02   4.8199999E-03   1.0000000E+00   4.7609656E+02
   1.0000000E-01   8.1000000E-02   4.8199999E-03   1.0000000E+00   4.1804251E+02
   1.0000000E-01   8.3000004E-02   4.8199999E-03   1.0000000E+00   3.8688467E+02
   1.0000000E-01   8.5000001E-02   4.8199999E-03   1.0000000E+00   3.7016992E+02
   1.0000000E-01   8.6999997E-02   4.8199999E-03   1.0000000E+00   3.6134390E+02
   1.0000000E-01   8.9000002E-02   4.8199999E-03   1.0000000E+00   3.5678531E+02
   1.0000000E-01   9.1000006E-02   4.8199999E-03   1.0000000E+00   3.5448941E+02
   1.0000000E-01   9.2999995E-02   4.8199999E-03   1.0000000E+00   3.5336478E+02
   1.0000000E-01   9.4999999E-02   4.8199999E-03   1.0000000E+00   3.5283115E+02
   1.0000000E-01   9.7000003E-02   4.8199999E-03   1.0000000E+00   3.5258817E+02
   1.0000000E-01   9.8999999E-02   4.8199999E-03   1.0000000E+00   3.5248441E+02
   1.0000000E-01   1.0100000E-01   4.8199999E-03   1.0000000E+00   3.5244534E+02
   1.0000000E-01   1.0300000E-01   4.8199999E-03   1.0000000E+00   3.5243506E+02
   1.0000000E-01   1.0500000E-01   4.8199999E-03   1.0000000E+00   3.5243665E+02
   1.0000000E-01   1.0700000E-01   4.8199999E-03   1.0000000E+00   3.5244235E+02
   1.0000000E-01   1.0900000E-01   4.8199999E-03   1.0000000E+00   3.5244882E+02
   1.0000000E-01   1.1100000E-01   4.8199999E-03   1.0000000E+00   3.5245468E+02
   1.0000000E-01   1.1300001E-01   4.8199999E-03   1.0000000E+00   3.5245950E+02
   1.0000000E-01   1.1499999E-01   4.8199999E-03   1.0000000E+00   3.5246329E+02
   1.0000000E-01   1.1700000E-01   4.8199999E-03   1.0000000E+00   3.5246609E+02
   1.0000000E-01   1.1900000E-01   4.8199999E-03   1.0000000E+00   3.5246808E+02
   1.0000000E-01   1.2100000E-01   4.8199999E-03   1.0000000E+00   3.5246942E+02
   1.0000000E-01   1.2633334E-01   4.8199999E-03   1.0000000E+00   3.5247144E+02
   1.0000000E-01   1.3733333E-01   4.8199999E-03   1.0000000E+00   3.5246704E+02
   1.0000000E-01   1.5200000E-01   4.8199999E-03   1.0000000E+00   3.5243689E+02
   1.0000000E-01   8.0000004E-03   6.7799999E-03   1.0000000E+00   3.5255505E+02
   1.0000000E-01   2.2666667E-02   6.7799999E-03   1.0000000E+00   3.5255554E+02
   1.0000000E-01   3.3666667E-02   6.7799999E-03   1.0000000E+00   3.5294684E+02
   1.0000000E-01   3.8999997E-02   6.7799999E-03   1.0000000E+00   3.5607614E+02
   1.0000000E-01   4.1000001E-02   6.7799999E-03   1.0000000E+00   3.5894461E+02
   1.0000000E-01   4.2999998E-02   6.7799999E-03   1.0000000E+00   3.6463141E+02
   1.0000000E-01   4.5000002E-02   6.7799999E-03   1.0000000E+00   3.7515060E+02
   1.0000000E-01   4.6999998E-02   6.7799999E-03   1.0000000E+00   3.9395807E+02
   1.0000000E-01   4.9000002E-02   6.7799999E-03   1.0000000E+00   4.2666043E+02
   1.0000000E-01   5.0999999E-02   6.7799999E-03   1.0000000E+00   4.8202942E+02
   1.0000000E-01   5.3000003E-02   6.7799999E-03   1.0000000E+00   5.7339459E+02
   1.0000000E-01   5.5000000E-02   6.7799999E-03   1.0000000E+00   7.2006354E+02
   1.0000000E-01   5.7000000E-02   6.7799999E-03   1.0000000E+00   9.4740735E+02
   1.0000000E-01   5.9000000E-02   6.7799999E-03   1.0000000E+00   1.2820719E+03
   1.0000000E-01   6.0999997E-02   6.7799999E-03   9.6011555E-01   1.7372474E+03
   1.0000000E-01   6.3000001E-02   6.7799999E-03   9.9830818E-01   1.7555521E+03
   1.0000000E-01   6.4999998E-02   6.7799999E-03   6.9634318E-01   1.7623552E+03
   1.0000000E-01   6.7000002E-02   6.7799999E-03   5.4449815E-01   1.7549009E+03
   1.0000000E-01   6.9000006E-02   6.7799999E-03   5.6553847E-01   1.7381023E+03
   1.0000000E-01   7.0999995E-02   6.7799999E-03   6.8876892E-01   1.6981392E+03
   1.0000000E-01   7.2999999E-02   6.7799999E-03   9.9003601E-01   1.1223116E+03
   1.0000000E-01   7.5000003E-02   6.7799999E-03   1.0000000E+00   7.5799078E+02
   1.0000000E-01   7.7000000E-02   6.7799999E-03   1.0000000E+00   5.6235944E+02
   1.0000000E-01   7.8999996E-02   6.7799999E-03   1.0000000E+00   4.6178244E+02
   1.0000000E-01   8.1000000E-02   6.7799999E-03   1.0000000E+00   4.0931918E+02
   1.0000000E-01   8.3000004E-02   6.7799999E-03   1.0000000E+00   3.8190076E+02
   1.0000000E-01   8.5000001E-02   6.7799999E-03   1.0000000E+00   3.6753513E+02
   1.0000000E-01   8.6999997E-02   6.7799999E-03   1.0000000E+00   3.6004404E+02
   1.0000000E-01   8.9000002E-02   6.7799999E-03   1.0000000E+00   3.5619028E+02
   1.0000000E-01   9.1000006E-02   6.7799999E-03   1.0000000E+00   3.5424847E+02
   1.0000000E-01   9.2999995E-02   6.7799999E-03   1.0000000E+00   3.5329553E+02
   1.0000000E-01   9.4999999E-02   6.7799999E-03   1.0000000E+00   3.5284293E+02
   1.0000000E-01   9.7000003E-02   6.7799999E-03   1.0000000E+00   3.5263733E+02
   1.0000000E-01   9.8999999E-02   6.7799999E-03   1.0000000E+00   3.5255048E+02
   1.0000000E-01   1.0100000E-01   6.7799999E-03   1.0000000E+00   3.5251895E+02
   1.0000000E-01   1.0300000E-01   6.7799999E-03   1.0000000E+00   3.5251196E+02
   1.0000000E-01   1.0500000E-01   6.7799999E-03   1.0000000E+00   3.5251501E+02
   1.0000000E-01   1.0700000E-01   6.7799999E-03   1.0000000E+00   3.5252142E+02
   1.0000000E-01   1.0900000E-01   6.7799999E-03   1.0000000E+00   3.5252823E+02
   1.0000000E-01   1.1100000E-01   6.7799999E-03   1.0000000E+00   3.5253433E+02
   1.0000000E-01   1.1300001E-01   6.7799999E-03   1.0000000E+00   3.5253934E+02
   1.0000000E-01   1.1499999E-01   6.7799999E-03   1.0000000E+00   3.5254324E+02
   1.0000000E-01   1.1700000E-01   6.7799999E-03   1.0000000E+00   3.5254620E+02
   1.0000000E-01   1.1900000E-01   6.7799999E-03   1.0000000E+00   3.5254834E+02
   1.0000000E-01   1.2100000E-01   6.7799999E-03   1.0000000E+00   3.5254977E+02
   1.0000000E-01   1.2633334E-01   6.7799999E-03   1.0000000E+00   3.5255209E+02
   1.0000000E-01   1.3733333E-01   6.7799999E-03   1.0000000E+00   3.5254816E+02
   1.0000000E-01   1.5200000E-01   6.7799999E-03   1.0000000E+00   3.5252292E+02
   1.0000000E-01   8.0000004E-03   8.7400004E-03   1.0000000E+00   3.5262399E+02
   1.0000000E-01   2.2666667E-02   8.7400004E-03   1.0000000E+00   3.5262283E+02
   1.0000000E-01   3.3666667E-02   8.7400004E-03   1.0000000E+00   3.5294189E+02
   1.0000000E-01   3.8999997E-02   8.7400004E-03   1.0000000E+00   3.5547919E+02
   1.0000000E-01   4.1000001E-02   8.7400004E-03   1.0000000E+00   3.5777606E+02
   1.0000000E-01   4.2999998E-02   8.7400004E-03   1.0000000E+00   3.6229831E+02
   1.0000000E-01   4.5000002E-02   8.7400004E-03   1.0000000E+00   3.7060565E+02
   1.0000000E-01   4.6999998E-02   8.7400004E-03   1.0000000E+00   3.8529797E+02
   1.0000000E-01   4.9000002E-02   8.7400004E-03   1.0000000E+00   4.1054959E+02
   1.0000000E-01   5.0999999E-02   8.7400004E-03   1.0000000E+00   4.5299371E+02
   1.0000000E-01   5.3000003E-02   8.7400004E-03   1.0000000E+00   5.2331049E+02
   1.0000000E-01   5.5000000E-02   8.7400004E-03   1.0000000E+00   6.3904163E+02
   1.0000000E-01   5.7000000E-02   8.7400004E-03   1.0000000E+00   8.2921490E+02
   1.0000000E-01   5.9000000E-02   8.7400004E-03   1.0000000E+00   1.1424767E+03
   1.0000000E-01   6.0999997E-02   8.7400004E-03   7.6305932E-01   1.7392777E+03
   1.0000000E-01   6.3000001E-02   8.7400004E-03   9.7451515E-02   1.7548165E+03
   1.0000000E-01   6.4999998E-02   8.7400004E-03   0.0000000E+00   2.9300000E+02
   1.0000000E-01   6.7000002E-02   8.7400004E-03   0.0000000E+00   2.9300000E+02
   1.0000000E-01   6.9000006E-02   8.7400004E-03   0.0000000E+00   2.9300000E+02
   1.0000000E-01   7.0999995E-02   8.7400004E-03   0.0000000E+00   2.9300000E+02
   1.0000000E-01   7.2999999E-02   8.7400004E-03   0.0000000E+00   2.9300000E+02
   1.0000000E-01   7.5000003E-02   8.7400004E-03   6.2265325E-01   6.0671509E+02
   1.0000000E-01   7.7000000E-02   8.7400004E-03   1.0000000E+00   4.9687384E+02
   1.0000000E-01   7.8999996E-02   8.7400004E-03   1.0000000E+00   4.3259543E+02
   1.0000000E-01   8.1000000E-02   8.7400004E-03   1.0000000E+00   3.9557571E+02
   1.0000000E-01   8.3000004E-02   8.7400004E-03   1.0000000E+00   3.7523123E+02
   1.0000000E-01   8.5000001E-02   8.7400004E-03   1.0000000E+00   3.6428885E+02
   1.0000000E-01   8.6999997E-02   8.7400004E-03   1.0000000E+00   3.5849365E+02
   1.0000000E-01   8.9000002E-02   8.7400004E-03   1.0000000E+00   3.5547977E+02
   1.0000000E-01   9.1000006E-02   8.7400004E-03   1.0000000E+00   3.5394852E+02
   1.0000000E-01   9.2999995E-02   8.7400004E-03   1.0000000E+00   3.5319257E+02
   1.0000000E-01   9.4999999E-02   8.7400004E-03   1.0000000E+00   3.5283261E+02
   1.0000000E-01   9.7000003E-02   8.7400004E-03   1.0000000E+00   3.5266977E+02
   1.0000000E-01   9.8999999E-02   8.7400004E-03   1.0000000E+00   3.5260223E+02
   1.0000000E-01   1.0100000E-01   8.7400004E-03   1.0000000E+00   3.5257928E+02
   1.0000000E-01   1.0300000E-01   8.7400004E-03   1.0000000E+00   3.5257611E+02
   1.0000000E-01   1.0500000E-01   8.7400004E-03   1.0000000E+00   3.5258084E+02
   1.0000000E-01   1.0700000E-01   8.7400004E-03   1.0000000E+00   3.5258801E+02
   1.0000000E-01   1.0900000E-01   8.7400004E-03   1.0000000E+00   3.5259528E+02
   1.0000000E-01   1.1100000E-01   8.7400004E-03   1.0000000E+00   3.5260165E+02
   1.0000000E-01   1.1300001E-01   8.7400004E-03   1.0000000E+00   3.5260687E+02
   1.0000000E-01   1.1499999E-01   8.7400004E-03   1.0000000E+00   3.5261102E+02
   1.0000000E-01   1.1700000E-01   8.7400004E-03   1.0000000E+00   3.5261414E+02
   1.0000000E-01   1.1900000E-01   8.7400004E-03   1.0000000E+00   3.5261646E+02
   1.0000000E-01   1.2100000E-01   8.7400004E-03   1.0000000E+00   3.5261807E+02
   1.0000000E-01   1.2633334E-01   8.7400004E-03   1.0000000E+00   3.5262076E+02
   1.0000000E-01   1.3733333E-01   8.7400004E-03   1.0000000E+00   3.5261749E+02
   1.0000000E-01   1.5200000E-01   8.7400004E-03   1.0000000E+00   3.5259637E+02
   1.0000000E-01   8.0000004E-03   1.0700000E-02   1.0000000E+00   3.5268127E+02
   1.0000000E-01   2.2666667E-02   1.0700000E-02   1.0000000E+00   3.5267850E+02
   1.0000000E-01   3.3666667E-02   1.0700000E-02   1.0000000E+00   3.5292566E+02
   1.0000000E-01   3.8999997E-02   1.0700000E-02   1.0000000E+00   3.5488937E+02
   1.0000000E-01   4.1000001E-02   1.0700000E-02   1.0000000E+00   3.5663858E+02
   1.0000000E-01   4.2999998E-02   1.0700000E-02   1.0000000E+00   3.6004385E+02
   1.0000000E-01   4.5000002E-02   1.0700000E-02   1.0000000E+00   3.6621902E+02
   1.0000000E-01   4.6999998E-02   1.0700000E-02   1.0000000E+00   3.7696667E+02
   1.0000000E-01   4.9000002E-02   1.0700000E-02   1.0000000E+00   3.9510931E+02
   1.0000000E-01   5.0999999E-02   1.0700000E-02   1.0000000E+00   4.2506946E+02
   1.0000000E-01   5.3000003E-02   1.0700000E-02   1.0000000E+00   4.7396454E+02
   1.0000000E-01   5.5000000E-02   1.0700000E-02   1.0000000E+00   5.5337018E+02
   1.0000000E-01   5.7000000E-02   1.0700000E-02   1.0000000E+00   6.8053693E+02
   1.0000000E-01   5.9000000E-02   1.0700000E-02   1.0000000E+00   8.7353558E+02
   1.0000000E-01   6.0999997E-02   1.0700000E-02   1.6658096E-01   1.7056024E+03
   1.0000000E-01   6.3000001E-02   1.0700000E-02   0.0000000E+00   2.9300000E+02
   1.0000000E-01   6.4999998E-02   1.0700000E-02   0.0000000E+00   2.9300000E+02
   1.0000000E-01   6.7000002E-02   1.0700000E-02   0.0000000E+00   2.9300000E+02
   1.0000000E-01   6.9000006E-02   1.0700000E-02   0.0000000E+00   2.9300000E+02
   1.0000000E-01   7.0999995E-02   1.0700000E-02   0.0000000E+00   2.9300000E+02
   1.0000000E-01   7.2999999E-02   1.0700000E-02   0.0000000E+00   2.9300000E+02
   1.0000000E-01   7.5000003E-02   1.0700000E-02   1.0000026E-02   5.1338397E+02
   1.0000000E-01   7.7000000E-02   1.0700000E-02   6.4000016E-01   4.3916495E+02
   1.0000000E-01   7.8999996E-02   1.0700000E-02   1.0000000E+00   4.0322983E+02
   1.0000000E-01   8.1000000E-02   1.0700000E-02   1.0000000E+00   3.8140662E+02
   1.0000000E-01   8.3000004E-02   1.0700000E-02   1.0000000E+00   3.6837943E+02
   1.0000000E-01   8.5000001E-02   1.0700000E-02   1.0000000E+00   3.6098053E+02
   1.0000000E-01   8.6999997E-02   1.0700000E-02   1.0000000E+00   3.5691769E+02
   1.0000000E-01   8.9000002E-02   1.0700000E-02   1.0000000E+00   3.5475253E+02
   1.0000000E-01   9.1000006E-02   1.0700000E-02   1.0000000E+00   3.5363406E+02
   1.0000000E-01   9.2999995E-02   1.0700000E-02   1.0000000E+00   3.5307608E+02
   1.0000000E-01   9.4999999E-02   1.0700000E-02   1.0000000E+00   3.5280939E+02
   1.0000000E-01   9.7000003E-02   1.0700000E-02   1.0000000E+00   3.5268964E+02
   1.0000000E-01   9.8999999E-02   1.0700000E-02   1.0000000E+00   3.5264163E+02
   1.0000000E-01   1.0100000E-01   1.0700000E-02   1.0000000E+00   3.5262738E+02
   1.0000000E-01   1.0300000E-01   1.0700000E-02   1.0000000E+00   3.5262802E+02
   1.0000000E-01   1.0500000E-01   1.0700000E-02   1.0000000E+00   3.5263446E+02
   1.0000000E-01   1.0700000E-01   1.0700000E-02   1.0000000E+00   3.5264249E+02
   1.0000000E-01   1.0900000E-01   1.0700000E-02   1.0000000E+00   3.5265021E+02
   1.0000000E-01   1.1100000E-01   1.0700000E-02   1.0000000E+00   3.5265692E+02
   1.0000000E-01   1.1300001E-01   1.0700000E-02   1.0000000E+00   3.5266245E+02
   1.0000000E-01   1.1499999E-01   1.0700000E-02   1.0000000E+00   3.5266681E+02
   1.0000000E-01   1.1700000E-01   1.0700000E-02   1.0000000E+00   3.5267020E+02
   1.0000000E-01   1.1900000E-01   1.0700000E-02   1.0000000E+00   3.5267273E+02
   1.0000000E-01   1.2100000E-01   1.0700000E-02   1.0000000E+00   3.5267453E+02
   1.0000000E-01   1.2633334E-01   1.0700000E-02   1.0000000E+00   3.5267770E+02
   1.0000000E-01   1.3733333E-01   1.0700000E-02   1.0000000E+00   3.5267520E+02
   1.0000000E-01   1.5200000E-01   1.0700000E-02   1.0000000E+00   3.5265759E+02
   1.0000000E-01   8.0000004E-03   1.2660000E-02   1.0000000E+00   3.5272720E+02
   1.0000000E-01   2.2666667E-02   1.2660000E-02   1.0000000E+00   3.5272299E+02
   1.0000000E-01   3.3666667E-02   1.2660000E-02   1.0000000E+00   3.5290375E+02
   1.0000000E-01   3.8999997E-02   1.2660000E-02   1.0000000E+00   3.5435159E+02
   1.0000000E-01   4.1000001E-02   1.2660000E-02   1.0000000E+00   3.5561618E+02
   1.0000000E-01   4.2999998E-02   1.2660000E-02   1.0000000E+00   3.5804214E+02
   1.0000000E-01   4.5000002E-02   1.2660000E-02   1.0000000E+00   3.6236728E+02
   1.0000000E-01   4.6999998E-02   1.2660000E-02   1.0000000E+00   3.6973782E+02
   1.0000000E-01   4.9000002E-02   1.2660000E-02   1.0000000E+00   3.8185739E+02
   1.0000000E-01   5.0999999E-02   1.2660000E-02   1.0000000E+00   4.0121616E+02
   1.0000000E-01   5.3000003E-02   1.2660000E-02   1.0000000E+00   4.3142291E+02
   1.0000000E-01   5.5000000E-02   1.2660000E-02   1.0000000E+00   4.7720993E+02
   1.0000000E-01   5.7000000E-02   1.2660000E-02   1.0000000E+00   5.4152637E+02
   1.0000000E-01   5.9000000E-02   1.2660000E-02   1.0000000E+00   6.1115198E+02
   1.0000000E-01   6.0999997E-02   1.2660000E-02   0.0000000E+00   2.9300000E+02
   1.0000000E-01   6.3000001E-02   1.2660000E-02   0.0000000E+00   2.9300000E+02
   1.0000000E-01   6.4999998E-02   1.2660000E-02   0.0000000E+00   2.9300000E+02
   1.0000000E-01   6.7000002E-02   1.2660000E-02   0.0000000E+00   2.9300000E+02
   1.0000000E-01   6.9000006E-02   1.2660000E-02   0.0000000E+00   2.9300000E+02
   1.0000000E-01   7.0999995E-02   1.2660000E-02   0.0000000E+00   2.9300000E+02
   1.0000000E-01   7.2999999E-02   1.2660000E-02   0.0000000E+00   2.9300000E+02
   1.0000000E-01   7.5000003E-02   1.2660000E-02   0.0000000E+00   2.9300000E+02
   1.0000000E-01   7.7000000E-02   1.2660000E-02   1.3061253E-02   4.0600775E+02
   1.0000000E-01   7.8999996E-02   1.2660000E-02   6.5693891E-01   3.8209045E+02
   1.0000000E-01   8.1000000E-02   1.2660000E-02   1.0000000E+00   3.7006866E+02
   1.0000000E-01   8.3000004E-02   1.2660000E-02   1.0000000E+00   3.6263992E+02
   1.0000000E-01   8.5000001E-02   1.2660000E-02   1.0000000E+00   3.5812659E+02
   1.0000000E-01   8.6999997E-02   1.2660000E-02   1.0000000E+00   3.5552954E+02
   1.0000000E-01   8.9000002E-02   1.2660000E-02   1.0000000E+00   3.5410007E+02
   1.0000000E-01   9.1000006E-02   1.2660000E-02   1.0000000E+00   3.5334534E+02
   1.0000000E-01   9.2999995E-02   1.2660000E-02   1.0000000E+00   3.5296396E+02
   1.0000000E-01   9.4999999E-02   1.2660000E-02   1.0000000E+00   3.5278128E+02
   1.0000000E-01   9.7000003E-02   1.2660000E-02   1.0000000E+00   3.5270062E+02
   1.0000000E-01   9.8999999E-02   1.2660000E-02   1.0000000E+00   3.5267044E+02
   1.0000000E-01   1.0100000E-01   1.2660000E-02   1.0000000E+00   3.5266412E+02
   1.0000000E-01   1.0300000E-01   1.2660000E-02   1.0000000E+00   3.5266827E+02
   1.0000000E-01   1.0500000E-01   1.2660000E-02   1.0000000E+00   3.5267630E+02
   1.0000000E-01   1.0700000E-01   1.2660000E-02   1.0000000E+00   3.5268512E+02
   1.0000000E-01   1.0900000E-01   1.2660000E-02   1.0000000E+00   3.5269333E+02
   1.0000000E-01   1.1100000E-01   1.2660000E-02   1.0000000E+00   3.5270041E+02
   1.0000000E-01   1.1300001E-01   1.2660000E-02   1.0000000E+00   3.5270627E+02
   1.0000000E-01   1.1499999E-01   1.2660000E-02   1.0000000E+00   3.5271097E+02
   1.0000000E-01   1.1700000E-01   1.2660000E-02   1.0000000E+00   3.5271460E+02
   1.0000000E-01   1.1900000E-01   1.2660000E-02   1.0000000E+00   3.5271741E+02
   1.0000000E-01   1.2100000E-01   1.2660000E-02   1.0000000E+00   3.5271942E+02
   1.0000000E-01   1.2633334E-01   1.2660000E-02   1.0000000E+00   3.5272318E+02
   1.0000000E-01   1.3733333E-01   1.2660000E-02   1.0000000E+00   3.5272153E+02
   1.0000000E-01   1.5200000E-01   1.2660000E-02   1.0000000E+00   3.5270685E+02
   1.0000000E-01   8.0000004E-03   1.4620000E-02   1.0000000E+00   3.5276199E+02
   1.0000000E-01   2.2666667E-02   1.4620000E-02   1.0000000E+00   3.5275662E+02
   1.0000000E-01   3.3666667E-02   1.4620000E-02   1.0000000E+00   3.5288010E+02
   1.0000000E-01   3.8999997E-02   1.4620000E-02   1.0000000E+00   3.5389615E+02
   1.0000000E-01   4.1000001E-02   1.4620000E-02   1.0000000E+00   3.5476437E+02
   1.0000000E-01   4.2999998E-02   1.4620000E-02   1.0000000E+00   3.5640231E+02
   1.0000000E-01   4.5000002E-02   1.4620000E-02   1.0000000E+00   3.5926596E+02
   1.0000000E-01   4.6999998E-02   1.4620000E-02   1.0000000E+00   3.6402786E+02
   1.0000000E-01   4.9000002E-02   1.4620000E-02   1.0000000E+00   3.7161307E+02
   1.0000000E-01   5.0999999E-02   1.4620000E-02   1.0000000E+00   3.8321936E+02
   1.0000000E-01   5.3000003E-02   1.4620000E-02   1.0000000E+00   4.0026544E+02
   1.0000000E-01   5.5000000E-02   1.4620000E-02   1.0000000E+00   4.2393451E+02
   1.0000000E-01   5.7000000E-02   1.4620000E-02   1.0000000E+00   4.5312476E+02
   1.0000000E-01   5.9000000E-02   1.4620000E-02   1.0000000E+00   4.7876242E+02
   1.0000000E-01   6.0999997E-02   1.4620000E-02   0.0000000E+00   2.9300000E+02
   1.0000000E-01   6.3000001E-02   1.4620000E-02   0.0000000E+00   2.9300000E+02
   1.0000000E-01   6.4999998E-02   1.4620000E-02   0.0000000E+00   2.9300000E+02
   1.0000000E-01   6.7000002E-02   1.4620000E-02   0.0000000E+00   2.9300000E+02
   1.0000000E-01   6.9000006E-02   1.4620000E-02   0.0000000E+00   2.9300000E+02
   1.0000000E-01   7.0999995E-02   1.4620000E-02   0.0000000E+00   2.9300000E+02
   1.0000000E-01   7.2999999E-02   1.4620000E-02   0.0000000E+00   2.9300000E+02
   1.0000000E-01   7.5000003E-02   1.4620000E-02   0.0000000E+00   2.9300000E+02
   1.0000000E-01   7.7000000E-02   1.4620000E-02   0.0000000E+00   2.9300000E+02
   1.0000000E-01   7.8999996E-02   1.4620000E-02   1.6530646E-02   3.7050430E+02
   1.0000000E-01   8.1000000E-02   1.4620000E-02   6.7346954E-01   3.6252466E+02
   1.0000000E-01   8.3000004E-02   1.4620000E-02   1.0000000E+00   3.5847302E+02
   1.0000000E-01   8.5000001E-02   1.4620000E-02   1.0000000E+00   3.5596362E+02
   1.0000000E-01   8.6999997E-02   1.4620000E-02   1.0000000E+00   3.5444324E+02
   1.0000000E-01   8.9000002E-02   1.4620000E-02   1.0000000E+00   3.5357596E+02
   1.0000000E-01   9.1000006E-02   1.4620000E-02   1.0000000E+00   3.5310727E+02
   1.0000000E-01   9.2999995E-02   1.4620000E-02   1.0000000E+00   3.5286774E+02
   1.0000000E-01   9.4999999E-02   1.4620000E-02   1.0000000E+00   3.5275363E+02
   1.0000000E-01   9.7000003E-02   1.4620000E-02   1.0000000E+00   3.5270526E+02
   1.0000000E-01   9.8999999E-02   1.4620000E-02   1.0000000E+00   3.5268988E+02
   1.0000000E-01   1.0100000E-01   1.4620000E-02   1.0000000E+00   3.5269022E+02
   1.0000000E-01   1.0300000E-01   1.4620000E-02   1.0000000E+00   3.5269733E+02
   1.0000000E-01   1.0500000E-01   1.4620000E-02   1.0000000E+00   3.5270673E+02
   1.0000000E-01   1.0700000E-01   1.4620000E-02   1.0000000E+00   3.5271625E+02
   1.0000000E-01   1.0900000E-01   1.4620000E-02   1.0000000E+00   3.5272495E+02
   1.0000000E-01   1.1100000E-01   1.4620000E-02   1.0000000E+00   3.5273245E+02
   1.0000000E-01   1.1300001E-01   1.4620000E-02   1.0000000E+00   3.5273868E+02
   1.0000000E-01   1.1499999E-01   1.4620000E-02   1.0000000E+00   3.5274371E+02
   1.0000000E-01   1.1700000E-01   1.4620000E-02   1.0000000E+00   3.5274771E+02
   1.0000000E-01   1.1900000E-01   1.4620000E-02   1.0000000E+00   3.5275079E+02
   1.0000000E-01   1.2100000E-01   1.4620000E-02   1.0000000E+00   3.5275308E+02
   1.0000000E-01   1.2633334E-01   1.4620000E-02   1.0000000E+00   3.5275748E+02
   1.0000000E-01   1.3733333E-01   1.4620000E-02   1.0000000E+00   3.5275668E+02
   1.0000000E-01   1.5200000E-01   1.4620000E-02   1.0000000E+00   3.5274442E+02
   1.0000000E-01   8.0000004E-03   1.6580001E-02   1.0000000E+00   3.5278595E+02
   1.0000000E-01   2.2666667E-02   1.6580001E-02   1.0000000E+00   3.5277969E+02
   1.0000000E-01   3.3666667E-02   1.6580001E-02   1.0000000E+00   3.5285669E+02
   1.0000000E-01   3.8999997E-02   1.6580001E-02   1.0000000E+00   3.5353458E+02
   1.0000000E-01   4.1000001E-02   1.6580001E-02   1.0000000E+00   3.5410129E+02
   1.0000000E-01   4.2999998E-02   1.6580001E-02   1.0000000E+00   3.5515189E+02
   1.0000000E-01   4.5000002E-02   1.6580001E-02   1.0000000E+00   3.5695148E+02
   1.0000000E-01   4.6999998E-02   1.6580001E-02   1.0000000E+00   3.5986829E+02
   1.0000000E-01   4.9000002E-02   1.6580001E-02   1.0000000E+00   3.6436230E+02
   1.0000000E-01   5.0999999E-02   1.6580001E-02   1.0000000E+00   3.7093558E+02
   1.0000000E-01   5.3000003E-02   1.6580001E-02   1.0000000E+00   3.8000235E+02
   1.0000000E-01   5.5000000E-02   1.6580001E-02   1.0000000E+00   3.9154184E+02
   1.0000000E-01   5.7000000E-02   1.6580001E-02   1.0000000E+00   4.0421152E+02
   1.0000000E-01   5.9000000E-02   1.6580001E-02   1.0000000E+00   4.1380746E+02
   1.0000000E-01   6.0999997E-02   1.6580001E-02   0.0000000E+00   2.9300000E+02
   1.0000000E-01   6.3000001E-02   1.6580001E-02   0.0000000E+00   2.9300000E+02
   1.0000000E-01   6.4999998E-02   1.6580001E-02   0.0000000E+00   2.9300000E+02
   1.0000000E-01   6.7000002E-02   1.6580001E-02   0.0000000E+00   2.9300000E+02
   1.0000000E-01   6.9000006E-02   1.6580001E-02   0.0000000E+00   2.9300000E+02
   1.0000000E-01   7.0999995E-02   1.6580001E-02   0.0000000E+00   2.9300000E+02
   1.0000000E-01   7.2999999E-02   1.6580001E-02   0.0000000E+00   2.9300000E+02
   1.0000000E-01   7.5000003E-02   1.6580001E-02   0.0000000E+00   2.9300000E+02
   1.0000000E-01   7.7000000E-02   1.6580001E-02   0.0000000E+00   2.9300000E+02
   1.0000000E-01   7.8999996E-02   1.6580001E-02   0.0000000E+00   2.9300000E+02
   1.0000000E-01   8.1000000E-02   1.6580001E-02   2.0408200E-02   3.5848474E+02
   1.0000000E-01   8.3000004E-02   1.6580001E-02   6.8959200E-01   3.5580969E+02
   1.0000000E-01   8.5000001E-02   1.6580001E-02   1.0000000E+00   3.5448178E+02
   1.0000000E-01   8.6999997E-02   1.6580001E-02   1.0000000E+00   3.5367114E+02
   1.0000000E-01   8.9000002E-02   1.6580001E-02   1.0000000E+00   3.5319144E+02
   1.0000000E-01   9.1000006E-02   1.6580001E-02   1.0000000E+00   3.5292682E+02
   1.0000000E-01   9.2999995E-02   1.6580001E-02   1.0000000E+00   3.5279123E+02
   1.0000000E-01   9.4999999E-02   1.6580001E-02   1.0000000E+00   3.5272839E+02
   1.0000000E-01   9.7000003E-02   1.6580001E-02   1.0000000E+00   3.5270456E+02
   1.0000000E-01   9.8999999E-02   1.6580001E-02   1.0000000E+00   3.5270056E+02
   1.0000000E-01   1.0100000E-01   1.6580001E-02   1.0000000E+00   3.5270602E+02
   1.0000000E-01   1.0300000E-01   1.6580001E-02   1.0000000E+00   3.5271545E+02
   1.0000000E-01   1.0500000E-01   1.6580001E-02   1.0000000E+00   3.5272595E+02
   1.0000000E-01   1.0700000E-01   1.6580001E-02   1.0000000E+00   3.5273615E+02
   1.0000000E-01   1.0900000E-01   1.6580001E-02   1.0000000E+00   3.5274533E+02
   1.0000000E-01   1.1100000E-01   1.6580001E-02   1.0000000E+00   3.5275327E+02
   1.0000000E-01   1.1300001E-01   1.6580001E-02   1.0000000E+00   3.5275992E+02
   1.0000000E-01   1.1499999E-01   1.6580001E-02   1.0000000E+00   3.5276535E+02
   1.0000000E-01   1.1700000E-01   1.6580001E-02   1.0000000E+00   3.5276971E+02
   1.0000000E-01   1.1900000E-01   1.6580001E-02   1.0000000E+00   3.5277313E+02
   1.0000000E-01   1.2100000E-01   1.6580001E-02   1.0000000E+00   3.5277573E+02
   1.0000000E-01   1.2633334E-01   1.6580001E-02   1.0000000E+00   3.5278082E+02
   1.0000000E-01   1.3733333E-01   1.6580001E-02   1.0000000E+00   3.5278094E+02
   1.0000000E-01   1.5200000E-01   1.6580001E-02   1.0000000E+00   3.5277057E+02
   1.0000000E-01   8.0000004E-03   1.8539999E-02   1.0000000E+00   3.5279919E+02
   1.0000000E-01   2.2666667E-02   1.8539999E-02   1.0000000E+00   3.5279239E+02
   1.0000000E-01   3.3666667E-02   1.8539999E-02   1.0000000E+00   3.5283377E+02
   1.0000000E-01   3.8999997E-02   1.8539999E-02   1.0000000E+00   3.5326218E+02
   1.0000000E-01   4.1000001E-02   1.8539999E-02   1.0000000E+00   3.5361374E+02
   1.0000000E-01   4.2999998E-02   1.8539999E-02   1.0000000E+00   3.5425494E+02
   1.0000000E-01   4.5000002E-02   1.8539999E-02   1.0000000E+00   3.5533179E+02
   1.0000000E-01   4.6999998E-02   1.8539999E-02   1.0000000E+00   3.5703436E+02
   1.0000000E-01   4.9000002E-02   1.8539999E-02   1.0000000E+00   3.5957562E+02
   1.0000000E-01   5.0999999E-02   1.8539999E-02   1.0000000E+00   3.6313953E+02
   1.0000000E-01   5.3000003E-02   1.8539999E-02   1.0000000E+00   3.6778296E+02
   1.0000000E-01   5.5000000E-02   1.8539999E-02   1.0000000E+00   3.7325671E+02
   1.0000000E-01   5.7000000E-02   1.8539999E-02   1.0000000E+00   3.7870615E+02
   1.0000000E-01   5.9000000E-02   1.8539999E-02   1.0000000E+00   3.8238382E+02
   1.0000000E-01   6.0999997E-02   1.8539999E-02   0.0000000E+00   2.9300000E+02
   1.0000000E-01   6.3000001E-02   1.8539999E-02   0.0000000E+00   2.9300000E+02
   1.0000000E-01   6.4999998E-02   1.8539999E-02   0.0000000E+00   2.9300000E+02
   1.0000000E-01   6.7000002E-02   1.8539999E-02   0.0000000E+00   2.9300000E+02
   1.0000000E-01   6.9000006E-02   1.8539999E-02   0.0000000E+00   2.9300000E+02
   1.0000000E-01   7.0999995E-02   1.8539999E-02   0.0000000E+00   2.9300000E+02
   1.0000000E-01   7.2999999E-02   1.8539999E-02   0.0000000E+00   2.9300000E+02
   1.0000000E-01   7.5000003E-02   1.8539999E-02   0.0000000E+00   2.9300000E+02
   1.0000000E-01   7.7000000E-02   1.8539999E-02   0.0000000E+00   2.9300000E+02
   1.0000000E-01   7.8999996E-02   1.8539999E-02   0.0000000E+00   2.9300000E+02
   1.0000000E-01   8.1000000E-02   1.8539999E-02   0.0000000E+00   2.9300000E+02
   1.0000000E-01   8.3000004E-02   1.8539999E-02   2.4693917E-02   3.5442310E+02
   1.0000000E-01   8.5000001E-02   1.8539999E-02   7.0530623E-01   3.5356085E+02
   1.0000000E-01   8.6999997E-02   1.8539999E-02   1.0000000E+00   3.5316290E+02
   1.0000000E-01   8.9000002E-02   1.8539999E-02   1.0000000E+00   3.5292807E+02
   1.0000000E-01   9.1000006E-02   1.8539999E-02   1.0000000E+00   3.5279730E+02
   1.0000000E-01   9.2999995E-02   1.8539999E-02   1.0000000E+00   3.5273199E+02
   1.0000000E-01   9.4999999E-02   1.8539999E-02   1.0000000E+00   3.5270474E+02
   1.0000000E-01   9.7000003E-02   1.8539999E-02   1.0000000E+00   3.5269827E+02
   1.0000000E-01   9.8999999E-02   1.8539999E-02   1.0000000E+00   3.5270242E+02
   1.0000000E-01   1.0100000E-01   1.8539999E-02   1.0000000E+00   3.5271164E+02
   1.0000000E-01   1.0300000E-01   1.8539999E-02   1.0000000E+00   3.5272281E+02
   1.0000000E-01   1.0500000E-01   1.8539999E-02   1.0000000E+00   3.5273422E+02
   1.0000000E-01   1.0700000E-01   1.8539999E-02   1.0000000E+00   3.5274500E+02
   1.0000000E-01   1.0900000E-01   1.8539999E-02   1.0000000E+00   3.5275467E+02
   1.0000000E-01   1.1100000E-01   1.8539999E-02   1.0000000E+00   3.5276306E+02
   1.0000000E-01   1.1300001E-01   1.8539999E-02   1.0000000E+00   3.5277017E+02
   1.0000000E-01   1.1499999E-01   1.8539999E-02   1.0000000E+00   3.5277606E+02
   1.0000000E-01   1.1700000E-01   1.8539999E-02   1.0000000E+00   3.5278082E+02
   1.0000000E-01   1.1900000E-01   1.8539999E-02   1.0000000E+00   3.5278464E+02
   1.0000000E-01   1.2100000E-01   1.8539999E-02   1.0000000E+00   3.5278757E+02
   1.0000000E-01   1.2633334E-01   1.8539999E-02   1.0000000E+00   3.5279343E+02
   1.0000000E-01   1.3733333E-01   1.8539999E-02   1.0000000E+00   3.5279440E+02
   1.0000000E-01   1.5200000E-01   1.8539999E-02   1.0000000E+00   3.5278552E+02
   1.0000000E-01   8.0000004E-03   2.0500001E-02   1.0000000E+00   3.5280191E+02
   1.0000000E-01   2.2666667E-02   2.0500001E-02   1.0000000E+00   3.5279474E+02
   1.0000000E-01   3.3666667E-02   2.0500001E-02   1.0000000E+00   3.5281024E+02
   1.0000000E-01   3.8999997E-02   2.0500001E-02   1.0000000E+00   3.5306400E+02
   1.0000000E-01   4.1000001E-02   2.0500001E-02   1.0000000E+00   3.5327039E+02
   1.0000000E-01   4.2999998E-02   2.0500001E-02   1.0000000E+00   3.5364224E+02
   1.0000000E-01   4.5000002E-02   2.0500001E-02   1.0000000E+00   3.5425604E+02
   1.0000000E-01   4.6999998E-02   2.0500001E-02   1.0000000E+00   3.5520505E+02
   1.0000000E-01   4.9000002E-02   2.0500001E-02   1.0000000E+00   3.5658176E+02
   1.0000000E-01   5.0999999E-02   2.0500001E-02   1.0000000E+00   3.5844284E+02
   1.0000000E-01   5.3000003E-02   2.0500001E-02   1.0000000E+00   3.6075336E+02
   1.0000000E-01   5.5000000E-02   2.0500001E-02   1.0000000E+00   3.6331049E+02
   1.0000000E-01   5.7000000E-02   2.0500001E-02   1.0000000E+00   3.6566190E+02
   1.0000000E-01   5.9000000E-02   2.0500001E-02   1.0000000E+00   3.6710016E+02
   1.0000000E-01   6.0999997E-02   2.0500001E-02   0.0000000E+00   2.9300000E+02
   1.0000000E-01   6.3000001E-02   2.0500001E-02   0.0000000E+00   2.9300000E+02
   1.0000000E-01   6.4999998E-02   2.0500001E-02   0.0000000E+00   2.9300000E+02
   1.0000000E-01   6.7000002E-02   2.0500001E-02   0.0000000E+00   2.9300000E+02
   1.0000000E-01   6.9000006E-02   2.0500001E-02   0.0000000E+00   2.9300000E+02
   1.0000000E-01   7.0999995E-02   2.0500001E-02   0.0000000E+00   2.9300000E+02
   1.0000000E-01   7.2999999E-02   2.0500001E-02   0.0000000E+00   2.9300000E+02
   1.0000000E-01   7.5000003E-02   2.0500001E-02   0.0000000E+00   2.9300000E+02
   1.0000000E-01   7.7000000E-02   2.0500001E-02   0.0000000E+00   2.9300000E+02
   1.0000000E-01   7.8999996E-02   2.0500001E-02   0.0000000E+00   2.9300000E+02
   1.0000000E-01   8.1000000E-02   2.0500001E-02   0.0000000E+00   2.9300000E+02
   1.0000000E-01   8.3000004E-02   2.0500001E-02   0.0000000E+00   2.9300000E+02
   1.0000000E-01   8.5000001E-02   2.0500001E-02   2.9387798E-02   3.5309830E+02
   1.0000000E-01   8.6999997E-02   2.0500001E-02   7.2061241E-01   3.5284641E+02
   1.0000000E-01   8.9000002E-02   2.0500001E-02   1.0000000E+00   3.5275439E+02
   1.0000000E-01   9.1000006E-02   2.0500001E-02   1.0000000E+00   3.5270514E+02
   1.0000000E-01   9.2999995E-02   2.0500001E-02   1.0000000E+00   3.5268417E+02
   1.0000000E-01   9.4999999E-02   2.0500001E-02   1.0000000E+00   3.5268008E+02
   1.0000000E-01   9.7000003E-02   2.0500001E-02   1.0000000E+00   3.5268518E+02
   1.0000000E-01   9.8999999E-02   2.0500001E-02   1.0000000E+00   3.5269501E+02
   1.0000000E-01   1.0100000E-01   2.0500001E-02   1.0000000E+00   3.5270691E+02
   1.0000000E-01   1.0300000E-01   2.0500001E-02   1.0000000E+00   3.5271939E+02
   1.0000000E-01   1.0500000E-01   2.0500001E-02   1.0000000E+00   3.5273157E+02
   1.0000000E-01   1.0700000E-01   2.0500001E-02   1.0000000E+00   3.5274292E+02
   1.0000000E-01   1.0900000E-01   2.0500001E-02   1.0000000E+00   3.5275311E+02
   1.0000000E-01   1.1100000E-01   2.0500001E-02   1.0000000E+00   3.5276202E+02
   1.0000000E-01   1.1300001E-01   2.0500001E-02   1.0000000E+00   3.5276962E+02
   1.0000000E-01   1.1499999E-01   2.0500001E-02   1.0000000E+00   3.5277600E+02
   1.0000000E-01   1.1700000E-01   2.0500001E-02   1.0000000E+00   3.5278122E+02
   1.0000000E-01   1.1900000E-01   2.0500001E-02   1.0000000E+00   3.5278540E+02
   1.0000000E-01   1.2100000E-01   2.0500001E-02   1.0000000E+00   3.5278870E+02
   1.0000000E-01   1.2633334E-01   2.0500001E-02   1.0000000E+00   3.5279538E+02
   1.0000000E-01   1.3733333E-01   2.0500001E-02   1.0000000E+00   3.5279721E+02
   1.0000000E-01   1.5200000E-01   2.0500001E-02   1.0000000E+00   3.5278940E+02
   1.0000000E-01   8.0000004E-03   2.2459999E-02   1.0000000E+00   3.5279404E+02
   1.0000000E-01   2.2666667E-02   2.2459999E-02   1.0000000E+00   3.5278677E+02
   1.0000000E-01   3.3666667E-02   2.2459999E-02   1.0000000E+00   3.5278427E+02
   1.0000000E-01   3.8999997E-02   2.2459999E-02   1.0000000E+00   3.5292126E+02
   1.0000000E-01   4.1000001E-02   2.2459999E-02   1.0000000E+00   3.5303430E+02
   1.0000000E-01   4.2999998E-02   2.2459999E-02   1.0000000E+00   3.5323746E+02
   1.0000000E-01   4.5000002E-02   2.2459999E-02   1.0000000E+00   3.5356888E+02
   1.0000000E-01   4.6999998E-02   2.2459999E-02   1.0000000E+00   3.5407214E+02
   1.0000000E-01   4.9000002E-02   2.2459999E-02   1.0000000E+00   3.5478482E+02
   1.0000000E-01   5.0999999E-02   2.2459999E-02   1.0000000E+00   3.5571872E+02
   1.0000000E-01   5.3000003E-02   2.2459999E-02   1.0000000E+00   3.5683255E+02
   1.0000000E-01   5.5000000E-02   2.2459999E-02   1.0000000E+00   3.5800284E+02
   1.0000000E-01   5.7000000E-02   2.2459999E-02   1.0000000E+00   3.5900833E+02
   1.0000000E-01   5.9000000E-02   2.2459999E-02   1.0000000E+00   3.5956049E+02
   1.0000000E-01   6.0999997E-02   2.2459999E-02   0.0000000E+00   2.9300000E+02
   1.0000000E-01   6.3000001E-02   2.2459999E-02   0.0000000E+00   2.9300000E+02
   1.0000000E-01   6.4999998E-02   2.2459999E-02   0.0000000E+00   2.9300000E+02
   1.0000000E-01   6.7000002E-02   2.2459999E-02   0.0000000E+00   2.9300000E+02
   1.0000000E-01   6.9000006E-02   2.2459999E-02   0.0000000E+00   2.9300000E+02
   1.0000000E-01   7.0999995E-02   2.2459999E-02   0.0000000E+00   2.9300000E+02
   1.0000000E-01   7.2999999E-02   2.2459999E-02   0.0000000E+00   2.9300000E+02
   1.0000000E-01   7.5000003E-02   2.2459999E-02   0.0000000E+00   2.9300000E+02
   1.0000000E-01   7.7000000E-02   2.2459999E-02   0.0000000E+00   2.9300000E+02
   1.0000000E-01   7.8999996E-02   2.2459999E-02   0.0000000E+00   2.9300000E+02
   1.0000000E-01   8.1000000E-02   2.2459999E-02   0.0000000E+00   2.9300000E+02
   1.0000000E-01   8.3000004E-02   2.2459999E-02   0.0000000E+00   2.9300000E+02
   1.0000000E-01   8.5000001E-02   2.2459999E-02   0.0000000E+00   2.9300000E+02
   1.0000000E-01   8.6999997E-02   2.2459999E-02   3.4489844E-02   3.5269144E+02
   1.0000000E-01   8.9000002E-02   2.2459999E-02   7.3551035E-01   3.5263419E+02
   1.0000000E-01   9.1000006E-02   2.2459999E-02   1.0000000E+00   3.5263553E+02
   1.0000000E-01   9.2999995E-02   2.2459999E-02   1.0000000E+00   3.5264096E+02
   1.0000000E-01   9.4999999E-02   2.2459999E-02   1.0000000E+00   3.5265125E+02
   1.0000000E-01   9.7000003E-02   2.2459999E-02   1.0000000E+00   3.5266394E+02
   1.0000000E-01   9.8999999E-02   2.2459999E-02   1.0000000E+00   3.5267761E+02
   1.0000000E-01   1.0100000E-01   2.2459999E-02   1.0000000E+00   3.5269153E+02
   1.0000000E-01   1.0300000E-01   2.2459999E-02   1.0000000E+00   3.5270511E+02
   1.0000000E-01   1.0500000E-01   2.2459999E-02   1.0000000E+00   3.5271802E+02
   1.0000000E-01   1.0700000E-01   2.2459999E-02   1.0000000E+00   3.5272995E+02
   1.0000000E-01   1.0900000E-01   2.2459999E-02   1.0000000E+00   3.5274069E+02
   1.0000000E-01   1.1100000E-01   2.2459999E-02   1.0000000E+00   3.5275015E+02
   1.0000000E-01   1.1300001E-01   2.2459999E-02   1.0000000E+00   3.5275830E+02
   1.0000000E-01   1.1499999E-01   2.2459999E-02   1.0000000E+00   3.5276520E+02
   1.0000000E-01   1.1700000E-01   2.2459999E-02   1.0000000E+00   3.5277090E+02
   1.0000000E-01   1.1900000E-01   2.2459999E-02   1.0000000E+00   3.5277551E+02
   1.0000000E-01   1.2100000E-01   2.2459999E-02   1.0000000E+00   3.5277921E+02
   1.0000000E-01   1.2633334E-01   2.2459999E-02   1.0000000E+00   3.5278674E+02
   1.0000000E-01   1.3733333E-01   2.2459999E-02   1.0000000E+00   3.5278934E+02
   1.0000000E-01   1.5200000E-01   2.2459999E-02   1.0000000E+00   3.5278223E+02
   1.0000000E-01   8.0000004E-03   2.4420001E-02   1.0000000E+00   3.5277554E+02
   1.0000000E-01   2.2666667E-02   2.4420001E-02   1.0000000E+00   3.5276831E+02
   1.0000000E-01   3.3666667E-02   2.4420001E-02   1.0000000E+00   3.5275388E+02
   1.0000000E-01   3.8999997E-02   2.4420001E-02   1.0000000E+00   3.5281586E+02
   1.0000000E-01   4.1000001E-02   2.4420001E-02   1.0000000E+00   3.5287125E+02
   1.0000000E-01   4.2999998E-02   2.4420001E-02   1.0000000E+00   3.5297299E+02
   1.0000000E-01   4.5000002E-02   2.4420001E-02   1.0000000E+00   3.5313922E+02
   1.0000000E-01   4.6999998E-02   2.4420001E-02   1.0000000E+00   3.5338916E+02
   1.0000000E-01   4.9000002E-02   2.4420001E-02   1.0000000E+00   3.5373666E+02
   1.0000000E-01   5.0999999E-02   2.4420001E-02   1.0000000E+00   3.5418039E+02
   1.0000000E-01   5.3000003E-02   2.4420001E-02   1.0000000E+00   3.5469122E+02
   1.0000000E-01   5.5000000E-02   2.4420001E-02   1.0000000E+00   3.5520236E+02
   1.0000000E-01   5.7000000E-02   2.4420001E-02   1.0000000E+00   3.5560971E+02
   1.0000000E-01   5.9000000E-02   2.4420001E-02   1.0000000E+00   3.5579315E+02
   1.0000000E-01   6.0999997E-02   2.4420001E-02   0.0000000E+00   2.9300000E+02
   1.0000000E-01   6.3000001E-02   2.4420001E-02   0.0000000E+00   2.9300000E+02
   1.0000000E-01   6.4999998E-02   2.4420001E-02   0.0000000E+00   2.9300000E+02
   1.0000000E-01   6.7000002E-02   2.4420001E-02   0.0000000E+00   2.9300000E+02
   1.0000000E-01   6.9000006E-02   2.4420001E-02   0.0000000E+00   2.9300000E+02
   1.0000000E-01   7.0999995E-02   2.4420001E-02   0.0000000E+00   2.9300000E+02
   1.0000000E-01   7.2999999E-02   2.4420001E-02   0.0000000E+00   2.9300000E+02
   1.0000000E-01   7.5000003E-02   2.4420001E-02   0.0000000E+00   2.9300000E+02
   1.0000000E-01   7.7000000E-02   2.4420001E-02   0.0000000E+00   2.9300000E+02
   1.0000000E-01   7.8999996E-02   2.4420001E-02   0.0000000E+00   2.9300000E+02
   1.0000000E-01   8.1000000E-02   2.4420001E-02   0.0000000E+00   2.9300000E+02
   1.0000000E-01   8.3000004E-02   2.4420001E-02   0.0000000E+00   2.9300000E+02
   1.0000000E-01   8.5000001E-02   2.4420001E-02   0.0000000E+00   2.9300000E+02
   1.0000000E-01   8.6999997E-02   2.4420001E-02   0.0000000E+00   2.9300000E+02
   1.0000000E-01   8.9000002E-02   2.4420001E-02   4.0000051E-02   3.5257239E+02
   1.0000000E-01   9.1000006E-02   2.4420001E-02   7.5000012E-01   3.5257065E+02
   1.0000000E-01   9.2999995E-02   2.4420001E-02   1.0000000E+00   3.5259653E+02
   1.0000000E-01   9.4999999E-02   2.4420001E-02   1.0000000E+00   3.5261557E+02
   1.0000000E-01   9.7000003E-02   2.4420001E-02   1.0000000E+00   3.5263327E+02
   1.0000000E-01   9.8999999E-02   2.4420001E-02   1.0000000E+00   3.5264981E+02
   1.0000000E-01   1.0100000E-01   2.4420001E-02   1.0000000E+00   3.5266531E+02
   1.0000000E-01   1.0300000E-01   2.4420001E-02   1.0000000E+00   3.5267990E+02
   1.0000000E-01   1.0500000E-01   2.4420001E-02   1.0000000E+00   3.5269351E+02
   1.0000000E-01   1.0700000E-01   2.4420001E-02   1.0000000E+00   3.5270602E+02
   1.0000000E-01   1.0900000E-01   2.4420001E-02   1.0000000E+00   3.5271738E+02
   1.0000000E-01   1.1100000E-01   2.4420001E-02   1.0000000E+00   3.5272745E+02
   1.0000000E-01   1.1300001E-01   2.4420001E-02   1.0000000E+00   3.5273621E+02
   1.0000000E-01   1.1499999E-01   2.4420001E-02   1.0000000E+00   3.5274365E+02
   1.0000000E-01   1.1700000E-01   2.4420001E-02   1.0000000E+00   3.5274985E+02
   1.0000000E-01   1.1900000E-01   2.4420001E-02   1.0000000E+00   3.5275494E+02
   1.0000000E-01   1.2100000E-01   2.4420001E-02   1.0000000E+00   3.5275900E+02
   1.0000000E-01   1.2633334E-01   2.4420001E-02   1.0000000E+00   3.5276746E+02
   1.0000000E-01   1.3733333E-01   2.4420001E-02   1.0000000E+00   3.5277075E+02
   1.0000000E-01   1.5200000E-01   2.4420001E-02   1.0000000E+00   3.5276398E+02
   1.0000000E-01   8.0000004E-03   2.6379999E-02   1.0000000E+00   3.5274631E+02
   1.0000000E-01   2.2666667E-02   2.6379999E-02   1.0000000E+00   3.5273914E+02
   1.0000000E-01   3.3666667E-02   2.6379999E-02   1.0000000E+00   3.5271716E+02
   1.0000000E-01   3.8999997E-02   2.6379999E-02   1.0000000E+00   3.5273254E+02
   1.0000000E-01   4.1000001E-02   2.6379999E-02   1.0000000E+00   3.5275354E+02
   1.0000000E-01   4.2999998E-02   2.6379999E-02   1.0000000E+00   3.5279645E+02
   1.0000000E-01   4.5000002E-02   2.6379999E-02   1.0000000E+00   3.5286932E+02
   1.0000000E-01   4.6999998E-02   2.6379999E-02   1.0000000E+00   3.5297998E+02
   1.0000000E-01   4.9000002E-02   2.6379999E-02   1.0000000E+00   3.5313269E+02
   1.0000000E-01   5.0999999E-02   2.6379999E-02   1.0000000E+00   3.5332346E+02
   1.0000000E-01   5.3000003E-02   2.6379999E-02   1.0000000E+00   3.5353482E+02
   1.0000000E-01   5.5000000E-02   2.6379999E-02   1.0000000E+00   3.5373270E+02
   1.0000000E-01   5.7000000E-02   2.6379999E-02   1.0000000E+00   3.5386893E+02
   1.0000000E-01   5.9000000E-02   2.6379999E-02   1.0000000E+00   3.5389255E+02
   1.0000000E-01   6.0999997E-02   2.6379999E-02   0.0000000E+00   2.9300000E+02
   1.0000000E-01   6.3000001E-02   2.6379999E-02   0.0000000E+00   2.9300000E+02
   1.0000000E-01   6.4999998E-02   2.6379999E-02   0.0000000E+00   2.9300000E+02
   1.0000000E-01   6.7000002E-02   2.6379999E-02   0.0000000E+00   2.9300000E+02
   1.0000000E-01   6.9000006E-02   2.6379999E-02   0.0000000E+00   2.9300000E+02
   1.0000000E-01   7.0999995E-02   2.6379999E-02   0.0000000E+00   2.9300000E+02
   1.0000000E-01   7.2999999E-02   2.6379999E-02   0.0000000E+00   2.9300000E+02
   1.0000000E-01   7.5000003E-02   2.6379999E-02   0.0000000E+00   2.9300000E+02
   1.0000000E-01   7.7000000E-02   2.6379999E-02   0.0000000E+00   2.9300000E+02
   1.0000000E-01   7.8999996E-02   2.6379999E-02   0.0000000E+00   2.9300000E+02
   1.0000000E-01   8.1000000E-02   2.6379999E-02   0.0000000E+00   2.9300000E+02
   1.0000000E-01   8.3000004E-02   2.6379999E-02   0.0000000E+00   2.9300000E+02
   1.0000000E-01   8.5000001E-02   2.6379999E-02   0.0000000E+00   2.9300000E+02
   1.0000000E-01   8.6999997E-02   2.6379999E-02   0.0000000E+00   2.9300000E+02
   1.0000000E-01   8.9000002E-02   2.6379999E-02   0.0000000E+00   2.9300000E+02
   1.0000000E-01   9.1000006E-02   2.6379999E-02   4.5918424E-02   3.5253101E+02
   1.0000000E-01   9.2999995E-02   2.6379999E-02   7.6408178E-01   3.5254117E+02
   1.0000000E-01   9.4999999E-02   2.6379999E-02   1.0000000E+00   3.5257141E+02
   1.0000000E-01   9.7000003E-02   2.6379999E-02   1.0000000E+00   3.5259259E+02
   1.0000000E-01   9.8999999E-02   2.6379999E-02   1.0000000E+00   3.5261133E+02
   1.0000000E-01   1.0100000E-01   2.6379999E-02   1.0000000E+00   3.5262823E+02
   1.0000000E-01   1.0300000E-01   2.6379999E-02   1.0000000E+00   3.5264371E+02
   1.0000000E-01   1.0500000E-01   2.6379999E-02   1.0000000E+00   3.5265796E+02
   1.0000000E-01   1.0700000E-01   2.6379999E-02   1.0000000E+00   3.5267111E+02
   1.0000000E-01   1.0900000E-01   2.6379999E-02   1.0000000E+00   3.5268311E+02
   1.0000000E-01   1.1100000E-01   2.6379999E-02   1.0000000E+00   3.5269382E+02
   1.0000000E-01   1.1300001E-01   2.6379999E-02   1.0000000E+00   3.5270322E+02
   1.0000000E-01   1.1499999E-01   2.6379999E-02   1.0000000E+00   3.5271124E+02
   1.0000000E-01   1.1700000E-01   2.6379999E-02   1.0000000E+00   3.5271802E+02
   1.0000000E-01   1.1900000E-01   2.6379999E-02   1.0000000E+00   3.5272357E+02
   1.0000000E-01   1.2100000E-01   2.6379999E-02   1.0000000E+00   3.5272803E+02
   1.0000000E-01   1.2633334E-01   2.6379999E-02   1.0000000E+00   3.5273737E+02
   1.0000000E-01   1.3733333E-01   2.6379999E-02   1.0000000E+00   3.5274130E+02
   1.0000000E-01   1.5200000E-01   2.6379999E-02   1.0000000E+00   3.5273450E+02
   1.0000000E-01   8.0000004E-03   2.8340001E-02   1.0000000E+00   3.5270605E+02
   1.0000000E-01   2.2666667E-02   2.8340001E-02   1.0000000E+00   3.5269904E+02
   1.0000000E-01   3.3666667E-02   2.8340001E-02   1.0000000E+00   3.5267249E+02
   1.0000000E-01   3.8999997E-02   2.8340001E-02   1.0000000E+00   3.5265985E+02
   1.0000000E-01   4.1000001E-02   2.8340001E-02   1.0000000E+00   3.5266092E+02
   1.0000000E-01   4.2999998E-02   2.8340001E-02   1.0000000E+00   3.5267065E+02
   1.0000000E-01   4.5000002E-02   2.8340001E-02   1.0000000E+00   3.5269223E+02
   1.0000000E-01   4.6999998E-02   2.8340001E-02   1.0000000E+00   3.5272839E+02
   1.0000000E-01   4.9000002E-02   2.8340001E-02   1.0000000E+00   3.5277975E+02
   1.0000000E-01   5.0999999E-02   2.8340001E-02   1.0000000E+00   3.5284271E+02
   1.0000000E-01   5.3000003E-02   2.8340001E-02   1.0000000E+00   3.5290741E+02
   1.0000000E-01   5.5000000E-02   2.8340001E-02   1.0000000E+00   3.5295691E+02
   1.0000000E-01   5.7000000E-02   2.8340001E-02   1.0000000E+00   3.5296893E+02
   1.0000000E-01   5.9000000E-02   2.8340001E-02   1.0000000E+00   3.5292148E+02
   1.0000000E-01   6.0999997E-02   2.8340001E-02   0.0000000E+00   2.9300000E+02
   1.0000000E-01   6.3000001E-02   2.8340001E-02   0.0000000E+00   2.9300000E+02
   1.0000000E-01   6.4999998E-02   2.8340001E-02   0.0000000E+00   2.9300000E+02
   1.0000000E-01   6.7000002E-02   2.8340001E-02   0.0000000E+00   2.9300000E+02
   1.0000000E-01   6.9000006E-02   2.8340001E-02   0.0000000E+00   2.9300000E+02
   1.0000000E-01   7.0999995E-02   2.8340001E-02   0.0000000E+00   2.9300000E+02
   1.0000000E-01   7.2999999E-02   2.8340001E-02   0.0000000E+00   2.9300000E+02
   1.0000000E-01   7.5000003E-02   2.8340001E-02   0.0000000E+00   2.9300000E+02
   1.0000000E-01   7.7000000E-02   2.8340001E-02   0.0000000E+00   2.9300000E+02
   1.0000000E-01   7.8999996E-02   2.8340001E-02   0.0000000E+00   2.9300000E+02
   1.0000000E-01   8.1000000E-02   2.8340001E-02   0.0000000E+00   2.9300000E+02
   1.0000000E-01   8.3000004E-02   2.8340001E-02   0.0000000E+00   2.9300000E+02
   1.0000000E-01   8.5000001E-02   2.8340001E-02   0.0000000E+00   2.9300000E+02
   1.0000000E-01   8.6999997E-02   2.8340001E-02   0.0000000E+00   2.9300000E+02
   1.0000000E-01   8.9000002E-02   2.8340001E-02   0.0000000E+00   2.9300000E+02
   1.0000000E-01   9.1000006E-02   2.8340001E-02   0.0000000E+00   2.9300000E+02
   1.0000000E-01   9.2999995E-02   2.8340001E-02   5.2244958E-02   3.5250226E+02
   1.0000000E-01   9.4999999E-02   2.8340001E-02   7.7775520E-01   3.5251239E+02
   1.0000000E-01   9.7000003E-02   2.8340001E-02   1.0000000E+00   3.5254193E+02
   1.0000000E-01   9.8999999E-02   2.8340001E-02   1.0000000E+00   3.5256241E+02
   1.0000000E-01   1.0100000E-01   2.8340001E-02   1.0000000E+00   3.5258038E+02
   1.0000000E-01   1.0300000E-01   2.8340001E-02   1.0000000E+00   3.5259653E+02
   1.0000000E-01   1.0500000E-01   2.8340001E-02   1.0000000E+00   3.5261130E+02
   1.0000000E-01   1.0700000E-01   2.8340001E-02   1.0000000E+00   3.5262500E+02
   1.0000000E-01   1.0900000E-01   2.8340001E-02   1.0000000E+00   3.5263766E+02
   1.0000000E-01   1.1100000E-01   2.8340001E-02   1.0000000E+00   3.5264908E+02
   1.0000000E-01   1.1300001E-01   2.8340001E-02   1.0000000E+00   3.5265918E+02
   1.0000000E-01   1.1499999E-01   2.8340001E-02   1.0000000E+00   3.5266788E+02
   1.0000000E-01   1.1700000E-01   2.8340001E-02   1.0000000E+00   3.5267520E+02
   1.0000000E-01   1.1900000E-01   2.8340001E-02   1.0000000E+00   3.5268121E+02
   1.0000000E-01   1.2100000E-01   2.8340001E-02   1.0000000E+00   3.5268610E+02
   1.0000000E-01   1.2633334E-01   2.8340001E-02   1.0000000E+00   3.5269629E+02
   1.0000000E-01   1.3733333E-01   2.8340001E-02   1.0000000E+00   3.5270081E+02
   1.0000000E-01   1.5200000E-01   2.8340001E-02   1.0000000E+00   3.5269363E+02
   1.0000000E-01   8.0000004E-03   3.0299999E-02   1.0000000E+00   3.5265454E+02
   1.0000000E-01   2.2666667E-02   3.0299999E-02   1.0000000E+00   3.5264771E+02
   1.0000000E-01   3.3666667E-02   3.0299999E-02   1.0000000E+00   3.5261853E+02
   1.0000000E-01   3.8999997E-02   3.0299999E-02   1.0000000E+00   3.5258951E+02
   1.0000000E-01   4.1000001E-02   3.0299999E-02   1.0000000E+00   3.5257935E+02
   1.0000000E-01   4.2999998E-02   3.0299999E-02   1.0000000E+00   3.5257080E+02
   1.0000000E-01   4.5000002E-02   3.0299999E-02   1.0000000E+00   3.5256491E+02
   1.0000000E-01   4.6999998E-02   3.0299999E-02   1.0000000E+00   3.5256213E+02
   1.0000000E-01   4.9000002E-02   3.0299999E-02   1.0000000E+00   3.5256189E+02
   1.0000000E-01   5.0999999E-02   3.0299999E-02   1.0000000E+00   3.5256149E+02
   1.0000000E-01   5.3000003E-02   3.0299999E-02   1.0000000E+00   3.5255539E+02
   1.0000000E-01   5.5000000E-02   3.0299999E-02   1.0000000E+00   3.5253510E+02
   1.0000000E-01   5.7000000E-02   3.0299999E-02   1.0000000E+00   3.5249017E+02
   1.0000000E-01   5.9000000E-02   3.0299999E-02   1.0000000E+00   3.5241083E+02
   1.0000000E-01   6.0999997E-02   3.0299999E-02   0.0000000E+00   2.9300000E+02
   1.0000000E-01   6.3000001E-02   3.0299999E-02   0.0000000E+00   2.9300000E+02
   1.0000000E-01   6.4999998E-02   3.0299999E-02   0.0000000E+00   2.9300000E+02
   1.0000000E-01   6.7000002E-02   3.0299999E-02   0.0000000E+00   2.9300000E+02
   1.0000000E-01   6.9000006E-02   3.0299999E-02   0.0000000E+00   2.9300000E+02
   1.0000000E-01   7.0999995E-02   3.0299999E-02   0.0000000E+00   2.9300000E+02
   1.0000000E-01   7.2999999E-02   3.0299999E-02   0.0000000E+00   2.9300000E+02
   1.0000000E-01   7.5000003E-02   3.0299999E-02   0.0000000E+00   2.9300000E+02
   1.0000000E-01   7.7000000E-02   3.0299999E-02   0.0000000E+00   2.9300000E+02
   1.0000000E-01   7.8999996E-02   3.0299999E-02   0.0000000E+00   2.9300000E+02
   1.0000000E-01   8.1000000E-02   3.0299999E-02   0.0000000E+00   2.9300000E+02
   1.0000000E-01   8.3000004E-02   3.0299999E-02   0.0000000E+00   2.9300000E+02
   1.0000000E-01   8.5000001E-02   3.0299999E-02   0.0000000E+00   2.9300000E+02
   1.0000000E-01   8.6999997E-02   3.0299999E-02   0.0000000E+00   2.9300000E+02
   1.0000000E-01   8.9000002E-02   3.0299999E-02   0.0000000E+00   2.9300000E+02
   1.0000000E-01   9.1000006E-02   3.0299999E-02   0.0000000E+00   2.9300000E+02
   1.0000000E-01   9.2999995E-02   3.0299999E-02   0.0000000E+00   2.9300000E+02
   1.0000000E-01   9.4999999E-02   3.0299999E-02   5.8979653E-02   3.5246881E+02
   1.0000000E-01   9.7000003E-02   3.0299999E-02   7.9102051E-01   3.5247607E+02
   1.0000000E-01   9.8999999E-02   3.0299999E-02   1.0000000E+00   3.5250351E+02
   1.0000000E-01   1.0100000E-01   3.0299999E-02   1.0000000E+00   3.5252206E+02
   1.0000000E-01   1.0300000E-01   3.0299999E-02   1.0000000E+00   3.5253830E+02
   1.0000000E-01   1.0500000E-01   3.0299999E-02   1.0000000E+00   3.5255319E+02
   1.0000000E-01   1.0700000E-01   3.0299999E-02   1.0000000E+00   3.5256738E+02
   1.0000000E-01   1.0900000E-01   3.0299999E-02   1.0000000E+00   3.5258078E+02
   1.0000000E-01   1.1100000E-01   3.0299999E-02   1.0000000E+00   3.5259305E+02
   1.0000000E-01   1.1300001E-01   3.0299999E-02   1.0000000E+00   3.5260391E+02
   1.0000000E-01   1.1499999E-01   3.0299999E-02   1.0000000E+00   3.5261331E+02
   1.0000000E-01   1.1700000E-01   3.0299999E-02   1.0000000E+00   3.5262122E+02
   1.0000000E-01   1.1900000E-01   3.0299999E-02   1.0000000E+00   3.5262772E+02
   1.0000000E-01   1.2100000E-01   3.0299999E-02   1.0000000E+00   3.5263300E+02
   1.0000000E-01   1.2633334E-01   3.0299999E-02   1.0000000E+00   3.5264401E+02
   1.0000000E-01   1.3733333E-01   3.0299999E-02   1.0000000E+00   3.5264902E+02
   1.0000000E-01   1.5200000E-01   3.0299999E-02   1.0000000E+00   3.5264108E+02
   1.0000000E-01   8.0000004E-03   3.2260001E-02   1.0000000E+00   3.5259149E+02
   1.0000000E-01   2.2666667E-02   3.2260001E-02   1.0000000E+00   3.5258481E+02
   1.0000000E-01   3.3666667E-02   3.2260001E-02   1.0000000E+00   3.5255423E+02
   1.0000000E-01   3.8999997E-02   3.2260001E-02   1.0000000E+00   3.5251593E+02
   1.0000000E-01   4.1000001E-02   3.2260001E-02   1.0000000E+00   3.5249960E+02
   1.0000000E-01   4.2999998E-02   3.2260001E-02   1.0000000E+00   3.5248126E+02
   1.0000000E-01   4.5000002E-02   3.2260001E-02   1.0000000E+00   3.5246094E+02
   1.0000000E-01   4.6999998E-02   3.2260001E-02   1.0000000E+00   3.5243826E+02
   1.0000000E-01   4.9000002E-02   3.2260001E-02   1.0000000E+00   3.5241232E+02
   1.0000000E-01   5.0999999E-02   3.2260001E-02   1.0000000E+00   3.5238110E+02
   1.0000000E-01   5.3000003E-02   3.2260001E-02   1.0000000E+00   3.5234143E+02
   1.0000000E-01   5.5000000E-02   3.2260001E-02   1.0000000E+00   3.5228885E+02
   1.0000000E-01   5.7000000E-02   3.2260001E-02   1.0000000E+00   3.5221814E+02
   1.0000000E-01   5.9000000E-02   3.2260001E-02   1.0000000E+00   3.5212454E+02
   1.0000000E-01   6.0999997E-02   3.2260001E-02   0.0000000E+00   2.9300000E+02
   1.0000000E-01   6.3000001E-02   3.2260001E-02   0.0000000E+00   2.9300000E+02
   1.0000000E-01   6.4999998E-02   3.2260001E-02   0.0000000E+00   2.9300000E+02
   1.0000000E-01   6.7000002E-02   3.2260001E-02   0.0000000E+00   2.9300000E+02
   1.0000000E-01   6.9000006E-02   3.2260001E-02   0.0000000E+00   2.9300000E+02
   1.0000000E-01   7.0999995E-02   3.2260001E-02   0.0000000E+00   2.9300000E+02
   1.0000000E-01   7.2999999E-02   3.2260001E-02   0.0000000E+00   2.9300000E+02
   1.0000000E-01   7.5000003E-02   3.2260001E-02   0.0000000E+00   2.9300000E+02
   1.0000000E-01   7.7000000E-02   3.2260001E-02   0.0000000E+00   2.9300000E+02
   1.0000000E-01   7.8999996E-02   3.2260001E-02   0.0000000E+00   2.9300000E+02
   1.0000000E-01   8.1000000E-02   3.2260001E-02   0.0000000E+00   2.9300000E+02
   1.0000000E-01   8.3000004E-02   3.2260001E-02   0.0000000E+00   2.9300000E+02
   1.0000000E-01   8.5000001E-02   3.2260001E-02   0.0000000E+00   2.9300000E+02
   1.0000000E-01   8.6999997E-02   3.2260001E-02   0.0000000E+00   2.9300000E+02
   1.0000000E-01   8.9000002E-02   3.2260001E-02   0.0000000E+00   2.9300000E+02
   1.0000000E-01   9.1000006E-02   3.2260001E-02   0.0000000E+00   2.9300000E+02
   1.0000000E-01   9.2999995E-02   3.2260001E-02   0.0000000E+00   2.9300000E+02
   1.0000000E-01   9.4999999E-02   3.2260001E-02   0.0000000E+00   2.9300000E+02
   1.0000000E-01   9.7000003E-02   3.2260001E-02   6.6122517E-02   3.5242645E+02
   1.0000000E-01   9.8999999E-02   3.2260001E-02   8.0387765E-01   3.5242963E+02
   1.0000000E-01   1.0100000E-01   3.2260001E-02   1.0000000E+00   3.5245355E+02
   1.0000000E-01   1.0300000E-01   3.2260001E-02   1.0000000E+00   3.5246893E+02
   1.0000000E-01   1.0500000E-01   3.2260001E-02   1.0000000E+00   3.5248309E+02
   1.0000000E-01   1.0700000E-01   3.2260001E-02   1.0000000E+00   3.5249771E+02
   1.0000000E-01   1.0900000E-01   3.2260001E-02   1.0000000E+00   3.5251212E+02
   1.0000000E-01   1.1100000E-01   3.2260001E-02   1.0000000E+00   3.5252542E+02
   1.0000000E-01   1.1300001E-01   3.2260001E-02   1.0000000E+00   3.5253723E+02
   1.0000000E-01   1.1499999E-01   3.2260001E-02   1.0000000E+00   3.5254736E+02
   1.0000000E-01   1.1700000E-01   3.2260001E-02   1.0000000E+00   3.5255588E+02
   1.0000000E-01   1.1900000E-01   3.2260001E-02   1.0000000E+00   3.5256287E+02
   1.0000000E-01   1.2100000E-01   3.2260001E-02   1.0000000E+00   3.5256848E+02
   1.0000000E-01   1.2633334E-01   3.2260001E-02   1.0000000E+00   3.5258029E+02
   1.0000000E-01   1.3733333E-01   3.2260001E-02   1.0000000E+00   3.5258566E+02
   1.0000000E-01   1.5200000E-01   3.2260001E-02   1.0000000E+00   3.5257663E+02
   1.0000000E-01   8.0000004E-03   3.4220003E-02   1.0000000E+00   3.5251663E+02
   1.0000000E-01   2.2666667E-02   3.4220003E-02   1.0000000E+00   3.5251004E+02
   1.0000000E-01   3.3666667E-02   3.4220003E-02   1.0000000E+00   3.5247879E+02
   1.0000000E-01   3.8999997E-02   3.4220003E-02   1.0000000E+00   3.5243546E+02
   1.0000000E-01   4.1000001E-02   3.4220003E-02   1.0000000E+00   3.5241583E+02
   1.0000000E-01   4.2999998E-02   3.4220003E-02   1.0000000E+00   3.5239243E+02
   1.0000000E-01   4.5000002E-02   3.4220003E-02   1.0000000E+00   3.5236475E+02
   1.0000000E-01   4.6999998E-02   3.4220003E-02   1.0000000E+00   3.5233215E+02
   1.0000000E-01   4.9000002E-02   3.4220003E-02   1.0000000E+00   3.5229370E+02
   1.0000000E-01   5.0999999E-02   3.4220003E-02   1.0000000E+00   3.5224799E+02
   1.0000000E-01   5.3000003E-02   3.4220003E-02   1.0000000E+00   3.5219296E+02
   1.0000000E-01   5.5000000E-02   3.4220003E-02   1.0000000E+00   3.5212604E+02
   1.0000000E-01   5.7000000E-02   3.4220003E-02   1.0000000E+00   3.5204422E+02
   1.0000000E-01   5.9000000E-02   3.4220003E-02   1.0000000E+00   3.5194461E+02
   1.0000000E-01   6.0999997E-02   3.4220003E-02   0.0000000E+00   2.9300000E+02
   1.0000000E-01   6.3000001E-02   3.4220003E-02   0.0000000E+00   2.9300000E+02
   1.0000000E-01   6.4999998E-02   3.4220003E-02   0.0000000E+00   2.9300000E+02
   1.0000000E-01   6.7000002E-02   3.4220003E-02   0.0000000E+00   2.9300000E+02
   1.0000000E-01   6.9000006E-02   3.4220003E-02   0.0000000E+00   2.9300000E+02
   1.0000000E-01   7.0999995E-02   3.4220003E-02   0.0000000E+00   2.9300000E+02
   1.0000000E-01   7.2999999E-02   3.4220003E-02   0.0000000E+00   2.9300000E+02
   1.0000000E-01   7.5000003E-02   3.4220003E-02   0.0000000E+00   2.9300000E+02
   1.0000000E-01   7.7000000E-02   3.4220003E-02   0.0000000E+00   2.9300000E+02
   1.0000000E-01   7.8999996E-02   3.4220003E-02   0.0000000E+00   2.9300000E+02
   1.0000000E-01   8.1000000E-02   3.4220003E-02   0.0000000E+00   2.9300000E+02
   1.0000000E-01   8.3000004E-02   3.4220003E-02   0.0000000E+00   2.9300000E+02
   1.0000000E-01   8.5000001E-02   3.4220003E-02   0.0000000E+00   2.9300000E+02
   1.0000000E-01   8.6999997E-02   3.4220003E-02   0.0000000E+00   2.9300000E+02
   1.0000000E-01   8.9000002E-02   3.4220003E-02   0.0000000E+00   2.9300000E+02
   1.0000000E-01   9.1000006E-02   3.4220003E-02   0.0000000E+00   2.9300000E+02
   1.0000000E-01   9.2999995E-02   3.4220003E-02   0.0000000E+00   2.9300000E+02
   1.0000000E-01   9.4999999E-02   3.4220003E-02   0.0000000E+00   2.9300000E+02
   1.0000000E-01   9.7000003E-02   3.4220003E-02   0.0000000E+00   2.9300000E+02
   1.0000000E-01   9.8999999E-02   3.4220003E-02   7.3673539E-02   3.5237244E+02
   1.0000000E-01   1.0100000E-01   3.4220003E-02   8.1632662E-01   3.5236972E+02
   1.0000000E-01   1.0300000E-01   3.4220003E-02   1.0000000E+00   3.5238800E+02
   1.0000000E-01   1.0500000E-01   3.4220003E-02   1.0000000E+00   3.5239963E+02
   1.0000000E-01   1.0700000E-01   3.4220003E-02   1.0000000E+00   3.5241525E+02
   1.0000000E-01   1.0900000E-01   3.4220003E-02   1.0000000E+00   3.5243140E+02
   1.0000000E-01   1.1100000E-01   3.4220003E-02   1.0000000E+00   3.5244617E+02
   1.0000000E-01   1.1300001E-01   3.4220003E-02   1.0000000E+00   3.5245901E+02
   1.0000000E-01   1.1499999E-01   3.4220003E-02   1.0000000E+00   3.5246994E+02
   1.0000000E-01   1.1700000E-01   3.4220003E-02   1.0000000E+00   3.5247903E+02
   1.0000000E-01   1.1900000E-01   3.4220003E-02   1.0000000E+00   3.5248645E+02
   1.0000000E-01   1.2100000E-01   3.4220003E-02   1.0000000E+00   3.5249240E+02
   1.0000000E-01   1.2633334E-01   3.4220003E-02   1.0000000E+00   3.5250482E+02
   1.0000000E-01   1.3733333E-01   3.4220003E-02   1.0000000E+00   3.5251053E+02
   1.0000000E-01   1.5200000E-01   3.4220003E-02   1.0000000E+00   3.5249997E+02
   1.0000000E-01   8.0000004E-03   3.6180001E-02   1.0000000E+00   3.5242969E+02
   1.0000000E-01   2.2666667E-02   3.6180001E-02   1.0000000E+00   3.5242319E+02
   1.0000000E-01   3.3666667E-02   3.6180001E-02   1.0000000E+00   3.5239166E+02
   1.0000000E-01   3.8999997E-02   3.6180001E-02   1.0000000E+00   3.5234576E+02
   1.0000000E-01   4.1000001E-02   3.6180001E-02   1.0000000E+00   3.5232446E+02
   1.0000000E-01   4.2999998E-02   3.6180001E-02   1.0000000E+00   3.5229852E+02
   1.0000000E-01   4.5000002E-02   3.6180001E-02   1.0000000E+00   3.5226727E+02
   1.0000000E-01   4.6999998E-02   3.6180001E-02   1.0000000E+00   3.5222998E+02
   1.0000000E-01   4.9000002E-02   3.6180001E-02   1.0000000E+00   3.5218579E+02
   1.0000000E-01   5.0999999E-02   3.6180001E-02   1.0000000E+00   3.5213367E+02
   1.0000000E-01   5.3000003E-02   3.6180001E-02   1.0000000E+00   3.5207227E+02
   1.0000000E-01   5.5000000E-02   3.6180001E-02   1.0000000E+00   3.5200000E+02
   1.0000000E-01   5.7000000E-02   3.6180001E-02   1.0000000E+00   3.5191455E+02
   1.0000000E-01   5.9000000E-02   3.6180001E-02   1.0000000E+00   3.5181277E+02
   1.0000000E-01   6.0999997E-02   3.6180001E-02   0.0000000E+00   2.9300000E+02
   1.0000000E-01   6.3000001E-02   3.6180001E-02   0.0000000E+00   2.9300000E+02
   1.0000000E-01   6.4999998E-02   3.6180001E-02   0.0000000E+00   2.9300000E+02
   1.0000000E-01   6.7000002E-02   3.6180001E-02   0.0000000E+00   2.9300000E+02
   1.0000000E-01   6.9000006E-02   3.6180001E-02   0.0000000E+00   2.9300000E+02
   1.0000000E-01   7.0999995E-02   3.6180001E-02   0.0000000E+00   2.9300000E+02
   1.0000000E-01   7.2999999E-02   3.6180001E-02   0.0000000E+00   2.9300000E+02
   1.0000000E-01   7.5000003E-02   3.6180001E-02   0.0000000E+00   2.9300000E+02
   1.0000000E-01   7.7000000E-02   3.6180001E-02   0.0000000E+00   2.9300000E+02
   1.0000000E-01   7.8999996E-02   3.6180001E-02   0.0000000E+00   2.9300000E+02
   1.0000000E-01   8.1000000E-02   3.6180001E-02   0.0000000E+00   2.9300000E+02
   1.0000000E-01   8.3000004E-02   3.6180001E-02   0.0000000E+00   2.9300000E+02
   1.0000000E-01   8.5000001E-02   3.6180001E-02   0.0000000E+00   2.9300000E+02
   1.0000000E-01   8.6999997E-02   3.6180001E-02   0.0000000E+00   2.9300000E+02
   1.0000000E-01   8.9000002E-02   3.6180001E-02   0.0000000E+00   2.9300000E+02
   1.0000000E-01   9.1000006E-02   3.6180001E-02   0.0000000E+00   2.9300000E+02
   1.0000000E-01   9.2999995E-02   3.6180001E-02   0.0000000E+00   2.9300000E+02
   1.0000000E-01   9.4999999E-02   3.6180001E-02   0.0000000E+00   2.9300000E+02
   1.0000000E-01   9.7000003E-02   3.6180001E-02   0.0000000E+00   2.9300000E+02
   1.0000000E-01   9.8999999E-02   3.6180001E-02   0.0000000E+00   2.9300000E+02
   1.0000000E-01   1.0100000E-01   3.6180001E-02   8.1632726E-02   3.5230176E+02
   1.0000000E-01   1.0300000E-01   3.6180001E-02   8.2836747E-01   3.5228955E+02
   1.0000000E-01   1.0500000E-01   3.6180001E-02   1.0000000E+00   3.5229919E+02
   1.0000000E-01   1.0700000E-01   3.6180001E-02   1.0000000E+00   3.5231903E+02
   1.0000000E-01   1.0900000E-01   3.6180001E-02   1.0000000E+00   3.5233859E+02
   1.0000000E-01   1.1100000E-01   3.6180001E-02   1.0000000E+00   3.5235535E+02
   1.0000000E-01   1.1300001E-01   3.6180001E-02   1.0000000E+00   3.5236935E+02
   1.0000000E-01   1.1499999E-01   3.6180001E-02   1.0000000E+00   3.5238101E+02
   1.0000000E-01   1.1700000E-01   3.6180001E-02   1.0000000E+00   3.5239056E+02
   1.0000000E-01   1.1900000E-01   3.6180001E-02   1.0000000E+00   3.5239835E+02
   1.0000000E-01   1.2100000E-01   3.6180001E-02   1.0000000E+00   3.5240454E+02
   1.0000000E-01   1.2633334E-01   3.6180001E-02   1.0000000E+00   3.5241745E+02
   1.0000000E-01   1.3733333E-01   3.6180001E-02   1.0000000E+00   3.5242334E+02
   1.0000000E-01   1.5200000E-01   3.6180001E-02   1.0000000E+00   3.5241089E+02
   1.0000000E-01   8.0000004E-03   3.8139999E-02   1.0000000E+00   3.5233047E+02
   1.0000000E-01   2.2666667E-02   3.8139999E-02   1.0000000E+00   3.5232404E+02
   1.0000000E-01   3.3666667E-02   3.8139999E-02   1.0000000E+00   3.5229245E+02
   1.0000000E-01   3.8999997E-02   3.8139999E-02   1.0000000E+00   3.5224542E+02
   1.0000000E-01   4.1000001E-02   3.8139999E-02   1.0000000E+00   3.5222339E+02
   1.0000000E-01   4.2999998E-02   3.8139999E-02   1.0000000E+00   3.5219635E+02
   1.0000000E-01   4.5000002E-02   3.8139999E-02   1.0000000E+00   3.5216357E+02
   1.0000000E-01   4.6999998E-02   3.8139999E-02   1.0000000E+00   3.5212433E+02
   1.0000000E-01   4.9000002E-02   3.8139999E-02   1.0000000E+00   3.5207785E+02
   1.0000000E-01   5.0999999E-02   3.8139999E-02   1.0000000E+00   3.5202341E+02
   1.0000000E-01   5.3000003E-02   3.8139999E-02   1.0000000E+00   3.5196024E+02
   1.0000000E-01   5.5000000E-02   3.8139999E-02   1.0000000E+00   3.5188760E+02
   1.0000000E-01   5.7000000E-02   3.8139999E-02   1.0000000E+00   3.5180380E+02
   1.0000000E-01   5.9000000E-02   3.8139999E-02   1.0000000E+00   3.5170154E+02
   1.0000000E-01   6.0999997E-02   3.8139999E-02   0.0000000E+00   2.9300000E+02
   1.0000000E-01   6.3000001E-02   3.8139999E-02   0.0000000E+00   2.9300000E+02
   1.0000000E-01   6.4999998E-02   3.8139999E-02   0.0000000E+00   2.9300000E+02
   1.0000000E-01   6.7000002E-02   3.8139999E-02   0.0000000E+00   2.9300000E+02
   1.0000000E-01   6.9000006E-02   3.8139999E-02   0.0000000E+00   2.9300000E+02
   1.0000000E-01   7.0999995E-02   3.8139999E-02   0.0000000E+00   2.9300000E+02
   1.0000000E-01   7.2999999E-02   3.8139999E-02   0.0000000E+00   2.9300000E+02
   1.0000000E-01   7.5000003E-02   3.8139999E-02   0.0000000E+00   2.9300000E+02
   1.0000000E-01   7.7000000E-02   3.8139999E-02   0.0000000E+00   2.9300000E+02
   1.0000000E-01   7.8999996E-02   3.8139999E-02   0.0000000E+00   2.9300000E+02
   1.0000000E-01   8.1000000E-02   3.8139999E-02   0.0000000E+00   2.9300000E+02
   1.0000000E-01   8.3000004E-02   3.8139999E-02   0.0000000E+00   2.9300000E+02
   1.0000000E-01   8.5000001E-02   3.8139999E-02   0.0000000E+00   2.9300000E+02
   1.0000000E-01   8.6999997E-02   3.8139999E-02   0.0000000E+00   2.9300000E+02
   1.0000000E-01   8.9000002E-02   3.8139999E-02   0.0000000E+00   2.9300000E+02
   1.0000000E-01   9.1000006E-02   3.8139999E-02   0.0000000E+00   2.9300000E+02
   1.0000000E-01   9.2999995E-02   3.8139999E-02   0.0000000E+00   2.9300000E+02
   1.0000000E-01   9.4999999E-02   3.8139999E-02   0.0000000E+00   2.9300000E+02
   1.0000000E-01   9.7000003E-02   3.8139999E-02   0.0000000E+00   2.9300000E+02
   1.0000000E-01   9.8999999E-02   3.8139999E-02   0.0000000E+00   2.9300000E+02
   1.0000000E-01   1.0100000E-01   3.8139999E-02   0.0000000E+00   2.9300000E+02
   1.0000000E-01   1.0300000E-01   3.8139999E-02   9.0000078E-02   3.5219791E+02
   1.0000000E-01   1.0500000E-01   3.8139999E-02   8.4000009E-01   3.5216284E+02
   1.0000000E-01   1.0700000E-01   3.8139999E-02   1.0000000E+00   3.5220963E+02
   1.0000000E-01   1.0900000E-01   3.8139999E-02   1.0000000E+00   3.5223495E+02
   1.0000000E-01   1.1100000E-01   3.8139999E-02   1.0000000E+00   3.5225357E+02
   1.0000000E-01   1.1300001E-01   3.8139999E-02   1.0000000E+00   3.5226843E+02
   1.0000000E-01   1.1499999E-01   3.8139999E-02   1.0000000E+00   3.5228055E+02
   1.0000000E-01   1.1700000E-01   3.8139999E-02   1.0000000E+00   3.5229047E+02
   1.0000000E-01   1.1900000E-01   3.8139999E-02   1.0000000E+00   3.5229843E+02
   1.0000000E-01   1.2100000E-01   3.8139999E-02   1.0000000E+00   3.5230481E+02
   1.0000000E-01   1.2633334E-01   3.8139999E-02   1.0000000E+00   3.5231802E+02
   1.0000000E-01   1.3733333E-01   3.8139999E-02   1.0000000E+00   3.5232404E+02
   1.0000000E-01   1.5200000E-01   3.8139999E-02   1.0000000E+00   3.5230920E+02
   1.0000000E-01   8.0000004E-03   4.0100001E-02   4.4897914E-01   3.5225467E+02
   1.0000000E-01   2.2666667E-02   4.0100001E-02   4.4897914E-01   3.5224826E+02
   1.0000000E-01   3.3666667E-02   4.0100001E-02   4.4897914E-01   3.5221667E+02
   1.0000000E-01   3.8999997E-02   4.0100001E-02   4.4897914E-01   3.5216922E+02
   1.0000000E-01   4.1000001E-02   4.0100001E-02   4.4897914E-01   3.5214691E+02
   1.0000000E-01   4.2999998E-02   4.0100001E-02   4.4897914E-01   3.5211945E+02
   1.0000000E-01   4.5000002E-02   4.0100001E-02   4.4897914E-01   3.5208609E+02
   1.0000000E-01   4.6999998E-02   4.0100001E-02   4.4897914E-01   3.5204617E+02
   1.0000000E-01   4.9000002E-02   4.0100001E-02   4.4897914E-01   3.5199899E+02
   1.0000000E-01   5.0999999E-02   4.0100001E-02   4.4897914E-01   3.5194409E+02
   1.0000000E-01   5.3000003E-02   4.0100001E-02   4.4897914E-01   3.5188153E+02
   1.0000000E-01   5.5000000E-02   4.0100001E-02   4.4897914E-01   3.5181308E+02
   1.0000000E-01   5.7000000E-02   4.0100001E-02   4.4897914E-01   3.5174554E+02
   1.0000000E-01   5.9000000E-02   4.0100001E-02   2.2448942E-01   3.5168246E+02
   1.0000000E-01   6.0999997E-02   4.0100001E-02   0.0000000E+00   2.9300000E+02
   1.0000000E-01   6.3000001E-02   4.0100001E-02   0.0000000E+00   2.9300000E+02
   1.0000000E-01   6.4999998E-02   4.0100001E-02   0.0000000E+00   2.9300000E+02
   1.0000000E-01   6.7000002E-02   4.0100001E-02   0.0000000E+00   2.9300000E+02
   1.0000000E-01   6.9000006E-02   4.0100001E-02   0.0000000E+00   2.9300000E+02
   1.0000000E-01   7.0999995E-02   4.0100001E-02   0.0000000E+00   2.9300000E+02
   1.0000000E-01   7.2999999E-02   4.0100001E-02   0.0000000E+00   2.9300000E+02
   1.0000000E-01   7.5000003E-02   4.0100001E-02   0.0000000E+00   2.9300000E+02
   1.0000000E-01   7.7000000E-02   4.0100001E-02   0.0000000E+00   2.9300000E+02
   1.0000000E-01   7.8999996E-02   4.0100001E-02   0.0000000E+00   2.9300000E+02
   1.0000000E-01   8.1000000E-02   4.0100001E-02   0.0000000E+00   2.9300000E+02
   1.0000000E-01   8.3000004E-02   4.0100001E-02   0.0000000E+00   2.9300000E+02
   1.0000000E-01   8.5000001E-02   4.0100001E-02   0.0000000E+00   2.9300000E+02
   1.0000000E-01   8.6999997E-02   4.0100001E-02   0.0000000E+00   2.9300000E+02
   1.0000000E-01   8.9000002E-02   4.0100001E-02   0.0000000E+00   2.9300000E+02
   1.0000000E-01   9.1000006E-02   4.0100001E-02   0.0000000E+00   2.9300000E+02
   1.0000000E-01   9.2999995E-02   4.0100001E-02   0.0000000E+00   2.9300000E+02
   1.0000000E-01   9.4999999E-02   4.0100001E-02   0.0000000E+00   2.9300000E+02
   1.0000000E-01   9.7000003E-02   4.0100001E-02   0.0000000E+00   2.9300000E+02
   1.0000000E-01   9.8999999E-02   4.0100001E-02   0.0000000E+00   2.9300000E+02
   1.0000000E-01   1.0100000E-01   4.0100001E-02   0.0000000E+00   2.9300000E+02
   1.0000000E-01   1.0300000E-01   4.0100001E-02   0.0000000E+00   2.9300000E+02
   1.0000000E-01   1.0500000E-01   4.0100001E-02   9.8775446E-02   3.5213010E+02
   1.0000000E-01   1.0700000E-01   4.0100001E-02   4.4897914E-01   3.5214294E+02
   1.0000000E-01   1.0900000E-01   4.0100001E-02   4.4897914E-01   3.5216013E+02
   1.0000000E-01   1.1100000E-01   4.0100001E-02   4.4897914E-01   3.5217719E+02
   1.0000000E-01   1.1300001E-01   4.0100001E-02   4.4897914E-01   3.5219193E+02
   1.0000000E-01   1.1499999E-01   4.0100001E-02   4.4897914E-01   3.5220416E+02
   1.0000000E-01   1.1700000E-01   4.0100001E-02   4.4897914E-01   3.5221417E+02
   1.0000000E-01   1.1900000E-01   4.0100001E-02   4.4897914E-01   3.5222229E+02
   1.0000000E-01   1.2100000E-01   4.0100001E-02   4.4897914E-01   3.5222873E+02
   1.0000000E-01   1.2633334E-01   4.0100001E-02   4.4897914E-01   3.5224207E+02
   1.0000000E-01   1.3733333E-01   4.0100001E-02   4.4897914E-01   3.5224829E+02
   1.0000000E-01   1.5200000E-01   4.0100001E-02   2.2448952E-01   3.5224518E+02
   1.0000000E-01   8.0000004E-03   4.2060003E-02   0.0000000E+00   2.9300000E+02
   1.0000000E-01   2.2666667E-02   4.2060003E-02   0.0000000E+00   2.9300000E+02
   1.0000000E-01   3.3666667E-02   4.2060003E-02   0.0000000E+00   2.9300000E+02
   1.0000000E-01   3.8999997E-02   4.2060003E-02   0.0000000E+00   2.9300000E+02
   1.0000000E-01   4.1000001E-02   4.2060003E-02   0.0000000E+00   2.9300000E+02
   1.0000000E-01   4.2999998E-02   4.2060003E-02   0.0000000E+00   2.9300000E+02
   1.0000000E-01   4.5000002E-02   4.2060003E-02   0.0000000E+00   2.9300000E+02
   1.0000000E-01   4.6999998E-02   4.2060003E-02   0.0000000E+00   2.9300000E+02
   1.0000000E-01   4.9000002E-02   4.2060003E-02   0.0000000E+00   2.9300000E+02
   1.0000000E-01   5.0999999E-02   4.2060003E-02   0.0000000E+00   2.9300000E+02
   1.0000000E-01   5.3000003E-02   4.2060003E-02   0.0000000E+00   2.9300000E+02
   1.0000000E-01   5.5000000E-02   4.2060003E-02   0.0000000E+00   2.9300000E+02
   1.0000000E-01   5.7000000E-02   4.2060003E-02   0.0000000E+00   2.9300000E+02
   1.0000000E-01   5.9000000E-02   4.2060003E-02   0.0000000E+00   2.9300000E+02
   1.0000000E-01   6.0999997E-02   4.2060003E-02   0.0000000E+00   2.9300000E+02
   1.0000000E-01   6.3000001E-02   4.2060003E-02   0.0000000E+00   2.9300000E+02
   1.0000000E-01   6.4999998E-02   4.2060003E-02   0.0000000E+00   2.9300000E+02
   1.0000000E-01   6.7000002E-02   4.2060003E-02   0.0000000E+00   2.9300000E+02
   1.0000000E-01   6.9000006E-02   4.2060003E-02   0.0000000E+00   2.9300000E+02
   1.0000000E-01   7.0999995E-02   4.2060003E-02   0.0000000E+00   2.9300000E+02
   1.0000000E-01   7.2999999E-02   4.2060003E-02   0.0000000E+00   2.9300000E+02
   1.0000000E-01   7.5000003E-02   4.2060003E-02   0.0000000E+00   2.9300000E+02
   1.0000000E-01   7.7000000E-02   4.2060003E-02   0.0000000E+00   2.9300000E+02
   1.0000000E-01   7.8999996E-02   4.2060003E-02   0.0000000E+00   2.9300000E+02
   1.0000000E-01   8.1000000E-02   4.2060003E-02   0.0000000E+00   2.9300000E+02
   1.0000000E-01   8.3000004E-02   4.2060003E-02   0.0000000E+00   2.9300000E+02
   1.0000000E-01   8.5000001E-02   4.2060003E-02   0.0000000E+00   2.9300000E+02
   1.0000000E-01   8.6999997E-02   4.2060003E-02   0.0000000E+00   2.9300000E+02
   1.0000000E-01   8.9000002E-02   4.2060003E-02   0.0000000E+00   2.9300000E+02
   1.0000000E-01   9.1000006E-02   4.2060003E-02   0.0000000E+00   2.9300000E+02
   1.0000000E-01   9.2999995E-02   4.2060003E-02   0.0000000E+00   2.9300000E+02
   1.0000000E-01   9.4999999E-02   4.2060003E-02   0.0000000E+00   2.9300000E+02
   1.0000000E-01   9.7000003E-02   4.2060003E-02   0.0000000E+00   2.9300000E+02
   1.0000000E-01   9.8999999E-02   4.2060003E-02   0.0000000E+00   2.9300000E+02
   1.0000000E-01   1.0100000E-01   4.2060003E-02   0.0000000E+00   2.9300000E+02
   1.0000000E-01   1.0300000E-01   4.2060003E-02   0.0000000E+00   2.9300000E+02
   1.0000000E-01   1.0500000E-01   4.2060003E-02   0.0000000E+00   2.9300000E+02
   1.0000000E-01   1.0700000E-01   4.2060003E-02   0.0000000E+00   2.9300000E+02
   1.0000000E-01   1.0900000E-01   4.2060003E-02   0.0000000E+00   2.9300000E+02
   1.0000000E-01   1.1100000E-01   4.2060003E-02   0.0000000E+00   2.9300000E+02
   1.0000000E-01   1.1300001E-01   4.2060003E-02   0.0000000E+00   2.9300000E+02
   1.0000000E-01   1.1499999E-01   4.2060003E-02   0.0000000E+00   2.9300000E+02
   1.0000000E-01   1.1700000E-01   4.2060003E-02   0.0000000E+00   2.9300000E+02
   1.0000000E-01   1.1900000E-01   4.2060003E-02   0.0000000E+00   2.9300000E+02
   1.0000000E-01   1.2100000E-01   4.2060003E-02   0.0000000E+00   2.9300000E+02
   1.0000000E-01   1.2633334E-01   4.2060003E-02   0.0000000E+00   2.9300000E+02
   1.0000000E-01   1.3733333E-01   4.2060003E-02   0.0000000E+00   2.9300000E+02
   1.0000000E-01   1.5200000E-01   4.2060003E-02   0.0000000E+00   2.9300000E+02
   1.0000000E-01   8.0000004E-03   4.4020001E-02   0.0000000E+00   2.9300000E+02
   1.0000000E-01   2.2666667E-02   4.4020001E-02   0.0000000E+00   2.9300000E+02
   1.0000000E-01   3.3666667E-02   4.4020001E-02   0.0000000E+00   2.9300000E+02
   1.0000000E-01   3.8999997E-02   4.4020001E-02   0.0000000E+00   2.9300000E+02
   1.0000000E-01   4.1000001E-02   4.4020001E-02   0.0000000E+00   2.9300000E+02
   1.0000000E-01   4.2999998E-02   4.4020001E-02   0.0000000E+00   2.9300000E+02
   1.0000000E-01   4.5000002E-02   4.4020001E-02   0.0000000E+00   2.9300000E+02
   1.0000000E-01   4.6999998E-02   4.4020001E-02   0.0000000E+00   2.9300000E+02
   1.0000000E-01   4.9000002E-02   4.4020001E-02   0.0000000E+00   2.9300000E+02
   1.0000000E-01   5.0999999E-02   4.4020001E-02   0.0000000E+00   2.9300000E+02
   1.0000000E-01   5.3000003E-02   4.4020001E-02   0.0000000E+00   2.9300000E+02
   1.0000000E-01   5.5000000E-02   4.4020001E-02   0.0000000E+00   2.9300000E+02
   1.0000000E-01   5.7000000E-02   4.4020001E-02   0.0000000E+00   2.9300000E+02
   1.0000000E-01   5.9000000E-02   4.4020001E-02   0.0000000E+00   2.9300000E+02
   1.0000000E-01   6.0999997E-02   4.4020001E-02   0.0000000E+00   2.9300000E+02
   1.0000000E-01   6.3000001E-02   4.4020001E-02   0.0000000E+00   2.9300000E+02
   1.0000000E-01   6.4999998E-02   4.4020001E-02   0.0000000E+00   2.9300000E+02
   1.0000000E-01   6.7000002E-02   4.4020001E-02   0.0000000E+00   2.9300000E+02
   1.0000000E-01   6.9000006E-02   4.4020001E-02   0.0000000E+00   2.9300000E+02
   1.0000000E-01   7.0999995E-02   4.4020001E-02   0.0000000E+00   2.9300000E+02
   1.0000000E-01   7.2999999E-02   4.4020001E-02   0.0000000E+00   2.9300000E+02
   1.0000000E-01   7.5000003E-02   4.4020001E-02   0.0000000E+00   2.9300000E+02
   1.0000000E-01   7.7000000E-02   4.4020001E-02   0.0000000E+00   2.9300000E+02
   1.0000000E-01   7.8999996E-02   4.4020001E-02   0.0000000E+00   2.9300000E+02
   1.0000000E-01   8.1000000E-02   4.4020001E-02   0.0000000E+00   2.9300000E+02
   1.0000000E-01   8.3000004E-02   4.4020001E-02   0.0000000E+00   2.9300000E+02
   1.0000000E-01   8.5000001E-02   4.4020001E-02   0.0000000E+00   2.9300000E+02
   1.0000000E-01   8.6999997E-02   4.4020001E-02   0.0000000E+00   2.9300000E+02
   1.0000000E-01   8.9000002E-02   4.4020001E-02   0.0000000E+00   2.9300000E+02
   1.0000000E-01   9.1000006E-02   4.4020001E-02   0.0000000E+00   2.9300000E+02
   1.0000000E-01   9.2999995E-02   4.4020001E-02   0.0000000E+00   2.9300000E+02
   1.0000000E-01   9.4999999E-02   4.4020001E-02   0.0000000E+00   2.9300000E+02
   1.0000000E-01   9.7000003E-02   4.4020001E-02   0.0000000E+00   2.9300000E+02
   1.0000000E-01   9.8999999E-02   4.4020001E-02   0.0000000E+00   2.9300000E+02
   1.0000000E-01   1.0100000E-01   4.4020001E-02   0.0000000E+00   2.9300000E+02
   1.0000000E-01   1.0300000E-01   4.4020001E-02   0.0000000E+00   2.9300000E+02
   1.0000000E-01   1.0500000E-01   4.4020001E-02   0.0000000E+00   2.9300000E+02
   1.0000000E-01   1.0700000E-01   4.4020001E-02   0.0000000E+00   2.9300000E+02
   1.0000000E-01   1.0900000E-01   4.4020001E-02   0.0000000E+00   2.9300000E+02
   1.0000000E-01   1.1100000E-01   4.4020001E-02   0.0000000E+00   2.9300000E+02
   1.0000000E-01   1.1300001E-01   4.4020001E-02   0.0000000E+00   2.9300000E+02
   1.0000000E-01   1.1499999E-01   4.4020001E-02   0.0000000E+00   2.9300000E+02
   1.0000000E-01   1.1700000E-01   4.4020001E-02   0.0000000E+00   2.9300000E+02
   1.0000000E-01   1.1900000E-01   4.4020001E-02   0.0000000E+00   2.9300000E+02
   1.0000000E-01   1.2100000E-01   4.4020001E-02   0.0000000E+00   2.9300000E+02
   1.0000000E-01   1.2633334E-01   4.4020001E-02   0.0000000E+00   2.9300000E+02
   1.0000000E-01   1.3733333E-01   4.4020001E-02   0.0000000E+00   2.9300000E+02
   1.0000000E-01   1.5200000E-01   4.4020001E-02   0.0000000E+00   2.9300000E+02
