1.0000000E-01   8.0000004E-03  -3.0200002E-03   0.0000000E+00   2.9300000E+02
   1.0000000E-01   2.2666667E-02  -3.0200002E-03   0.0000000E+00   2.9300000E+02
   1.0000000E-01   3.3666667E-02  -3.0200002E-03   0.0000000E+00   2.9300000E+02
   1.0000000E-01   3.8999997E-02  -3.0200002E-03   0.0000000E+00   2.9300000E+02
   1.0000000E-01   4.1000001E-02  -3.0200002E-03   0.0000000E+00   2.9300000E+02
   1.0000000E-01   4.2999998E-02  -3.0200002E-03   4.9999928E-01   4.2643231E+02
   1.0000000E-01   4.5000002E-02  -3.0200002E-03   1.0000000E+00   4.4695273E+02
   1.0000000E-01   4.6999998E-02  -3.0200002E-03   1.0000000E+00   4.8779443E+02
   1.0000000E-01   4.9000002E-02  -3.0200002E-03   1.0000000E+00   5.5945630E+02
   1.0000000E-01   5.0999999E-02  -3.0200002E-03   1.0000000E+00   6.6878772E+02
   1.0000000E-01   5.3000003E-02  -3.0200002E-03   1.0000000E+00   8.2301715E+02
   1.0000000E-01   5.5000000E-02  -3.0200002E-03   1.0000000E+00   1.0256044E+03
   1.0000000E-01   5.7000000E-02  -3.0200002E-03   1.0000000E+00   1.2697894E+03
   1.0000000E-01   5.9000000E-02  -3.0200002E-03   1.0000000E+00   1.5295867E+03
   1.0000000E-01   6.0999997E-02  -3.0200002E-03   9.9850547E-01   1.7497325E+03
   1.0000000E-01   6.3000001E-02  -3.0200002E-03   9.9828178E-01   1.8131285E+03
   1.0000000E-01   6.4999998E-02  -3.0200002E-03   9.9851280E-01   1.7451464E+03
   1.0000000E-01   6.7000002E-02  -3.0200002E-03   1.0000000E+00   1.5868068E+03
   1.0000000E-01   6.9000006E-02  -3.0200002E-03   1.0000000E+00   1.3817280E+03
   1.0000000E-01   7.0999995E-02  -3.0200002E-03   1.0000000E+00   1.1693796E+03
   1.0000000E-01   7.2999999E-02  -3.0200002E-03   1.0000000E+00   9.7154736E+02
   1.0000000E-01   7.5000003E-02  -3.0200002E-03   1.0000000E+00   8.0200012E+02
   1.0000000E-01   7.7000000E-02  -3.0200002E-03   1.0000000E+00   6.6809937E+02
   1.0000000E-01   7.8999996E-02  -3.0200002E-03   1.0000000E+00   5.7188873E+02
   1.0000000E-01   8.1000000E-02  -3.0200002E-03   1.0000000E+00   5.1266388E+02
   1.0000000E-01   8.3000004E-02  -3.0200002E-03   5.4590148E-01   4.8143259E+02
   1.0000000E-01   8.5000001E-02  -3.0200002E-03   0.0000000E+00   2.9300000E+02
   1.0000000E-01   8.6999997E-02  -3.0200002E-03   0.0000000E+00   2.9300000E+02
   1.0000000E-01   8.9000002E-02  -3.0200002E-03   0.0000000E+00   2.9300000E+02
   1.0000000E-01   9.1000006E-02  -3.0200002E-03   0.0000000E+00   2.9300000E+02
   1.0000000E-01   9.2999995E-02  -3.0200002E-03   0.0000000E+00   2.9300000E+02
   1.0000000E-01   9.4999999E-02  -3.0200002E-03   0.0000000E+00   2.9300000E+02
   1.0000000E-01   9.7000003E-02  -3.0200002E-03   0.0000000E+00   2.9300000E+02
   1.0000000E-01   9.8999999E-02  -3.0200002E-03   0.0000000E+00   2.9300000E+02
   1.0000000E-01   1.0100000E-01  -3.0200002E-03   0.0000000E+00   2.9300000E+02
   1.0000000E-01   1.0300000E-01  -3.0200002E-03   0.0000000E+00   2.9300000E+02
   1.0000000E-01   1.0500000E-01  -3.0200002E-03   0.0000000E+00   2.9300000E+02
   1.0000000E-01   1.0700000E-01  -3.0200002E-03   0.0000000E+00   2.9300000E+02
   1.0000000E-01   1.0900000E-01  -3.0200002E-03   0.0000000E+00   2.9300000E+02
   1.0000000E-01   1.1100000E-01  -3.0200002E-03   0.0000000E+00   2.9300000E+02
   1.0000000E-01   1.1300001E-01  -3.0200002E-03   0.0000000E+00   2.9300000E+02
   1.0000000E-01   1.1499999E-01  -3.0200002E-03   0.0000000E+00   2.9300000E+02
   1.0000000E-01   1.1700000E-01  -3.0200002E-03   0.0000000E+00   2.9300000E+02
   1.0000000E-01   1.1900000E-01  -3.0200002E-03   0.0000000E+00   2.9300000E+02
   1.0000000E-01   1.2100000E-01  -3.0200002E-03   0.0000000E+00   2.9300000E+02
   1.0000000E-01   1.2633334E-01  -3.0200002E-03   0.0000000E+00   2.9300000E+02
   1.0000000E-01   1.3733333E-01  -3.0200002E-03   0.0000000E+00   2.9300000E+02
   1.0000000E-01   1.5200000E-01  -3.0200002E-03   0.0000000E+00   2.9300000E+02
   1.0000000E-01   8.0000004E-03  -1.0599999E-03   0.0000000E+00   2.9300000E+02
   1.0000000E-01   2.2666667E-02  -1.0599999E-03   0.0000000E+00   2.9300000E+02
   1.0000000E-01   3.3666667E-02  -1.0599999E-03   0.0000000E+00   2.9300000E+02
   1.0000000E-01   3.8999997E-02  -1.0599999E-03   0.0000000E+00   2.9300000E+02
   1.0000000E-01   4.1000001E-02  -1.0599999E-03   0.0000000E+00   2.9300000E+02
   1.0000000E-01   4.2999998E-02  -1.0599999E-03   4.9999928E-01   4.1898099E+02
   1.0000000E-01   4.5000002E-02  -1.0599999E-03   1.0000000E+00   4.4261511E+02
   1.0000000E-01   4.6999998E-02  -1.0599999E-03   1.0000000E+00   4.8487070E+02
   1.0000000E-01   4.9000002E-02  -1.0599999E-03   1.0000000E+00   5.5703748E+02
   1.0000000E-01   5.0999999E-02  -1.0599999E-03   1.0000000E+00   6.6690436E+02
   1.0000000E-01   5.3000003E-02  -1.0599999E-03   1.0000000E+00   8.2330200E+02
   1.0000000E-01   5.5000000E-02  -1.0599999E-03   1.0000000E+00   1.0328860E+03
   1.0000000E-01   5.7000000E-02  -1.0599999E-03   1.0000000E+00   1.2946617E+03
   1.0000000E-01   5.9000000E-02  -1.0599999E-03   1.0000000E+00   1.5878174E+03
   1.0000000E-01   6.0999997E-02  -1.0599999E-03   9.9822277E-01   1.8155153E+03
   1.0000000E-01   6.3000001E-02  -1.0599999E-03   9.9445391E-01   1.9323649E+03
   1.0000000E-01   6.4999998E-02  -1.0599999E-03   9.9868363E-01   1.8344698E+03
   1.0000000E-01   6.7000002E-02  -1.0599999E-03   1.0000000E+00   1.6509946E+03
   1.0000000E-01   6.9000006E-02  -1.0599999E-03   1.0000000E+00   1.4285851E+03
   1.0000000E-01   7.0999995E-02  -1.0599999E-03   1.0000000E+00   1.2053086E+03
   1.0000000E-01   7.2999999E-02  -1.0599999E-03   1.0000000E+00   9.9715668E+02
   1.0000000E-01   7.5000003E-02  -1.0599999E-03   1.0000000E+00   8.1816278E+02
   1.0000000E-01   7.7000000E-02  -1.0599999E-03   1.0000000E+00   6.7662720E+02
   1.0000000E-01   7.8999996E-02  -1.0599999E-03   1.0000000E+00   5.7438989E+02
   1.0000000E-01   8.1000000E-02  -1.0599999E-03   1.0000000E+00   5.0965375E+02
   1.0000000E-01   8.3000004E-02  -1.0599999E-03   5.4590148E-01   4.7186850E+02
   1.0000000E-01   8.5000001E-02  -1.0599999E-03   0.0000000E+00   2.9300000E+02
   1.0000000E-01   8.6999997E-02  -1.0599999E-03   0.0000000E+00   2.9300000E+02
   1.0000000E-01   8.9000002E-02  -1.0599999E-03   0.0000000E+00   2.9300000E+02
   1.0000000E-01   9.1000006E-02  -1.0599999E-03   0.0000000E+00   2.9300000E+02
   1.0000000E-01   9.2999995E-02  -1.0599999E-03   0.0000000E+00   2.9300000E+02
   1.0000000E-01   9.4999999E-02  -1.0599999E-03   0.0000000E+00   2.9300000E+02
   1.0000000E-01   9.7000003E-02  -1.0599999E-03   0.0000000E+00   2.9300000E+02
   1.0000000E-01   9.8999999E-02  -1.0599999E-03   0.0000000E+00   2.9300000E+02
   1.0000000E-01   1.0100000E-01  -1.0599999E-03   0.0000000E+00   2.9300000E+02
   1.0000000E-01   1.0300000E-01  -1.0599999E-03   0.0000000E+00   2.9300000E+02
   1.0000000E-01   1.0500000E-01  -1.0599999E-03   0.0000000E+00   2.9300000E+02
   1.0000000E-01   1.0700000E-01  -1.0599999E-03   0.0000000E+00   2.9300000E+02
   1.0000000E-01   1.0900000E-01  -1.0599999E-03   0.0000000E+00   2.9300000E+02
   1.0000000E-01   1.1100000E-01  -1.0599999E-03   0.0000000E+00   2.9300000E+02
   1.0000000E-01   1.1300001E-01  -1.0599999E-03   0.0000000E+00   2.9300000E+02
   1.0000000E-01   1.1499999E-01  -1.0599999E-03   0.0000000E+00   2.9300000E+02
   1.0000000E-01   1.1700000E-01  -1.0599999E-03   0.0000000E+00   2.9300000E+02
   1.0000000E-01   1.1900000E-01  -1.0599999E-03   0.0000000E+00   2.9300000E+02
   1.0000000E-01   1.2100000E-01  -1.0599999E-03   0.0000000E+00   2.9300000E+02
   1.0000000E-01   1.2633334E-01  -1.0599999E-03   0.0000000E+00   2.9300000E+02
   1.0000000E-01   1.3733333E-01  -1.0599999E-03   0.0000000E+00   2.9300000E+02
   1.0000000E-01   1.5200000E-01  -1.0599999E-03   0.0000000E+00   2.9300000E+02
   1.0000000E-01   8.0000004E-03   8.9999998E-04   9.5918369E-01   3.5224445E+02
   1.0000000E-01   2.2666667E-02   8.9999998E-04   9.5918369E-01   3.5235953E+02
   1.0000000E-01   3.3666667E-02   8.9999998E-04   9.5918369E-01   3.5483728E+02
   1.0000000E-01   3.8999997E-02   8.9999998E-04   9.5918369E-01   3.6896915E+02
   1.0000000E-01   4.1000001E-02   8.9999998E-04   9.5918369E-01   3.8062247E+02
   1.0000000E-01   4.2999998E-02   8.9999998E-04   9.8979592E-01   4.0268167E+02
   1.0000000E-01   4.5000002E-02   8.9999998E-04   1.0000000E+00   4.3236475E+02
   1.0000000E-01   4.6999998E-02   8.9999998E-04   1.0000000E+00   4.7768192E+02
   1.0000000E-01   4.9000002E-02   8.9999998E-04   1.0000000E+00   5.4949774E+02
   1.0000000E-01   5.0999999E-02   8.9999998E-04   1.0000000E+00   6.5796722E+02
   1.0000000E-01   5.3000003E-02   8.9999998E-04   1.0000000E+00   8.1407666E+02
   1.0000000E-01   5.5000000E-02   8.9999998E-04   1.0000000E+00   1.0294896E+03
   1.0000000E-01   5.7000000E-02   8.9999998E-04   1.0000000E+00   1.3198524E+03
   1.0000000E-01   5.9000000E-02   8.9999998E-04   9.9915767E-01   1.7392281E+03
   1.0000000E-01   6.0999997E-02   8.9999998E-04   9.9869859E-01   1.7616865E+03
   1.0000000E-01   6.3000001E-02   8.9999998E-04   9.9632090E-01   1.8549780E+03
   1.0000000E-01   6.4999998E-02   8.9999998E-04   9.9828798E-01   1.8534480E+03
   1.0000000E-01   6.7000002E-02   8.9999998E-04   9.9817544E-01   1.7986243E+03
   1.0000000E-01   6.9000006E-02   8.9999998E-04   1.0000000E+00   1.5087383E+03
   1.0000000E-01   7.0999995E-02   8.9999998E-04   1.0000000E+00   1.2674415E+03
   1.0000000E-01   7.2999999E-02   8.9999998E-04   1.0000000E+00   1.0408212E+03
   1.0000000E-01   7.5000003E-02   8.9999998E-04   1.0000000E+00   8.4396350E+02
   1.0000000E-01   7.7000000E-02   8.9999998E-04   1.0000000E+00   6.8864435E+02
   1.0000000E-01   7.8999996E-02   8.9999998E-04   1.0000000E+00   5.7604419E+02
   1.0000000E-01   8.1000000E-02   8.9999998E-04   1.0000000E+00   4.9990863E+02
   1.0000000E-01   8.3000004E-02   8.9999998E-04   1.0000000E+00   4.4793457E+02
   1.0000000E-01   8.5000001E-02   8.9999998E-04   9.5918369E-01   4.0705289E+02
   1.0000000E-01   8.6999997E-02   8.9999998E-04   9.5918369E-01   3.8287823E+02
   1.0000000E-01   8.9000002E-02   8.9999998E-04   9.5918369E-01   3.6902838E+02
   1.0000000E-01   9.1000006E-02   8.9999998E-04   9.5918369E-01   3.6124213E+02
   1.0000000E-01   9.2999995E-02   8.9999998E-04   9.5918369E-01   3.5695605E+02
   1.0000000E-01   9.4999999E-02   8.9999998E-04   9.5918369E-01   3.5464703E+02
   1.0000000E-01   9.7000003E-02   8.9999998E-04   9.5918369E-01   3.5343015E+02
   1.0000000E-01   9.8999999E-02   8.9999998E-04   9.5918369E-01   3.5280371E+02
   1.0000000E-01   1.0100000E-01   8.9999998E-04   9.5918369E-01   3.5248975E+02
   1.0000000E-01   1.0300000E-01   8.9999998E-04   9.5918369E-01   3.5233768E+02
   1.0000000E-01   1.0500000E-01   8.9999998E-04   9.5918369E-01   3.5226755E+02
   1.0000000E-01   1.0700000E-01   8.9999998E-04   9.5918369E-01   3.5223776E+02
   1.0000000E-01   1.0900000E-01   8.9999998E-04   9.5918369E-01   3.5222714E+02
   1.0000000E-01   1.1100000E-01   8.9999998E-04   9.5918369E-01   3.5222513E+02
   1.0000000E-01   1.1300001E-01   8.9999998E-04   9.5918369E-01   3.5222653E+02
   1.0000000E-01   1.1499999E-01   8.9999998E-04   9.5918369E-01   3.5222900E+02
   1.0000000E-01   1.1700000E-01   8.9999998E-04   9.5918369E-01   3.5223148E+02
   1.0000000E-01   1.1900000E-01   8.9999998E-04   9.5918369E-01   3.5223352E+02
   1.0000000E-01   1.2100000E-01   8.9999998E-04   9.5918369E-01   3.5223502E+02
   1.0000000E-01   1.2633334E-01   8.9999998E-04   9.5918369E-01   3.5223761E+02
   1.0000000E-01   1.3733333E-01   8.9999998E-04   9.5918369E-01   3.5223361E+02
   1.0000000E-01   1.5200000E-01   8.9999998E-04   4.7959173E-01   3.5222284E+02
   1.0000000E-01   8.0000004E-03   2.8599999E-03   1.0000000E+00   3.5234711E+02
   1.0000000E-01   2.2666667E-02   2.8599999E-03   1.0000000E+00   3.5245715E+02
   1.0000000E-01   3.3666667E-02   2.8599999E-03   1.0000000E+00   3.5481119E+02
   1.0000000E-01   3.8999997E-02   2.8599999E-03   1.0000000E+00   3.6789441E+02
   1.0000000E-01   4.1000001E-02   2.8599999E-03   1.0000000E+00   3.7811099E+02
   1.0000000E-01   4.2999998E-02   2.8599999E-03   1.0000000E+00   3.9610364E+02
   1.0000000E-01   4.5000002E-02   2.8599999E-03   1.0000000E+00   4.2406091E+02
   1.0000000E-01   4.6999998E-02   2.8599999E-03   1.0000000E+00   4.6797449E+02
   1.0000000E-01   4.9000002E-02   2.8599999E-03   1.0000000E+00   5.3646594E+02
   1.0000000E-01   5.0999999E-02   2.8599999E-03   1.0000000E+00   6.3947333E+02
   1.0000000E-01   5.3000003E-02   2.8599999E-03   1.0000000E+00   7.8770764E+02
   1.0000000E-01   5.5000000E-02   2.8599999E-03   1.0000000E+00   9.9063489E+02
   1.0000000E-01   5.7000000E-02   2.8599999E-03   1.0000000E+00   1.2508499E+03
   1.0000000E-01   5.9000000E-02   2.8599999E-03   1.0000000E+00   1.5462432E+03
   1.0000000E-01   6.0999997E-02   2.8599999E-03   9.9891579E-01   1.7590585E+03
   1.0000000E-01   6.3000001E-02   2.8599999E-03   9.9792528E-01   1.8138370E+03
   1.0000000E-01   6.4999998E-02   2.8599999E-03   9.9820042E-01   1.8349604E+03
   1.0000000E-01   6.7000002E-02   2.8599999E-03   9.9778146E-01   1.7892833E+03
   1.0000000E-01   6.9000006E-02   2.8599999E-03   9.9000317E-01   1.5883971E+03
   1.0000000E-01   7.0999995E-02   2.8599999E-03   1.0000000E+00   1.3529694E+03
   1.0000000E-01   7.2999999E-02   2.8599999E-03   1.0000000E+00   1.0992438E+03
   1.0000000E-01   7.5000003E-02   2.8599999E-03   1.0000000E+00   8.7373969E+02
   1.0000000E-01   7.7000000E-02   2.8599999E-03   1.0000000E+00   6.9950446E+02
   1.0000000E-01   7.8999996E-02   2.8599999E-03   1.0000000E+00   5.7627332E+02
   1.0000000E-01   8.1000000E-02   2.8599999E-03   1.0000000E+00   4.9382617E+02
   1.0000000E-01   8.3000004E-02   2.8599999E-03   1.0000000E+00   4.3971277E+02
   1.0000000E-01   8.5000001E-02   2.8599999E-03   1.0000000E+00   4.0359955E+02
   1.0000000E-01   8.6999997E-02   2.8599999E-03   1.0000000E+00   3.8138666E+02
   1.0000000E-01   8.9000002E-02   2.8599999E-03   1.0000000E+00   3.6835574E+02
   1.0000000E-01   9.1000006E-02   2.8599999E-03   1.0000000E+00   3.6095486E+02
   1.0000000E-01   9.2999995E-02   2.8599999E-03   1.0000000E+00   3.5686118E+02
   1.0000000E-01   9.4999999E-02   2.8599999E-03   1.0000000E+00   3.5465009E+02
   1.0000000E-01   9.7000003E-02   2.8599999E-03   1.0000000E+00   3.5348306E+02
   1.0000000E-01   9.8999999E-02   2.8599999E-03   1.0000000E+00   3.5288174E+02
   1.0000000E-01   1.0100000E-01   2.8599999E-03   1.0000000E+00   3.5258029E+02
   1.0000000E-01   1.0300000E-01   2.8599999E-03   1.0000000E+00   3.5243433E+02
   1.0000000E-01   1.0500000E-01   2.8599999E-03   1.0000000E+00   3.5236719E+02
   1.0000000E-01   1.0700000E-01   2.8599999E-03   1.0000000E+00   3.5233884E+02
   1.0000000E-01   1.0900000E-01   2.8599999E-03   1.0000000E+00   3.5232892E+02
   1.0000000E-01   1.1100000E-01   2.8599999E-03   1.0000000E+00   3.5232724E+02
   1.0000000E-01   1.1300001E-01   2.8599999E-03   1.0000000E+00   3.5232886E+02
   1.0000000E-01   1.1499999E-01   2.8599999E-03   1.0000000E+00   3.5233142E+02
   1.0000000E-01   1.1700000E-01   2.8599999E-03   1.0000000E+00   3.5233395E+02
   1.0000000E-01   1.1900000E-01   2.8599999E-03   1.0000000E+00   3.5233606E+02
   1.0000000E-01   1.2100000E-01   2.8599999E-03   1.0000000E+00   3.5233762E+02
   1.0000000E-01   1.2633334E-01   2.8599999E-03   1.0000000E+00   3.5234030E+02
   1.0000000E-01   1.3733333E-01   2.8599999E-03   1.0000000E+00   3.5233615E+02
   1.0000000E-01   1.5200000E-01   2.8599999E-03   1.0000000E+00   3.5230072E+02
   1.0000000E-01   8.0000004E-03   4.8199999E-03   1.0000000E+00   3.5244025E+02
   1.0000000E-01   2.2666667E-02   4.8199999E-03   1.0000000E+00   3.5254099E+02
   1.0000000E-01   3.3666667E-02   4.8199999E-03   1.0000000E+00   3.5468042E+02
   1.0000000E-01   3.8999997E-02   4.8199999E-03   1.0000000E+00   3.6628165E+02
   1.0000000E-01   4.1000001E-02   4.8199999E-03   1.0000000E+00   3.7512466E+02
   1.0000000E-01   4.2999998E-02   4.8199999E-03   1.0000000E+00   3.9059750E+02
   1.0000000E-01   4.5000002E-02   4.8199999E-03   1.0000000E+00   4.1578149E+02
   1.0000000E-01   4.6999998E-02   4.8199999E-03   1.0000000E+00   4.5590237E+02
   1.0000000E-01   4.9000002E-02   4.8199999E-03   1.0000000E+00   5.1836261E+02
   1.0000000E-01   5.0999999E-02   4.8199999E-03   1.0000000E+00   6.1234021E+02
   1.0000000E-01   5.3000003E-02   4.8199999E-03   1.0000000E+00   7.4806610E+02
   1.0000000E-01   5.5000000E-02   4.8199999E-03   1.0000000E+00   9.3478058E+02
   1.0000000E-01   5.7000000E-02   4.8199999E-03   1.0000000E+00   1.1758132E+03
   1.0000000E-01   5.9000000E-02   4.8199999E-03   1.0000000E+00   1.4581385E+03
   1.0000000E-01   6.0999997E-02   4.8199999E-03   9.9881732E-01   1.7393467E+03
   1.0000000E-01   6.3000001E-02   4.8199999E-03   9.9845660E-01   1.7593557E+03
   1.0000000E-01   6.4999998E-02   4.8199999E-03   9.9837190E-01   1.7917684E+03
   1.0000000E-01   6.7000002E-02   4.8199999E-03   9.9742043E-01   1.7643842E+03
   1.0000000E-01   6.9000006E-02   4.8199999E-03   9.9818408E-01   1.7325687E+03
   1.0000000E-01   7.0999995E-02   4.8199999E-03   9.9710828E-01   1.4884564E+03
   1.0000000E-01   7.2999999E-02   4.8199999E-03   1.0000000E+00   1.1710033E+03
   1.0000000E-01   7.5000003E-02   4.8199999E-03   1.0000000E+00   8.9639160E+02
   1.0000000E-01   7.7000000E-02   4.8199999E-03   1.0000000E+00   6.9980829E+02
   1.0000000E-01   7.8999996E-02   4.8199999E-03   1.0000000E+00   5.6932532E+02
   1.0000000E-01   8.1000000E-02   4.8199999E-03   1.0000000E+00   4.8542191E+02
   1.0000000E-01   8.3000004E-02   4.8199999E-03   1.0000000E+00   4.3236841E+02
   1.0000000E-01   8.5000001E-02   4.8199999E-03   1.0000000E+00   3.9910062E+02
   1.0000000E-01   8.6999997E-02   4.8199999E-03   1.0000000E+00   3.7891187E+02
   1.0000000E-01   8.9000002E-02   4.8199999E-03   1.0000000E+00   3.6706604E+02
   1.0000000E-01   9.1000006E-02   4.8199999E-03   1.0000000E+00   3.6031955E+02
   1.0000000E-01   9.2999995E-02   4.8199999E-03   1.0000000E+00   3.5657730E+02
   1.0000000E-01   9.4999999E-02   4.8199999E-03   1.0000000E+00   3.5455121E+02
   1.0000000E-01   9.7000003E-02   4.8199999E-03   1.0000000E+00   3.5347980E+02
   1.0000000E-01   9.8999999E-02   4.8199999E-03   1.0000000E+00   3.5292706E+02
   1.0000000E-01   1.0100000E-01   4.8199999E-03   1.0000000E+00   3.5264987E+02
   1.0000000E-01   1.0300000E-01   4.8199999E-03   1.0000000E+00   3.5251584E+02
   1.0000000E-01   1.0500000E-01   4.8199999E-03   1.0000000E+00   3.5245450E+02
   1.0000000E-01   1.0700000E-01   4.8199999E-03   1.0000000E+00   3.5242896E+02
   1.0000000E-01   1.0900000E-01   4.8199999E-03   1.0000000E+00   3.5242038E+02
   1.0000000E-01   1.1100000E-01   4.8199999E-03   1.0000000E+00   3.5241937E+02
   1.0000000E-01   1.1300001E-01   4.8199999E-03   1.0000000E+00   3.5242133E+02
   1.0000000E-01   1.1499999E-01   4.8199999E-03   1.0000000E+00   3.5242410E+02
   1.0000000E-01   1.1700000E-01   4.8199999E-03   1.0000000E+00   3.5242679E+02
   1.0000000E-01   1.1900000E-01   4.8199999E-03   1.0000000E+00   3.5242899E+02
   1.0000000E-01   1.2100000E-01   4.8199999E-03   1.0000000E+00   3.5243063E+02
   1.0000000E-01   1.2633334E-01   4.8199999E-03   1.0000000E+00   3.5243350E+02
   1.0000000E-01   1.3733333E-01   4.8199999E-03   1.0000000E+00   3.5242957E+02
   1.0000000E-01   1.5200000E-01   4.8199999E-03   1.0000000E+00   3.5239981E+02
   1.0000000E-01   8.0000004E-03   6.7799999E-03   1.0000000E+00   3.5252136E+02
   1.0000000E-01   2.2666667E-02   6.7799999E-03   1.0000000E+00   3.5260971E+02
   1.0000000E-01   3.3666667E-02   6.7799999E-03   1.0000000E+00   3.5447961E+02
   1.0000000E-01   3.8999997E-02   6.7799999E-03   1.0000000E+00   3.6442908E+02
   1.0000000E-01   4.1000001E-02   6.7799999E-03   1.0000000E+00   3.7194522E+02
   1.0000000E-01   4.2999998E-02   6.7799999E-03   1.0000000E+00   3.8513062E+02
   1.0000000E-01   4.5000002E-02   6.7799999E-03   1.0000000E+00   4.0691925E+02
   1.0000000E-01   4.6999998E-02   6.7799999E-03   1.0000000E+00   4.4183487E+02
   1.0000000E-01   4.9000002E-02   6.7799999E-03   1.0000000E+00   4.9626276E+02
   1.0000000E-01   5.0999999E-02   6.7799999E-03   1.0000000E+00   5.7850024E+02
   1.0000000E-01   5.3000003E-02   6.7799999E-03   1.0000000E+00   6.9857233E+02
   1.0000000E-01   5.5000000E-02   6.7799999E-03   1.0000000E+00   8.6753577E+02
   1.0000000E-01   5.7000000E-02   6.7799999E-03   1.0000000E+00   1.0958376E+03
   1.0000000E-01   5.9000000E-02   6.7799999E-03   1.0000000E+00   1.3896597E+03
   1.0000000E-01   6.0999997E-02   6.7799999E-03   9.9849033E-01   1.7377711E+03
   1.0000000E-01   6.3000001E-02   6.7799999E-03   9.9863648E-01   1.7540966E+03
   1.0000000E-01   6.4999998E-02   6.7799999E-03   9.9844801E-01   1.7657434E+03
   1.0000000E-01   6.7000002E-02   6.7799999E-03   9.9741328E-01   1.7572400E+03
   1.0000000E-01   6.9000006E-02   6.7799999E-03   9.9877936E-01   1.7464124E+03
   1.0000000E-01   7.0999995E-02   6.7799999E-03   9.8742867E-01   1.7125934E+03
   1.0000000E-01   7.2999999E-02   6.7799999E-03   9.9003601E-01   1.2394342E+03
   1.0000000E-01   7.5000003E-02   6.7799999E-03   1.0000000E+00   8.8395874E+02
   1.0000000E-01   7.7000000E-02   6.7799999E-03   1.0000000E+00   6.7334467E+02
   1.0000000E-01   7.8999996E-02   6.7799999E-03   1.0000000E+00   5.4790686E+02
   1.0000000E-01   8.1000000E-02   6.7799999E-03   1.0000000E+00   4.7047437E+02
   1.0000000E-01   8.3000004E-02   6.7799999E-03   1.0000000E+00   4.2257193E+02
   1.0000000E-01   8.5000001E-02   6.7799999E-03   1.0000000E+00   3.9321164E+02
   1.0000000E-01   8.6999997E-02   6.7799999E-03   1.0000000E+00   3.7558975E+02
   1.0000000E-01   8.9000002E-02   6.7799999E-03   1.0000000E+00   3.6528140E+02
   1.0000000E-01   9.1000006E-02   6.7799999E-03   1.0000000E+00   3.5940625E+02
   1.0000000E-01   9.2999995E-02   6.7799999E-03   1.0000000E+00   3.5614008E+02
   1.0000000E-01   9.4999999E-02   6.7799999E-03   1.0000000E+00   3.5436713E+02
   1.0000000E-01   9.7000003E-02   6.7799999E-03   1.0000000E+00   3.5342737E+02
   1.0000000E-01   9.8999999E-02   6.7799999E-03   1.0000000E+00   3.5294174E+02
   1.0000000E-01   1.0100000E-01   6.7799999E-03   1.0000000E+00   3.5269815E+02
   1.0000000E-01   1.0300000E-01   6.7799999E-03   1.0000000E+00   3.5258072E+02
   1.0000000E-01   1.0500000E-01   6.7799999E-03   1.0000000E+00   3.5252740E+02
   1.0000000E-01   1.0700000E-01   6.7799999E-03   1.0000000E+00   3.5250574E+02
   1.0000000E-01   1.0900000E-01   6.7799999E-03   1.0000000E+00   3.5249905E+02
   1.0000000E-01   1.1100000E-01   6.7799999E-03   1.0000000E+00   3.5249896E+02
   1.0000000E-01   1.1300001E-01   6.7799999E-03   1.0000000E+00   3.5250140E+02
   1.0000000E-01   1.1499999E-01   6.7799999E-03   1.0000000E+00   3.5250449E+02
   1.0000000E-01   1.1700000E-01   6.7799999E-03   1.0000000E+00   3.5250739E+02
   1.0000000E-01   1.1900000E-01   6.7799999E-03   1.0000000E+00   3.5250974E+02
   1.0000000E-01   1.2100000E-01   6.7799999E-03   1.0000000E+00   3.5251151E+02
   1.0000000E-01   1.2633334E-01   6.7799999E-03   1.0000000E+00   3.5251468E+02
   1.0000000E-01   1.3733333E-01   6.7799999E-03   1.0000000E+00   3.5251123E+02
   1.0000000E-01   1.5200000E-01   6.7799999E-03   1.0000000E+00   3.5248627E+02
   1.0000000E-01   8.0000004E-03   8.7400004E-03   1.0000000E+00   3.5259061E+02
   1.0000000E-01   2.2666667E-02   8.7400004E-03   1.0000000E+00   3.5266495E+02
   1.0000000E-01   3.3666667E-02   8.7400004E-03   1.0000000E+00   3.5424094E+02
   1.0000000E-01   3.8999997E-02   8.7400004E-03   1.0000000E+00   3.6249823E+02
   1.0000000E-01   4.1000001E-02   8.7400004E-03   1.0000000E+00   3.6870093E+02
   1.0000000E-01   4.2999998E-02   8.7400004E-03   1.0000000E+00   3.7958383E+02
   1.0000000E-01   4.5000002E-02   8.7400004E-03   1.0000000E+00   3.9762582E+02
   1.0000000E-01   4.6999998E-02   8.7400004E-03   1.0000000E+00   4.2655255E+02
   1.0000000E-01   4.9000002E-02   8.7400004E-03   1.0000000E+00   4.7163913E+02
   1.0000000E-01   5.0999999E-02   8.7400004E-03   1.0000000E+00   5.3998022E+02
   1.0000000E-01   5.3000003E-02   8.7400004E-03   1.0000000E+00   6.4084058E+02
   1.0000000E-01   5.5000000E-02   8.7400004E-03   1.0000000E+00   7.8644025E+02
   1.0000000E-01   5.7000000E-02   8.7400004E-03   1.0000000E+00   9.9429883E+02
   1.0000000E-01   5.9000000E-02   8.7400004E-03   1.0000000E+00   1.2941469E+03
   1.0000000E-01   6.0999997E-02   8.7400004E-03   9.9434179E-01   1.7436960E+03
   1.0000000E-01   6.3000001E-02   8.7400004E-03   8.8647813E-01   1.7556136E+03
   1.0000000E-01   6.4999998E-02   8.7400004E-03   4.7104239E-01   1.7604523E+03
   1.0000000E-01   6.7000002E-02   8.7400004E-03   2.2334018E-01   1.7543945E+03
   1.0000000E-01   6.9000006E-02   8.7400004E-03   7.5772390E-02   1.7536177E+03
   1.0000000E-01   7.0999995E-02   8.7400004E-03   9.6461107E-04   1.7264156E+03
   1.0000000E-01   7.2999999E-02   8.7400004E-03   0.0000000E+00   2.9300000E+02
   1.0000000E-01   7.5000003E-02   8.7400004E-03   6.2265325E-01   7.3395532E+02
   1.0000000E-01   7.7000000E-02   8.7400004E-03   1.0000000E+00   5.9852728E+02
   1.0000000E-01   7.8999996E-02   8.7400004E-03   1.0000000E+00   5.0817209E+02
   1.0000000E-01   8.1000000E-02   8.7400004E-03   1.0000000E+00   4.4811777E+02
   1.0000000E-01   8.3000004E-02   8.7400004E-03   1.0000000E+00   4.0978311E+02
   1.0000000E-01   8.5000001E-02   8.7400004E-03   1.0000000E+00   3.8598972E+02
   1.0000000E-01   8.6999997E-02   8.7400004E-03   1.0000000E+00   3.7161215E+02
   1.0000000E-01   8.9000002E-02   8.7400004E-03   1.0000000E+00   3.6315509E+02
   1.0000000E-01   9.1000006E-02   8.7400004E-03   1.0000000E+00   3.5830945E+02
   1.0000000E-01   9.2999995E-02   8.7400004E-03   1.0000000E+00   3.5560187E+02
   1.0000000E-01   9.4999999E-02   8.7400004E-03   1.0000000E+00   3.5412537E+02
   1.0000000E-01   9.7000003E-02   8.7400004E-03   1.0000000E+00   3.5333972E+02
   1.0000000E-01   9.8999999E-02   8.7400004E-03   1.0000000E+00   3.5293274E+02
   1.0000000E-01   1.0100000E-01   8.7400004E-03   1.0000000E+00   3.5272858E+02
   1.0000000E-01   1.0300000E-01   8.7400004E-03   1.0000000E+00   3.5263062E+02
   1.0000000E-01   1.0500000E-01   8.7400004E-03   1.0000000E+00   3.5258676E+02
   1.0000000E-01   1.0700000E-01   8.7400004E-03   1.0000000E+00   3.5256970E+02
   1.0000000E-01   1.0900000E-01   8.7400004E-03   1.0000000E+00   3.5256525E+02
   1.0000000E-01   1.1100000E-01   8.7400004E-03   1.0000000E+00   3.5256628E+02
   1.0000000E-01   1.1300001E-01   8.7400004E-03   1.0000000E+00   3.5256934E+02
   1.0000000E-01   1.1499999E-01   8.7400004E-03   1.0000000E+00   3.5257278E+02
   1.0000000E-01   1.1700000E-01   8.7400004E-03   1.0000000E+00   3.5257593E+02
   1.0000000E-01   1.1900000E-01   8.7400004E-03   1.0000000E+00   3.5257849E+02
   1.0000000E-01   1.2100000E-01   8.7400004E-03   1.0000000E+00   3.5258041E+02
   1.0000000E-01   1.2633334E-01   8.7400004E-03   1.0000000E+00   3.5258398E+02
   1.0000000E-01   1.3733333E-01   8.7400004E-03   1.0000000E+00   3.5258124E+02
   1.0000000E-01   1.5200000E-01   8.7400004E-03   1.0000000E+00   3.5256030E+02
   1.0000000E-01   8.0000004E-03   1.0700000E-02   1.0000000E+00   3.5264825E+02
   1.0000000E-01   2.2666667E-02   1.0700000E-02   1.0000000E+00   3.5270819E+02
   1.0000000E-01   3.3666667E-02   1.0700000E-02   1.0000000E+00   3.5398959E+02
   1.0000000E-01   3.8999997E-02   1.0700000E-02   1.0000000E+00   3.6060547E+02
   1.0000000E-01   4.1000001E-02   1.0700000E-02   1.0000000E+00   3.6553781E+02
   1.0000000E-01   4.2999998E-02   1.0700000E-02   1.0000000E+00   3.7415799E+02
   1.0000000E-01   4.5000002E-02   1.0700000E-02   1.0000000E+00   3.8840024E+02
   1.0000000E-01   4.6999998E-02   1.0700000E-02   1.0000000E+00   4.1112396E+02
   1.0000000E-01   4.9000002E-02   1.0700000E-02   1.0000000E+00   4.4633862E+02
   1.0000000E-01   5.0999999E-02   1.0700000E-02   1.0000000E+00   4.9942178E+02
   1.0000000E-01   5.3000003E-02   1.0700000E-02   1.0000000E+00   5.7742444E+02
   1.0000000E-01   5.5000000E-02   1.0700000E-02   1.0000000E+00   6.8985919E+02
   1.0000000E-01   5.7000000E-02   1.0700000E-02   1.0000000E+00   8.5160229E+02
   1.0000000E-01   5.9000000E-02   1.0700000E-02   1.0000000E+00   1.0958494E+03
   1.0000000E-01   6.0999997E-02   1.0700000E-02   6.1540896E-01   1.7277606E+03
   1.0000000E-01   6.3000001E-02   1.0700000E-02   0.0000000E+00   2.9300000E+02
   1.0000000E-01   6.4999998E-02   1.0700000E-02   0.0000000E+00   2.9300000E+02
   1.0000000E-01   6.7000002E-02   1.0700000E-02   0.0000000E+00   2.9300000E+02
   1.0000000E-01   6.9000006E-02   1.0700000E-02   0.0000000E+00   2.9300000E+02
   1.0000000E-01   7.0999995E-02   1.0700000E-02   0.0000000E+00   2.9300000E+02
   1.0000000E-01   7.2999999E-02   1.0700000E-02   0.0000000E+00   2.9300000E+02
   1.0000000E-01   7.5000003E-02   1.0700000E-02   1.0000026E-02   6.2369391E+02
   1.0000000E-01   7.7000000E-02   1.0700000E-02   6.4000016E-01   5.2184308E+02
   1.0000000E-01   7.8999996E-02   1.0700000E-02   1.0000000E+00   4.6338583E+02
   1.0000000E-01   8.1000000E-02   1.0700000E-02   1.0000000E+00   4.2306250E+02
   1.0000000E-01   8.3000004E-02   1.0700000E-02   1.0000000E+00   3.9577664E+02
   1.0000000E-01   8.5000001E-02   1.0700000E-02   1.0000000E+00   3.7823221E+02
   1.0000000E-01   8.6999997E-02   1.0700000E-02   1.0000000E+00   3.6738672E+02
   1.0000000E-01   8.9000002E-02   1.0700000E-02   1.0000000E+00   3.6090417E+02
   1.0000000E-01   9.1000006E-02   1.0700000E-02   1.0000000E+00   3.5714407E+02
   1.0000000E-01   9.2999995E-02   1.0700000E-02   1.0000000E+00   3.5502240E+02
   1.0000000E-01   9.4999999E-02   1.0700000E-02   1.0000000E+00   3.5385623E+02
   1.0000000E-01   9.7000003E-02   1.0700000E-02   1.0000000E+00   3.5323203E+02
   1.0000000E-01   9.8999999E-02   1.0700000E-02   1.0000000E+00   3.5290756E+02
   1.0000000E-01   1.0100000E-01   1.0700000E-02   1.0000000E+00   3.5274487E+02
   1.0000000E-01   1.0300000E-01   1.0700000E-02   1.0000000E+00   3.5266742E+02
   1.0000000E-01   1.0500000E-01   1.0700000E-02   1.0000000E+00   3.5263361E+02
   1.0000000E-01   1.0700000E-01   1.0700000E-02   1.0000000E+00   3.5262140E+02
   1.0000000E-01   1.0900000E-01   1.0700000E-02   1.0000000E+00   3.5261932E+02
   1.0000000E-01   1.1100000E-01   1.0700000E-02   1.0000000E+00   3.5262158E+02
   1.0000000E-01   1.1300001E-01   1.0700000E-02   1.0000000E+00   3.5262531E+02
   1.0000000E-01   1.1499999E-01   1.0700000E-02   1.0000000E+00   3.5262918E+02
   1.0000000E-01   1.1700000E-01   1.0700000E-02   1.0000000E+00   3.5263263E+02
   1.0000000E-01   1.1900000E-01   1.0700000E-02   1.0000000E+00   3.5263544E+02
   1.0000000E-01   1.2100000E-01   1.0700000E-02   1.0000000E+00   3.5263757E+02
   1.0000000E-01   1.2633334E-01   1.0700000E-02   1.0000000E+00   3.5264163E+02
   1.0000000E-01   1.3733333E-01   1.0700000E-02   1.0000000E+00   3.5263968E+02
   1.0000000E-01   1.5200000E-01   1.0700000E-02   1.0000000E+00   3.5262213E+02
   1.0000000E-01   8.0000004E-03   1.2660000E-02   1.0000000E+00   3.5269452E+02
   1.0000000E-01   2.2666667E-02   1.2660000E-02   1.0000000E+00   3.5274066E+02
   1.0000000E-01   3.3666667E-02   1.2660000E-02   1.0000000E+00   3.5374515E+02
   1.0000000E-01   3.8999997E-02   1.2660000E-02   1.0000000E+00   3.5885114E+02
   1.0000000E-01   4.1000001E-02   1.2660000E-02   1.0000000E+00   3.6261560E+02
   1.0000000E-01   4.2999998E-02   1.2660000E-02   1.0000000E+00   3.6914255E+02
   1.0000000E-01   4.5000002E-02   1.2660000E-02   1.0000000E+00   3.7983435E+02
   1.0000000E-01   4.6999998E-02   1.2660000E-02   1.0000000E+00   3.9671069E+02
   1.0000000E-01   4.9000002E-02   1.2660000E-02   1.0000000E+00   4.2250027E+02
   1.0000000E-01   5.0999999E-02   1.2660000E-02   1.0000000E+00   4.6062592E+02
   1.0000000E-01   5.3000003E-02   1.2660000E-02   1.0000000E+00   5.1493738E+02
   1.0000000E-01   5.5000000E-02   1.2660000E-02   1.0000000E+00   5.8872852E+02
   1.0000000E-01   5.7000000E-02   1.2660000E-02   1.0000000E+00   6.8123370E+02
   1.0000000E-01   5.9000000E-02   1.2660000E-02   1.0000000E+00   7.7400879E+02
   1.0000000E-01   6.0999997E-02   1.2660000E-02   0.0000000E+00   2.9300000E+02
   1.0000000E-01   6.3000001E-02   1.2660000E-02   0.0000000E+00   2.9300000E+02
   1.0000000E-01   6.4999998E-02   1.2660000E-02   0.0000000E+00   2.9300000E+02
   1.0000000E-01   6.7000002E-02   1.2660000E-02   0.0000000E+00   2.9300000E+02
   1.0000000E-01   6.9000006E-02   1.2660000E-02   0.0000000E+00   2.9300000E+02
   1.0000000E-01   7.0999995E-02   1.2660000E-02   0.0000000E+00   2.9300000E+02
   1.0000000E-01   7.2999999E-02   1.2660000E-02   0.0000000E+00   2.9300000E+02
   1.0000000E-01   7.5000003E-02   1.2660000E-02   0.0000000E+00   2.9300000E+02
   1.0000000E-01   7.7000000E-02   1.2660000E-02   1.3061253E-02   4.6931345E+02
   1.0000000E-01   7.8999996E-02   1.2660000E-02   6.5693891E-01   4.2599448E+02
   1.0000000E-01   8.1000000E-02   1.2660000E-02   1.0000000E+00   4.0040103E+02
   1.0000000E-01   8.3000004E-02   1.2660000E-02   1.0000000E+00   3.8281097E+02
   1.0000000E-01   8.5000001E-02   1.2660000E-02   1.0000000E+00   3.7096542E+02
   1.0000000E-01   8.6999997E-02   1.2660000E-02   1.0000000E+00   3.6339874E+02
   1.0000000E-01   8.9000002E-02   1.2660000E-02   1.0000000E+00   3.5876520E+02
   1.0000000E-01   9.1000006E-02   1.2660000E-02   1.0000000E+00   3.5602731E+02
   1.0000000E-01   9.2999995E-02   1.2660000E-02   1.0000000E+00   3.5445987E+02
   1.0000000E-01   9.4999999E-02   1.2660000E-02   1.0000000E+00   3.5358862E+02
   1.0000000E-01   9.7000003E-02   1.2660000E-02   1.0000000E+00   3.5311856E+02
   1.0000000E-01   9.8999999E-02   1.2660000E-02   1.0000000E+00   3.5287320E+02
   1.0000000E-01   1.0100000E-01   1.2660000E-02   1.0000000E+00   3.5275046E+02
   1.0000000E-01   1.0300000E-01   1.2660000E-02   1.0000000E+00   3.5269284E+02
   1.0000000E-01   1.0500000E-01   1.2660000E-02   1.0000000E+00   3.5266879E+02
   1.0000000E-01   1.0700000E-01   1.2660000E-02   1.0000000E+00   3.5266135E+02
   1.0000000E-01   1.0900000E-01   1.2660000E-02   1.0000000E+00   3.5266165E+02
   1.0000000E-01   1.1100000E-01   1.2660000E-02   1.0000000E+00   3.5266513E+02
   1.0000000E-01   1.1300001E-01   1.2660000E-02   1.0000000E+00   3.5266959E+02
   1.0000000E-01   1.1499999E-01   1.2660000E-02   1.0000000E+00   3.5267389E+02
   1.0000000E-01   1.1700000E-01   1.2660000E-02   1.0000000E+00   3.5267767E+02
   1.0000000E-01   1.1900000E-01   1.2660000E-02   1.0000000E+00   3.5268076E+02
   1.0000000E-01   1.2100000E-01   1.2660000E-02   1.0000000E+00   3.5268314E+02
   1.0000000E-01   1.2633334E-01   1.2660000E-02   1.0000000E+00   3.5268777E+02
   1.0000000E-01   1.3733333E-01   1.2660000E-02   1.0000000E+00   3.5268671E+02
   1.0000000E-01   1.5200000E-01   1.2660000E-02   1.0000000E+00   3.5267203E+02
   1.0000000E-01   8.0000004E-03   1.4620000E-02   1.0000000E+00   3.5272961E+02
   1.0000000E-01   2.2666667E-02   1.4620000E-02   1.0000000E+00   3.5276328E+02
   1.0000000E-01   3.3666667E-02   1.4620000E-02   1.0000000E+00   3.5352155E+02
   1.0000000E-01   3.8999997E-02   1.4620000E-02   1.0000000E+00   3.5731277E+02
   1.0000000E-01   4.1000001E-02   1.4620000E-02   1.0000000E+00   3.6006659E+02
   1.0000000E-01   4.2999998E-02   1.4620000E-02   1.0000000E+00   3.6478665E+02
   1.0000000E-01   4.5000002E-02   1.4620000E-02   1.0000000E+00   3.7242044E+02
   1.0000000E-01   4.6999998E-02   1.4620000E-02   1.0000000E+00   3.8428027E+02
   1.0000000E-01   4.9000002E-02   1.4620000E-02   1.0000000E+00   4.0203192E+02
   1.0000000E-01   5.0999999E-02   1.4620000E-02   1.0000000E+00   4.2752762E+02
   1.0000000E-01   5.3000003E-02   1.4620000E-02   1.0000000E+00   4.6230081E+02
   1.0000000E-01   5.5000000E-02   1.4620000E-02   1.0000000E+00   5.0631543E+02
   1.0000000E-01   5.7000000E-02   1.4620000E-02   1.0000000E+00   5.5508118E+02
   1.0000000E-01   5.9000000E-02   1.4620000E-02   1.0000000E+00   5.9391797E+02
   1.0000000E-01   6.0999997E-02   1.4620000E-02   0.0000000E+00   2.9300000E+02
   1.0000000E-01   6.3000001E-02   1.4620000E-02   0.0000000E+00   2.9300000E+02
   1.0000000E-01   6.4999998E-02   1.4620000E-02   0.0000000E+00   2.9300000E+02
   1.0000000E-01   6.7000002E-02   1.4620000E-02   0.0000000E+00   2.9300000E+02
   1.0000000E-01   6.9000006E-02   1.4620000E-02   0.0000000E+00   2.9300000E+02
   1.0000000E-01   7.0999995E-02   1.4620000E-02   0.0000000E+00   2.9300000E+02
   1.0000000E-01   7.2999999E-02   1.4620000E-02   0.0000000E+00   2.9300000E+02
   1.0000000E-01   7.5000003E-02   1.4620000E-02   0.0000000E+00   2.9300000E+02
   1.0000000E-01   7.7000000E-02   1.4620000E-02   0.0000000E+00   2.9300000E+02
   1.0000000E-01   7.8999996E-02   1.4620000E-02   1.6530646E-02   4.0188855E+02
   1.0000000E-01   8.1000000E-02   1.4620000E-02   6.7346954E-01   3.8317841E+02
   1.0000000E-01   8.3000004E-02   1.4620000E-02   1.0000000E+00   3.7228915E+02
   1.0000000E-01   8.5000001E-02   1.4620000E-02   1.0000000E+00   3.6491241E+02
   1.0000000E-01   8.6999997E-02   1.4620000E-02   1.0000000E+00   3.6001221E+02
   1.0000000E-01   8.9000002E-02   1.4620000E-02   1.0000000E+00   3.5692017E+02
   1.0000000E-01   9.1000006E-02   1.4620000E-02   1.0000000E+00   3.5504987E+02
   1.0000000E-01   9.2999995E-02   1.4620000E-02   1.0000000E+00   3.5395944E+02
   1.0000000E-01   9.4999999E-02   1.4620000E-02   1.0000000E+00   3.5334491E+02
   1.0000000E-01   9.7000003E-02   1.4620000E-02   1.0000000E+00   3.5301031E+02
   1.0000000E-01   9.8999999E-02   1.4620000E-02   1.0000000E+00   3.5283511E+02
   1.0000000E-01   1.0100000E-01   1.4620000E-02   1.0000000E+00   3.5274808E+02
   1.0000000E-01   1.0300000E-01   1.4620000E-02   1.0000000E+00   3.5270831E+02
   1.0000000E-01   1.0500000E-01   1.4620000E-02   1.0000000E+00   3.5269312E+02
   1.0000000E-01   1.0700000E-01   1.4620000E-02   1.0000000E+00   3.5269003E+02
   1.0000000E-01   1.0900000E-01   1.4620000E-02   1.0000000E+00   3.5269257E+02
   1.0000000E-01   1.1100000E-01   1.4620000E-02   1.0000000E+00   3.5269724E+02
   1.0000000E-01   1.1300001E-01   1.4620000E-02   1.0000000E+00   3.5270236E+02
   1.0000000E-01   1.1499999E-01   1.4620000E-02   1.0000000E+00   3.5270718E+02
   1.0000000E-01   1.1700000E-01   1.4620000E-02   1.0000000E+00   3.5271133E+02
   1.0000000E-01   1.1900000E-01   1.4620000E-02   1.0000000E+00   3.5271472E+02
   1.0000000E-01   1.2100000E-01   1.4620000E-02   1.0000000E+00   3.5271738E+02
   1.0000000E-01   1.2633334E-01   1.4620000E-02   1.0000000E+00   3.5272266E+02
   1.0000000E-01   1.3733333E-01   1.4620000E-02   1.0000000E+00   3.5272250E+02
   1.0000000E-01   1.5200000E-01   1.4620000E-02   1.0000000E+00   3.5271014E+02
   1.0000000E-01   8.0000004E-03   1.6580001E-02   1.0000000E+00   3.5275372E+02
   1.0000000E-01   2.2666667E-02   1.6580001E-02   1.0000000E+00   3.5277670E+02
   1.0000000E-01   3.3666667E-02   1.6580001E-02   1.0000000E+00   3.5332697E+02
   1.0000000E-01   3.8999997E-02   1.6580001E-02   1.0000000E+00   3.5603436E+02
   1.0000000E-01   4.1000001E-02   1.6580001E-02   1.0000000E+00   3.5796582E+02
   1.0000000E-01   4.2999998E-02   1.6580001E-02   1.0000000E+00   3.6122949E+02
   1.0000000E-01   4.5000002E-02   1.6580001E-02   1.0000000E+00   3.6642459E+02
   1.0000000E-01   4.6999998E-02   1.6580001E-02   1.0000000E+00   3.7434064E+02
   1.0000000E-01   4.9000002E-02   1.6580001E-02   1.0000000E+00   3.8590057E+02
   1.0000000E-01   5.0999999E-02   1.6580001E-02   1.0000000E+00   4.0196863E+02
   1.0000000E-01   5.3000003E-02   1.6580001E-02   1.0000000E+00   4.2290900E+02
   1.0000000E-01   5.5000000E-02   1.6580001E-02   1.0000000E+00   4.4773569E+02
   1.0000000E-01   5.7000000E-02   1.6580001E-02   1.0000000E+00   4.7273630E+02
   1.0000000E-01   5.9000000E-02   1.6580001E-02   1.0000000E+00   4.9007867E+02
   1.0000000E-01   6.0999997E-02   1.6580001E-02   0.0000000E+00   2.9300000E+02
   1.0000000E-01   6.3000001E-02   1.6580001E-02   0.0000000E+00   2.9300000E+02
   1.0000000E-01   6.4999998E-02   1.6580001E-02   0.0000000E+00   2.9300000E+02
   1.0000000E-01   6.7000002E-02   1.6580001E-02   0.0000000E+00   2.9300000E+02
   1.0000000E-01   6.9000006E-02   1.6580001E-02   0.0000000E+00   2.9300000E+02
   1.0000000E-01   7.0999995E-02   1.6580001E-02   0.0000000E+00   2.9300000E+02
   1.0000000E-01   7.2999999E-02   1.6580001E-02   0.0000000E+00   2.9300000E+02
   1.0000000E-01   7.5000003E-02   1.6580001E-02   0.0000000E+00   2.9300000E+02
   1.0000000E-01   7.7000000E-02   1.6580001E-02   0.0000000E+00   2.9300000E+02
   1.0000000E-01   7.8999996E-02   1.6580001E-02   0.0000000E+00   2.9300000E+02
   1.0000000E-01   8.1000000E-02   1.6580001E-02   2.0408200E-02   3.7258774E+02
   1.0000000E-01   8.3000004E-02   1.6580001E-02   6.8959200E-01   3.6476642E+02
   1.0000000E-01   8.5000001E-02   1.6580001E-02   1.0000000E+00   3.6033633E+02
   1.0000000E-01   8.6999997E-02   1.6580001E-02   1.0000000E+00   3.5738547E+02
   1.0000000E-01   8.9000002E-02   1.6580001E-02   1.0000000E+00   3.5545749E+02
   1.0000000E-01   9.1000006E-02   1.6580001E-02   1.0000000E+00   3.5425928E+02
   1.0000000E-01   9.2999995E-02   1.6580001E-02   1.0000000E+00   3.5354596E+02
   1.0000000E-01   9.4999999E-02   1.6580001E-02   1.0000000E+00   3.5313791E+02
   1.0000000E-01   9.7000003E-02   1.6580001E-02   1.0000000E+00   3.5291382E+02
   1.0000000E-01   9.8999999E-02   1.6580001E-02   1.0000000E+00   3.5279660E+02
   1.0000000E-01   1.0100000E-01   1.6580001E-02   1.0000000E+00   3.5273935E+02
   1.0000000E-01   1.0300000E-01   1.6580001E-02   1.0000000E+00   3.5271472E+02
   1.0000000E-01   1.0500000E-01   1.6580001E-02   1.0000000E+00   3.5270706E+02
   1.0000000E-01   1.0700000E-01   1.6580001E-02   1.0000000E+00   3.5270779E+02
   1.0000000E-01   1.0900000E-01   1.6580001E-02   1.0000000E+00   3.5271228E+02
   1.0000000E-01   1.1100000E-01   1.6580001E-02   1.0000000E+00   3.5271805E+02
   1.0000000E-01   1.1300001E-01   1.6580001E-02   1.0000000E+00   3.5272388E+02
   1.0000000E-01   1.1499999E-01   1.6580001E-02   1.0000000E+00   3.5272919E+02
   1.0000000E-01   1.1700000E-01   1.6580001E-02   1.0000000E+00   3.5273376E+02
   1.0000000E-01   1.1900000E-01   1.6580001E-02   1.0000000E+00   3.5273749E+02
   1.0000000E-01   1.2100000E-01   1.6580001E-02   1.0000000E+00   3.5274045E+02
   1.0000000E-01   1.2633334E-01   1.6580001E-02   1.0000000E+00   3.5274643E+02
   1.0000000E-01   1.3733333E-01   1.6580001E-02   1.0000000E+00   3.5274719E+02
   1.0000000E-01   1.5200000E-01   1.6580001E-02   1.0000000E+00   3.5273676E+02
   1.0000000E-01   8.0000004E-03   1.8539999E-02   1.0000000E+00   3.5276703E+02
   1.0000000E-01   2.2666667E-02   1.8539999E-02   1.0000000E+00   3.5278122E+02
   1.0000000E-01   3.3666667E-02   1.8539999E-02   1.0000000E+00   3.5316400E+02
   1.0000000E-01   3.8999997E-02   1.8539999E-02   1.0000000E+00   3.5502368E+02
   1.0000000E-01   4.1000001E-02   1.8539999E-02   1.0000000E+00   3.5632410E+02
   1.0000000E-01   4.2999998E-02   1.8539999E-02   1.0000000E+00   3.5848636E+02
   1.0000000E-01   4.5000002E-02   1.8539999E-02   1.0000000E+00   3.6186728E+02
   1.0000000E-01   4.6999998E-02   1.8539999E-02   1.0000000E+00   3.6691010E+02
   1.0000000E-01   4.9000002E-02   1.8539999E-02   1.0000000E+00   3.7408344E+02
   1.0000000E-01   5.0999999E-02   1.8539999E-02   1.0000000E+00   3.8373044E+02
   1.0000000E-01   5.3000003E-02   1.8539999E-02   1.0000000E+00   3.9577899E+02
   1.0000000E-01   5.5000000E-02   1.8539999E-02   1.0000000E+00   4.0929196E+02
   1.0000000E-01   5.7000000E-02   1.8539999E-02   1.0000000E+00   4.2195966E+02
   1.0000000E-01   5.9000000E-02   1.8539999E-02   1.0000000E+00   4.3001016E+02
   1.0000000E-01   6.0999997E-02   1.8539999E-02   0.0000000E+00   2.9300000E+02
   1.0000000E-01   6.3000001E-02   1.8539999E-02   0.0000000E+00   2.9300000E+02
   1.0000000E-01   6.4999998E-02   1.8539999E-02   0.0000000E+00   2.9300000E+02
   1.0000000E-01   6.7000002E-02   1.8539999E-02   0.0000000E+00   2.9300000E+02
   1.0000000E-01   6.9000006E-02   1.8539999E-02   0.0000000E+00   2.9300000E+02
   1.0000000E-01   7.0999995E-02   1.8539999E-02   0.0000000E+00   2.9300000E+02
   1.0000000E-01   7.2999999E-02   1.8539999E-02   0.0000000E+00   2.9300000E+02
   1.0000000E-01   7.5000003E-02   1.8539999E-02   0.0000000E+00   2.9300000E+02
   1.0000000E-01   7.7000000E-02   1.8539999E-02   0.0000000E+00   2.9300000E+02
   1.0000000E-01   7.8999996E-02   1.8539999E-02   0.0000000E+00   2.9300000E+02
   1.0000000E-01   8.1000000E-02   1.8539999E-02   0.0000000E+00   2.9300000E+02
   1.0000000E-01   8.3000004E-02   1.8539999E-02   2.4693917E-02   3.6033221E+02
   1.0000000E-01   8.5000001E-02   1.8539999E-02   7.0530623E-01   3.5720917E+02
   1.0000000E-01   8.6999997E-02   1.8539999E-02   1.0000000E+00   3.5549863E+02
   1.0000000E-01   8.9000002E-02   1.8539999E-02   1.0000000E+00   3.5437854E+02
   1.0000000E-01   9.1000006E-02   1.8539999E-02   1.0000000E+00   3.5366098E+02
   1.0000000E-01   9.2999995E-02   1.8539999E-02   1.0000000E+00   3.5322424E+02
   1.0000000E-01   9.4999999E-02   1.8539999E-02   1.0000000E+00   3.5297086E+02
   1.0000000E-01   9.7000003E-02   1.8539999E-02   1.0000000E+00   3.5283109E+02
   1.0000000E-01   9.8999999E-02   1.8539999E-02   1.0000000E+00   3.5275879E+02
   1.0000000E-01   1.0100000E-01   1.8539999E-02   1.0000000E+00   3.5272501E+02
   1.0000000E-01   1.0300000E-01   1.8539999E-02   1.0000000E+00   3.5271243E+02
   1.0000000E-01   1.0500000E-01   1.8539999E-02   1.0000000E+00   3.5271091E+02
   1.0000000E-01   1.0700000E-01   1.8539999E-02   1.0000000E+00   3.5271481E+02
   1.0000000E-01   1.0900000E-01   1.8539999E-02   1.0000000E+00   3.5272101E+02
   1.0000000E-01   1.1100000E-01   1.8539999E-02   1.0000000E+00   3.5272778E+02
   1.0000000E-01   1.1300001E-01   1.8539999E-02   1.0000000E+00   3.5273428E+02
   1.0000000E-01   1.1499999E-01   1.8539999E-02   1.0000000E+00   3.5274011E+02
   1.0000000E-01   1.1700000E-01   1.8539999E-02   1.0000000E+00   3.5274512E+02
   1.0000000E-01   1.1900000E-01   1.8539999E-02   1.0000000E+00   3.5274921E+02
   1.0000000E-01   1.2100000E-01   1.8539999E-02   1.0000000E+00   3.5275250E+02
   1.0000000E-01   1.2633334E-01   1.8539999E-02   1.0000000E+00   3.5275925E+02
   1.0000000E-01   1.3733333E-01   1.8539999E-02   1.0000000E+00   3.5276093E+02
   1.0000000E-01   1.5200000E-01   1.8539999E-02   1.0000000E+00   3.5275198E+02
   1.0000000E-01   8.0000004E-03   2.0500001E-02   1.0000000E+00   3.5276956E+02
   1.0000000E-01   2.2666667E-02   2.0500001E-02   1.0000000E+00   3.5277692E+02
   1.0000000E-01   3.3666667E-02   2.0500001E-02   1.0000000E+00   3.5303067E+02
   1.0000000E-01   3.8999997E-02   2.0500001E-02   1.0000000E+00   3.5425912E+02
   1.0000000E-01   4.1000001E-02   2.0500001E-02   1.0000000E+00   3.5510059E+02
   1.0000000E-01   4.2999998E-02   2.0500001E-02   1.0000000E+00   3.5647626E+02
   1.0000000E-01   4.5000002E-02   2.0500001E-02   1.0000000E+00   3.5858743E+02
   1.0000000E-01   4.6999998E-02   2.0500001E-02   1.0000000E+00   3.6166769E+02
   1.0000000E-01   4.9000002E-02   2.0500001E-02   1.0000000E+00   3.6593573E+02
   1.0000000E-01   5.0999999E-02   2.0500001E-02   1.0000000E+00   3.7149734E+02
   1.0000000E-01   5.3000003E-02   2.0500001E-02   1.0000000E+00   3.7818387E+02
   1.0000000E-01   5.5000000E-02   2.0500001E-02   1.0000000E+00   3.8534622E+02
   1.0000000E-01   5.7000000E-02   2.0500001E-02   1.0000000E+00   3.9170709E+02
   1.0000000E-01   5.9000000E-02   2.0500001E-02   1.0000000E+00   3.9550983E+02
   1.0000000E-01   6.0999997E-02   2.0500001E-02   0.0000000E+00   2.9300000E+02
   1.0000000E-01   6.3000001E-02   2.0500001E-02   0.0000000E+00   2.9300000E+02
   1.0000000E-01   6.4999998E-02   2.0500001E-02   0.0000000E+00   2.9300000E+02
   1.0000000E-01   6.7000002E-02   2.0500001E-02   0.0000000E+00   2.9300000E+02
   1.0000000E-01   6.9000006E-02   2.0500001E-02   0.0000000E+00   2.9300000E+02
   1.0000000E-01   7.0999995E-02   2.0500001E-02   0.0000000E+00   2.9300000E+02
   1.0000000E-01   7.2999999E-02   2.0500001E-02   0.0000000E+00   2.9300000E+02
   1.0000000E-01   7.5000003E-02   2.0500001E-02   0.0000000E+00   2.9300000E+02
   1.0000000E-01   7.7000000E-02   2.0500001E-02   0.0000000E+00   2.9300000E+02
   1.0000000E-01   7.8999996E-02   2.0500001E-02   0.0000000E+00   2.9300000E+02
   1.0000000E-01   8.1000000E-02   2.0500001E-02   0.0000000E+00   2.9300000E+02
   1.0000000E-01   8.3000004E-02   2.0500001E-02   0.0000000E+00   2.9300000E+02
   1.0000000E-01   8.5000001E-02   2.0500001E-02   2.9387798E-02   3.5543253E+02
   1.0000000E-01   8.6999997E-02   2.0500001E-02   7.2061241E-01   3.5424683E+02
   1.0000000E-01   8.9000002E-02   2.0500001E-02   1.0000000E+00   3.5362857E+02
   1.0000000E-01   9.1000006E-02   2.0500001E-02   1.0000000E+00   3.5323135E+02
   1.0000000E-01   9.2999995E-02   2.0500001E-02   1.0000000E+00   3.5298431E+02
   1.0000000E-01   9.4999999E-02   2.0500001E-02   1.0000000E+00   3.5283963E+02
   1.0000000E-01   9.7000003E-02   2.0500001E-02   1.0000000E+00   3.5276044E+02
   1.0000000E-01   9.8999999E-02   2.0500001E-02   1.0000000E+00   3.5272107E+02
   1.0000000E-01   1.0100000E-01   2.0500001E-02   1.0000000E+00   3.5270483E+02
   1.0000000E-01   1.0300000E-01   2.0500001E-02   1.0000000E+00   3.5270142E+02
   1.0000000E-01   1.0500000E-01   2.0500001E-02   1.0000000E+00   3.5270471E+02
   1.0000000E-01   1.0700000E-01   2.0500001E-02   1.0000000E+00   3.5271118E+02
   1.0000000E-01   1.0900000E-01   2.0500001E-02   1.0000000E+00   3.5271884E+02
   1.0000000E-01   1.1100000E-01   2.0500001E-02   1.0000000E+00   3.5272653E+02
   1.0000000E-01   1.1300001E-01   2.0500001E-02   1.0000000E+00   3.5273370E+02
   1.0000000E-01   1.1499999E-01   2.0500001E-02   1.0000000E+00   3.5274005E+02
   1.0000000E-01   1.1700000E-01   2.0500001E-02   1.0000000E+00   3.5274548E+02
   1.0000000E-01   1.1900000E-01   2.0500001E-02   1.0000000E+00   3.5275000E+02
   1.0000000E-01   1.2100000E-01   2.0500001E-02   1.0000000E+00   3.5275363E+02
   1.0000000E-01   1.2633334E-01   2.0500001E-02   1.0000000E+00   3.5276120E+02
   1.0000000E-01   1.3733333E-01   2.0500001E-02   1.0000000E+00   3.5276376E+02
   1.0000000E-01   1.5200000E-01   2.0500001E-02   1.0000000E+00   3.5275592E+02
   1.0000000E-01   8.0000004E-03   2.2459999E-02   1.0000000E+00   3.5276138E+02
   1.0000000E-01   2.2666667E-02   2.2459999E-02   1.0000000E+00   3.5276358E+02
   1.0000000E-01   3.3666667E-02   2.2459999E-02   1.0000000E+00   3.5292197E+02
   1.0000000E-01   3.8999997E-02   2.2459999E-02   1.0000000E+00   3.5370102E+02
   1.0000000E-01   4.1000001E-02   2.2459999E-02   1.0000000E+00   3.5422440E+02
   1.0000000E-01   4.2999998E-02   2.2459999E-02   1.0000000E+00   3.5506601E+02
   1.0000000E-01   4.5000002E-02   2.2459999E-02   1.0000000E+00   3.5633395E+02
   1.0000000E-01   4.6999998E-02   2.2459999E-02   1.0000000E+00   3.5814429E+02
   1.0000000E-01   4.9000002E-02   2.2459999E-02   1.0000000E+00   3.6058990E+02
   1.0000000E-01   5.0999999E-02   2.2459999E-02   1.0000000E+00   3.6368445E+02
   1.0000000E-01   5.3000003E-02   2.2459999E-02   1.0000000E+00   3.6728098E+02
   1.0000000E-01   5.5000000E-02   2.2459999E-02   1.0000000E+00   3.7098773E+02
   1.0000000E-01   5.7000000E-02   2.2459999E-02   1.0000000E+00   3.7414066E+02
   1.0000000E-01   5.9000000E-02   2.2459999E-02   1.0000000E+00   3.7593082E+02
   1.0000000E-01   6.0999997E-02   2.2459999E-02   0.0000000E+00   2.9300000E+02
   1.0000000E-01   6.3000001E-02   2.2459999E-02   0.0000000E+00   2.9300000E+02
   1.0000000E-01   6.4999998E-02   2.2459999E-02   0.0000000E+00   2.9300000E+02
   1.0000000E-01   6.7000002E-02   2.2459999E-02   0.0000000E+00   2.9300000E+02
   1.0000000E-01   6.9000006E-02   2.2459999E-02   0.0000000E+00   2.9300000E+02
   1.0000000E-01   7.0999995E-02   2.2459999E-02   0.0000000E+00   2.9300000E+02
   1.0000000E-01   7.2999999E-02   2.2459999E-02   0.0000000E+00   2.9300000E+02
   1.0000000E-01   7.5000003E-02   2.2459999E-02   0.0000000E+00   2.9300000E+02
   1.0000000E-01   7.7000000E-02   2.2459999E-02   0.0000000E+00   2.9300000E+02
   1.0000000E-01   7.8999996E-02   2.2459999E-02   0.0000000E+00   2.9300000E+02
   1.0000000E-01   8.1000000E-02   2.2459999E-02   0.0000000E+00   2.9300000E+02
   1.0000000E-01   8.3000004E-02   2.2459999E-02   0.0000000E+00   2.9300000E+02
   1.0000000E-01   8.5000001E-02   2.2459999E-02   0.0000000E+00   2.9300000E+02
   1.0000000E-01   8.6999997E-02   2.2459999E-02   3.4489844E-02   3.5355652E+02
   1.0000000E-01   8.9000002E-02   2.2459999E-02   7.3551035E-01   3.5313269E+02
   1.0000000E-01   9.1000006E-02   2.2459999E-02   1.0000000E+00   3.5293323E+02
   1.0000000E-01   9.2999995E-02   2.2459999E-02   1.0000000E+00   3.5280859E+02
   1.0000000E-01   9.4999999E-02   2.2459999E-02   1.0000000E+00   3.5273611E+02
   1.0000000E-01   9.7000003E-02   2.2459999E-02   1.0000000E+00   3.5269818E+02
   1.0000000E-01   9.8999999E-02   2.2459999E-02   1.0000000E+00   3.5268179E+02
   1.0000000E-01   1.0100000E-01   2.2459999E-02   1.0000000E+00   3.5267810E+02
   1.0000000E-01   1.0300000E-01   2.2459999E-02   1.0000000E+00   3.5268143E+02
   1.0000000E-01   1.0500000E-01   2.2459999E-02   1.0000000E+00   3.5268835E+02
   1.0000000E-01   1.0700000E-01   2.2459999E-02   1.0000000E+00   3.5269690E+02
   1.0000000E-01   1.0900000E-01   2.2459999E-02   1.0000000E+00   3.5270578E+02
   1.0000000E-01   1.1100000E-01   2.2459999E-02   1.0000000E+00   3.5271432E+02
   1.0000000E-01   1.1300001E-01   2.2459999E-02   1.0000000E+00   3.5272217E+02
   1.0000000E-01   1.1499999E-01   2.2459999E-02   1.0000000E+00   3.5272906E+02
   1.0000000E-01   1.1700000E-01   2.2459999E-02   1.0000000E+00   3.5273499E+02
   1.0000000E-01   1.1900000E-01   2.2459999E-02   1.0000000E+00   3.5273990E+02
   1.0000000E-01   1.2100000E-01   2.2459999E-02   1.0000000E+00   3.5274390E+02
   1.0000000E-01   1.2633334E-01   2.2459999E-02   1.0000000E+00   3.5275232E+02
   1.0000000E-01   1.3733333E-01   2.2459999E-02   1.0000000E+00   3.5275574E+02
   1.0000000E-01   1.5200000E-01   2.2459999E-02   1.0000000E+00   3.5274860E+02
   1.0000000E-01   8.0000004E-03   2.4420001E-02   1.0000000E+00   3.5274240E+02
   1.0000000E-01   2.2666667E-02   2.4420001E-02   1.0000000E+00   3.5274088E+02
   1.0000000E-01   3.3666667E-02   2.4420001E-02   1.0000000E+00   3.5283136E+02
   1.0000000E-01   3.8999997E-02   2.4420001E-02   1.0000000E+00   3.5330322E+02
   1.0000000E-01   4.1000001E-02   2.4420001E-02   1.0000000E+00   3.5361530E+02
   1.0000000E-01   4.2999998E-02   2.4420001E-02   1.0000000E+00   3.5410986E+02
   1.0000000E-01   4.5000002E-02   2.4420001E-02   1.0000000E+00   3.5484241E+02
   1.0000000E-01   4.6999998E-02   2.4420001E-02   1.0000000E+00   3.5586725E+02
   1.0000000E-01   4.9000002E-02   2.4420001E-02   1.0000000E+00   3.5721924E+02
   1.0000000E-01   5.0999999E-02   2.4420001E-02   1.0000000E+00   3.5888400E+02
   1.0000000E-01   5.3000003E-02   2.4420001E-02   1.0000000E+00   3.6076047E+02
   1.0000000E-01   5.5000000E-02   2.4420001E-02   1.0000000E+00   3.6262946E+02
   1.0000000E-01   5.7000000E-02   2.4420001E-02   1.0000000E+00   3.6415814E+02
   1.0000000E-01   5.9000000E-02   2.4420001E-02   1.0000000E+00   3.6497562E+02
   1.0000000E-01   6.0999997E-02   2.4420001E-02   0.0000000E+00   2.9300000E+02
   1.0000000E-01   6.3000001E-02   2.4420001E-02   0.0000000E+00   2.9300000E+02
   1.0000000E-01   6.4999998E-02   2.4420001E-02   0.0000000E+00   2.9300000E+02
   1.0000000E-01   6.7000002E-02   2.4420001E-02   0.0000000E+00   2.9300000E+02
   1.0000000E-01   6.9000006E-02   2.4420001E-02   0.0000000E+00   2.9300000E+02
   1.0000000E-01   7.0999995E-02   2.4420001E-02   0.0000000E+00   2.9300000E+02
   1.0000000E-01   7.2999999E-02   2.4420001E-02   0.0000000E+00   2.9300000E+02
   1.0000000E-01   7.5000003E-02   2.4420001E-02   0.0000000E+00   2.9300000E+02
   1.0000000E-01   7.7000000E-02   2.4420001E-02   0.0000000E+00   2.9300000E+02
   1.0000000E-01   7.8999996E-02   2.4420001E-02   0.0000000E+00   2.9300000E+02
   1.0000000E-01   8.1000000E-02   2.4420001E-02   0.0000000E+00   2.9300000E+02
   1.0000000E-01   8.3000004E-02   2.4420001E-02   0.0000000E+00   2.9300000E+02
   1.0000000E-01   8.5000001E-02   2.4420001E-02   0.0000000E+00   2.9300000E+02
   1.0000000E-01   8.6999997E-02   2.4420001E-02   0.0000000E+00   2.9300000E+02
   1.0000000E-01   8.9000002E-02   2.4420001E-02   4.0000051E-02   3.5286337E+02
   1.0000000E-01   9.1000006E-02   2.4420001E-02   7.5000012E-01   3.5272479E+02
   1.0000000E-01   9.2999995E-02   2.4420001E-02   1.0000000E+00   3.5267807E+02
   1.0000000E-01   9.4999999E-02   2.4420001E-02   1.0000000E+00   3.5265109E+02
   1.0000000E-01   9.7000003E-02   2.4420001E-02   1.0000000E+00   3.5264001E+02
   1.0000000E-01   9.8999999E-02   2.4420001E-02   1.0000000E+00   3.5263898E+02
   1.0000000E-01   1.0100000E-01   2.4420001E-02   1.0000000E+00   3.5264389E+02
   1.0000000E-01   1.0300000E-01   2.4420001E-02   1.0000000E+00   3.5265201E+02
   1.0000000E-01   1.0500000E-01   2.4420001E-02   1.0000000E+00   3.5266165E+02
   1.0000000E-01   1.0700000E-01   2.4420001E-02   1.0000000E+00   3.5267178E+02
   1.0000000E-01   1.0900000E-01   2.4420001E-02   1.0000000E+00   3.5268176E+02
   1.0000000E-01   1.1100000E-01   2.4420001E-02   1.0000000E+00   3.5269113E+02
   1.0000000E-01   1.1300001E-01   2.4420001E-02   1.0000000E+00   3.5269962E+02
   1.0000000E-01   1.1499999E-01   2.4420001E-02   1.0000000E+00   3.5270709E+02
   1.0000000E-01   1.1700000E-01   2.4420001E-02   1.0000000E+00   3.5271353E+02
   1.0000000E-01   1.1900000E-01   2.4420001E-02   1.0000000E+00   3.5271890E+02
   1.0000000E-01   1.2100000E-01   2.4420001E-02   1.0000000E+00   3.5272327E+02
   1.0000000E-01   1.2633334E-01   2.4420001E-02   1.0000000E+00   3.5273257E+02
   1.0000000E-01   1.3733333E-01   2.4420001E-02   1.0000000E+00   3.5273676E+02
   1.0000000E-01   1.5200000E-01   2.4420001E-02   1.0000000E+00   3.5272998E+02
   1.0000000E-01   8.0000004E-03   2.6379999E-02   1.0000000E+00   3.5271249E+02
   1.0000000E-01   2.2666667E-02   2.6379999E-02   1.0000000E+00   3.5270840E+02
   1.0000000E-01   3.3666667E-02   2.6379999E-02   1.0000000E+00   3.5275223E+02
   1.0000000E-01   3.8999997E-02   2.6379999E-02   1.0000000E+00   3.5302158E+02
   1.0000000E-01   4.1000001E-02   2.6379999E-02   1.0000000E+00   3.5319836E+02
   1.0000000E-01   4.2999998E-02   2.6379999E-02   1.0000000E+00   3.5347583E+02
   1.0000000E-01   4.5000002E-02   2.6379999E-02   1.0000000E+00   3.5388110E+02
   1.0000000E-01   4.6999998E-02   2.6379999E-02   1.0000000E+00   3.5443805E+02
   1.0000000E-01   4.9000002E-02   2.6379999E-02   1.0000000E+00   3.5515695E+02
   1.0000000E-01   5.0999999E-02   2.6379999E-02   1.0000000E+00   3.5601999E+02
   1.0000000E-01   5.3000003E-02   2.6379999E-02   1.0000000E+00   3.5696494E+02
   1.0000000E-01   5.5000000E-02   2.6379999E-02   1.0000000E+00   3.5787466E+02
   1.0000000E-01   5.7000000E-02   2.6379999E-02   1.0000000E+00   3.5858621E+02
   1.0000000E-01   5.9000000E-02   2.6379999E-02   1.0000000E+00   3.5892969E+02
   1.0000000E-01   6.0999997E-02   2.6379999E-02   0.0000000E+00   2.9300000E+02
   1.0000000E-01   6.3000001E-02   2.6379999E-02   0.0000000E+00   2.9300000E+02
   1.0000000E-01   6.4999998E-02   2.6379999E-02   0.0000000E+00   2.9300000E+02
   1.0000000E-01   6.7000002E-02   2.6379999E-02   0.0000000E+00   2.9300000E+02
   1.0000000E-01   6.9000006E-02   2.6379999E-02   0.0000000E+00   2.9300000E+02
   1.0000000E-01   7.0999995E-02   2.6379999E-02   0.0000000E+00   2.9300000E+02
   1.0000000E-01   7.2999999E-02   2.6379999E-02   0.0000000E+00   2.9300000E+02
   1.0000000E-01   7.5000003E-02   2.6379999E-02   0.0000000E+00   2.9300000E+02
   1.0000000E-01   7.7000000E-02   2.6379999E-02   0.0000000E+00   2.9300000E+02
   1.0000000E-01   7.8999996E-02   2.6379999E-02   0.0000000E+00   2.9300000E+02
   1.0000000E-01   8.1000000E-02   2.6379999E-02   0.0000000E+00   2.9300000E+02
   1.0000000E-01   8.3000004E-02   2.6379999E-02   0.0000000E+00   2.9300000E+02
   1.0000000E-01   8.5000001E-02   2.6379999E-02   0.0000000E+00   2.9300000E+02
   1.0000000E-01   8.6999997E-02   2.6379999E-02   0.0000000E+00   2.9300000E+02
   1.0000000E-01   8.9000002E-02   2.6379999E-02   0.0000000E+00   2.9300000E+02
   1.0000000E-01   9.1000006E-02   2.6379999E-02   4.5918424E-02   3.5260883E+02
   1.0000000E-01   9.2999995E-02   2.6379999E-02   7.6408178E-01   3.5257080E+02
   1.0000000E-01   9.4999999E-02   2.6379999E-02   1.0000000E+00   3.5257623E+02
   1.0000000E-01   9.7000003E-02   2.6379999E-02   1.0000000E+00   3.5258188E+02
   1.0000000E-01   9.8999999E-02   2.6379999E-02   1.0000000E+00   3.5259076E+02
   1.0000000E-01   1.0100000E-01   2.6379999E-02   1.0000000E+00   3.5260138E+02
   1.0000000E-01   1.0300000E-01   2.6379999E-02   1.0000000E+00   3.5261276E+02
   1.0000000E-01   1.0500000E-01   2.6379999E-02   1.0000000E+00   3.5262436E+02
   1.0000000E-01   1.0700000E-01   2.6379999E-02   1.0000000E+00   3.5263577E+02
   1.0000000E-01   1.0900000E-01   2.6379999E-02   1.0000000E+00   3.5264670E+02
   1.0000000E-01   1.1100000E-01   2.6379999E-02   1.0000000E+00   3.5265686E+02
   1.0000000E-01   1.1300001E-01   2.6379999E-02   1.0000000E+00   3.5266605E+02
   1.0000000E-01   1.1499999E-01   2.6379999E-02   1.0000000E+00   3.5267413E+02
   1.0000000E-01   1.1700000E-01   2.6379999E-02   1.0000000E+00   3.5268109E+02
   1.0000000E-01   1.1900000E-01   2.6379999E-02   1.0000000E+00   3.5268692E+02
   1.0000000E-01   1.2100000E-01   2.6379999E-02   1.0000000E+00   3.5269168E+02
   1.0000000E-01   1.2633334E-01   2.6379999E-02   1.0000000E+00   3.5270184E+02
   1.0000000E-01   1.3733333E-01   2.6379999E-02   1.0000000E+00   3.5270673E+02
   1.0000000E-01   1.5200000E-01   2.6379999E-02   1.0000000E+00   3.5270001E+02
   1.0000000E-01   8.0000004E-03   2.8340001E-02   1.0000000E+00   3.5267148E+02
   1.0000000E-01   2.2666667E-02   2.8340001E-02   1.0000000E+00   3.5266568E+02
   1.0000000E-01   3.3666667E-02   2.8340001E-02   1.0000000E+00   3.5267850E+02
   1.0000000E-01   3.8999997E-02   2.8340001E-02   1.0000000E+00   3.5281860E+02
   1.0000000E-01   4.1000001E-02   2.8340001E-02   1.0000000E+00   3.5291162E+02
   1.0000000E-01   4.2999998E-02   2.8340001E-02   1.0000000E+00   3.5305759E+02
   1.0000000E-01   4.5000002E-02   2.8340001E-02   1.0000000E+00   3.5326917E+02
   1.0000000E-01   4.6999998E-02   2.8340001E-02   1.0000000E+00   3.5355591E+02
   1.0000000E-01   4.9000002E-02   2.8340001E-02   1.0000000E+00   3.5391901E+02
   1.0000000E-01   5.0999999E-02   2.8340001E-02   1.0000000E+00   3.5434430E+02
   1.0000000E-01   5.3000003E-02   2.8340001E-02   1.0000000E+00   3.5479581E+02
   1.0000000E-01   5.5000000E-02   2.8340001E-02   1.0000000E+00   3.5521271E+02
   1.0000000E-01   5.7000000E-02   2.8340001E-02   1.0000000E+00   3.5551624E+02
   1.0000000E-01   5.9000000E-02   2.8340001E-02   1.0000000E+00   3.5562854E+02
   1.0000000E-01   6.0999997E-02   2.8340001E-02   0.0000000E+00   2.9300000E+02
   1.0000000E-01   6.3000001E-02   2.8340001E-02   0.0000000E+00   2.9300000E+02
   1.0000000E-01   6.4999998E-02   2.8340001E-02   0.0000000E+00   2.9300000E+02
   1.0000000E-01   6.7000002E-02   2.8340001E-02   0.0000000E+00   2.9300000E+02
   1.0000000E-01   6.9000006E-02   2.8340001E-02   0.0000000E+00   2.9300000E+02
   1.0000000E-01   7.0999995E-02   2.8340001E-02   0.0000000E+00   2.9300000E+02
   1.0000000E-01   7.2999999E-02   2.8340001E-02   0.0000000E+00   2.9300000E+02
   1.0000000E-01   7.5000003E-02   2.8340001E-02   0.0000000E+00   2.9300000E+02
   1.0000000E-01   7.7000000E-02   2.8340001E-02   0.0000000E+00   2.9300000E+02
   1.0000000E-01   7.8999996E-02   2.8340001E-02   0.0000000E+00   2.9300000E+02
   1.0000000E-01   8.1000000E-02   2.8340001E-02   0.0000000E+00   2.9300000E+02
   1.0000000E-01   8.3000004E-02   2.8340001E-02   0.0000000E+00   2.9300000E+02
   1.0000000E-01   8.5000001E-02   2.8340001E-02   0.0000000E+00   2.9300000E+02
   1.0000000E-01   8.6999997E-02   2.8340001E-02   0.0000000E+00   2.9300000E+02
   1.0000000E-01   8.9000002E-02   2.8340001E-02   0.0000000E+00   2.9300000E+02
   1.0000000E-01   9.1000006E-02   2.8340001E-02   0.0000000E+00   2.9300000E+02
   1.0000000E-01   9.2999995E-02   2.8340001E-02   5.2244958E-02   3.5250543E+02
   1.0000000E-01   9.4999999E-02   2.8340001E-02   7.7775520E-01   3.5249948E+02
   1.0000000E-01   9.7000003E-02   2.8340001E-02   1.0000000E+00   3.5252069E+02
   1.0000000E-01   9.8999999E-02   2.8340001E-02   1.0000000E+00   3.5253568E+02
   1.0000000E-01   1.0100000E-01   2.8340001E-02   1.0000000E+00   3.5254990E+02
   1.0000000E-01   1.0300000E-01   2.8340001E-02   1.0000000E+00   3.5256332E+02
   1.0000000E-01   1.0500000E-01   2.8340001E-02   1.0000000E+00   3.5257617E+02
   1.0000000E-01   1.0700000E-01   2.8340001E-02   1.0000000E+00   3.5258856E+02
   1.0000000E-01   1.0900000E-01   2.8340001E-02   1.0000000E+00   3.5260037E+02
   1.0000000E-01   1.1100000E-01   2.8340001E-02   1.0000000E+00   3.5261136E+02
   1.0000000E-01   1.1300001E-01   2.8340001E-02   1.0000000E+00   3.5262128E+02
   1.0000000E-01   1.1499999E-01   2.8340001E-02   1.0000000E+00   3.5263004E+02
   1.0000000E-01   1.1700000E-01   2.8340001E-02   1.0000000E+00   3.5263754E+02
   1.0000000E-01   1.1900000E-01   2.8340001E-02   1.0000000E+00   3.5264383E+02
   1.0000000E-01   1.2100000E-01   2.8340001E-02   1.0000000E+00   3.5264902E+02
   1.0000000E-01   1.2633334E-01   2.8340001E-02   1.0000000E+00   3.5266003E+02
   1.0000000E-01   1.3733333E-01   2.8340001E-02   1.0000000E+00   3.5266553E+02
   1.0000000E-01   1.5200000E-01   2.8340001E-02   1.0000000E+00   3.5265851E+02
   1.0000000E-01   8.0000004E-03   3.0299999E-02   1.0000000E+00   3.5261920E+02
   1.0000000E-01   2.2666667E-02   3.0299999E-02   1.0000000E+00   3.5261230E+02
   1.0000000E-01   3.3666667E-02   3.0299999E-02   1.0000000E+00   3.5260510E+02
   1.0000000E-01   3.8999997E-02   3.0299999E-02   1.0000000E+00   3.5266513E+02
   1.0000000E-01   4.1000001E-02   3.0299999E-02   1.0000000E+00   3.5270773E+02
   1.0000000E-01   4.2999998E-02   3.0299999E-02   1.0000000E+00   3.5277634E+02
   1.0000000E-01   4.5000002E-02   3.0299999E-02   1.0000000E+00   3.5287640E+02
   1.0000000E-01   4.6999998E-02   3.0299999E-02   1.0000000E+00   3.5301120E+02
   1.0000000E-01   4.9000002E-02   3.0299999E-02   1.0000000E+00   3.5317914E+02
   1.0000000E-01   5.0999999E-02   3.0299999E-02   1.0000000E+00   3.5337057E+02
   1.0000000E-01   5.3000003E-02   3.0299999E-02   1.0000000E+00   3.5356540E+02
   1.0000000E-01   5.5000000E-02   3.0299999E-02   1.0000000E+00   3.5373251E+02
   1.0000000E-01   5.7000000E-02   3.0299999E-02   1.0000000E+00   3.5383395E+02
   1.0000000E-01   5.9000000E-02   3.0299999E-02   1.0000000E+00   3.5383386E+02
   1.0000000E-01   6.0999997E-02   3.0299999E-02   0.0000000E+00   2.9300000E+02
   1.0000000E-01   6.3000001E-02   3.0299999E-02   0.0000000E+00   2.9300000E+02
   1.0000000E-01   6.4999998E-02   3.0299999E-02   0.0000000E+00   2.9300000E+02
   1.0000000E-01   6.7000002E-02   3.0299999E-02   0.0000000E+00   2.9300000E+02
   1.0000000E-01   6.9000006E-02   3.0299999E-02   0.0000000E+00   2.9300000E+02
   1.0000000E-01   7.0999995E-02   3.0299999E-02   0.0000000E+00   2.9300000E+02
   1.0000000E-01   7.2999999E-02   3.0299999E-02   0.0000000E+00   2.9300000E+02
   1.0000000E-01   7.5000003E-02   3.0299999E-02   0.0000000E+00   2.9300000E+02
   1.0000000E-01   7.7000000E-02   3.0299999E-02   0.0000000E+00   2.9300000E+02
   1.0000000E-01   7.8999996E-02   3.0299999E-02   0.0000000E+00   2.9300000E+02
   1.0000000E-01   8.1000000E-02   3.0299999E-02   0.0000000E+00   2.9300000E+02
   1.0000000E-01   8.3000004E-02   3.0299999E-02   0.0000000E+00   2.9300000E+02
   1.0000000E-01   8.5000001E-02   3.0299999E-02   0.0000000E+00   2.9300000E+02
   1.0000000E-01   8.6999997E-02   3.0299999E-02   0.0000000E+00   2.9300000E+02
   1.0000000E-01   8.9000002E-02   3.0299999E-02   0.0000000E+00   2.9300000E+02
   1.0000000E-01   9.1000006E-02   3.0299999E-02   0.0000000E+00   2.9300000E+02
   1.0000000E-01   9.2999995E-02   3.0299999E-02   0.0000000E+00   2.9300000E+02
   1.0000000E-01   9.4999999E-02   3.0299999E-02   5.8979653E-02   3.5244705E+02
   1.0000000E-01   9.7000003E-02   3.0299999E-02   7.9102051E-01   3.5244879E+02
   1.0000000E-01   9.8999999E-02   3.0299999E-02   1.0000000E+00   3.5247293E+02
   1.0000000E-01   1.0100000E-01   3.0299999E-02   1.0000000E+00   3.5248901E+02
   1.0000000E-01   1.0300000E-01   3.0299999E-02   1.0000000E+00   3.5250336E+02
   1.0000000E-01   1.0500000E-01   3.0299999E-02   1.0000000E+00   3.5251675E+02
   1.0000000E-01   1.0700000E-01   3.0299999E-02   1.0000000E+00   3.5252991E+02
   1.0000000E-01   1.0900000E-01   3.0299999E-02   1.0000000E+00   3.5254260E+02
   1.0000000E-01   1.1100000E-01   3.0299999E-02   1.0000000E+00   3.5255450E+02
   1.0000000E-01   1.1300001E-01   3.0299999E-02   1.0000000E+00   3.5256525E+02
   1.0000000E-01   1.1499999E-01   3.0299999E-02   1.0000000E+00   3.5257471E+02
   1.0000000E-01   1.1700000E-01   3.0299999E-02   1.0000000E+00   3.5258279E+02
   1.0000000E-01   1.1900000E-01   3.0299999E-02   1.0000000E+00   3.5258957E+02
   1.0000000E-01   1.2100000E-01   3.0299999E-02   1.0000000E+00   3.5259512E+02
   1.0000000E-01   1.2633334E-01   3.0299999E-02   1.0000000E+00   3.5260696E+02
   1.0000000E-01   1.3733333E-01   3.0299999E-02   1.0000000E+00   3.5261298E+02
   1.0000000E-01   1.5200000E-01   3.0299999E-02   1.0000000E+00   3.5260529E+02
   1.0000000E-01   8.0000004E-03   3.2260001E-02   1.0000000E+00   3.5255539E+02
   1.0000000E-01   2.2666667E-02   3.2260001E-02   1.0000000E+00   3.5254785E+02
   1.0000000E-01   3.3666667E-02   3.2260001E-02   1.0000000E+00   3.5252814E+02
   1.0000000E-01   3.8999997E-02   3.2260001E-02   1.0000000E+00   3.5253998E+02
   1.0000000E-01   4.1000001E-02   3.2260001E-02   1.0000000E+00   3.5255304E+02
   1.0000000E-01   4.2999998E-02   3.2260001E-02   1.0000000E+00   3.5257727E+02
   1.0000000E-01   4.5000002E-02   3.2260001E-02   1.0000000E+00   3.5261478E+02
   1.0000000E-01   4.6999998E-02   3.2260001E-02   1.0000000E+00   3.5266611E+02
   1.0000000E-01   4.9000002E-02   3.2260001E-02   1.0000000E+00   3.5272931E+02
   1.0000000E-01   5.0999999E-02   3.2260001E-02   1.0000000E+00   3.5279819E+02
   1.0000000E-01   5.3000003E-02   3.2260001E-02   1.0000000E+00   3.5286169E+02
   1.0000000E-01   5.5000000E-02   3.2260001E-02   1.0000000E+00   3.5290387E+02
   1.0000000E-01   5.7000000E-02   3.2260001E-02   1.0000000E+00   3.5290625E+02
   1.0000000E-01   5.9000000E-02   3.2260001E-02   1.0000000E+00   3.5285193E+02
   1.0000000E-01   6.0999997E-02   3.2260001E-02   0.0000000E+00   2.9300000E+02
   1.0000000E-01   6.3000001E-02   3.2260001E-02   0.0000000E+00   2.9300000E+02
   1.0000000E-01   6.4999998E-02   3.2260001E-02   0.0000000E+00   2.9300000E+02
   1.0000000E-01   6.7000002E-02   3.2260001E-02   0.0000000E+00   2.9300000E+02
   1.0000000E-01   6.9000006E-02   3.2260001E-02   0.0000000E+00   2.9300000E+02
   1.0000000E-01   7.0999995E-02   3.2260001E-02   0.0000000E+00   2.9300000E+02
   1.0000000E-01   7.2999999E-02   3.2260001E-02   0.0000000E+00   2.9300000E+02
   1.0000000E-01   7.5000003E-02   3.2260001E-02   0.0000000E+00   2.9300000E+02
   1.0000000E-01   7.7000000E-02   3.2260001E-02   0.0000000E+00   2.9300000E+02
   1.0000000E-01   7.8999996E-02   3.2260001E-02   0.0000000E+00   2.9300000E+02
   1.0000000E-01   8.1000000E-02   3.2260001E-02   0.0000000E+00   2.9300000E+02
   1.0000000E-01   8.3000004E-02   3.2260001E-02   0.0000000E+00   2.9300000E+02
   1.0000000E-01   8.5000001E-02   3.2260001E-02   0.0000000E+00   2.9300000E+02
   1.0000000E-01   8.6999997E-02   3.2260001E-02   0.0000000E+00   2.9300000E+02
   1.0000000E-01   8.9000002E-02   3.2260001E-02   0.0000000E+00   2.9300000E+02
   1.0000000E-01   9.1000006E-02   3.2260001E-02   0.0000000E+00   2.9300000E+02
   1.0000000E-01   9.2999995E-02   3.2260001E-02   0.0000000E+00   2.9300000E+02
   1.0000000E-01   9.4999999E-02   3.2260001E-02   0.0000000E+00   2.9300000E+02
   1.0000000E-01   9.7000003E-02   3.2260001E-02   6.6122517E-02   3.5239581E+02
   1.0000000E-01   9.8999999E-02   3.2260001E-02   8.0387765E-01   3.5239651E+02
   1.0000000E-01   1.0100000E-01   3.2260001E-02   1.0000000E+00   3.5241861E+02
   1.0000000E-01   1.0300000E-01   3.2260001E-02   1.0000000E+00   3.5243253E+02
   1.0000000E-01   1.0500000E-01   3.2260001E-02   1.0000000E+00   3.5244550E+02
   1.0000000E-01   1.0700000E-01   3.2260001E-02   1.0000000E+00   3.5245926E+02
   1.0000000E-01   1.0900000E-01   3.2260001E-02   1.0000000E+00   3.5247308E+02
   1.0000000E-01   1.1100000E-01   3.2260001E-02   1.0000000E+00   3.5248611E+02
   1.0000000E-01   1.1300001E-01   3.2260001E-02   1.0000000E+00   3.5249780E+02
   1.0000000E-01   1.1499999E-01   3.2260001E-02   1.0000000E+00   3.5250803E+02
   1.0000000E-01   1.1700000E-01   3.2260001E-02   1.0000000E+00   3.5251669E+02
   1.0000000E-01   1.1900000E-01   3.2260001E-02   1.0000000E+00   3.5252396E+02
   1.0000000E-01   1.2100000E-01   3.2260001E-02   1.0000000E+00   3.5252988E+02
   1.0000000E-01   1.2633334E-01   3.2260001E-02   1.0000000E+00   3.5254245E+02
   1.0000000E-01   1.3733333E-01   3.2260001E-02   1.0000000E+00   3.5254892E+02
   1.0000000E-01   1.5200000E-01   3.2260001E-02   1.0000000E+00   3.5254019E+02
   1.0000000E-01   8.0000004E-03   3.4220003E-02   1.0000000E+00   3.5247986E+02
   1.0000000E-01   2.2666667E-02   3.4220003E-02   1.0000000E+00   3.5247195E+02
   1.0000000E-01   3.3666667E-02   3.4220003E-02   1.0000000E+00   3.5244470E+02
   1.0000000E-01   3.8999997E-02   3.4220003E-02   1.0000000E+00   3.5242844E+02
   1.0000000E-01   4.1000001E-02   3.4220003E-02   1.0000000E+00   3.5242471E+02
   1.0000000E-01   4.2999998E-02   3.4220003E-02   1.0000000E+00   3.5242426E+02
   1.0000000E-01   4.5000002E-02   3.4220003E-02   1.0000000E+00   3.5242755E+02
   1.0000000E-01   4.6999998E-02   3.4220003E-02   1.0000000E+00   3.5243423E+02
   1.0000000E-01   4.9000002E-02   3.4220003E-02   1.0000000E+00   3.5244250E+02
   1.0000000E-01   5.0999999E-02   3.4220003E-02   1.0000000E+00   3.5244858E+02
   1.0000000E-01   5.3000003E-02   3.4220003E-02   1.0000000E+00   3.5244629E+02
   1.0000000E-01   5.5000000E-02   3.4220003E-02   1.0000000E+00   3.5242728E+02
   1.0000000E-01   5.7000000E-02   3.4220003E-02   1.0000000E+00   3.5238217E+02
   1.0000000E-01   5.9000000E-02   3.4220003E-02   1.0000000E+00   3.5230225E+02
   1.0000000E-01   6.0999997E-02   3.4220003E-02   0.0000000E+00   2.9300000E+02
   1.0000000E-01   6.3000001E-02   3.4220003E-02   0.0000000E+00   2.9300000E+02
   1.0000000E-01   6.4999998E-02   3.4220003E-02   0.0000000E+00   2.9300000E+02
   1.0000000E-01   6.7000002E-02   3.4220003E-02   0.0000000E+00   2.9300000E+02
   1.0000000E-01   6.9000006E-02   3.4220003E-02   0.0000000E+00   2.9300000E+02
   1.0000000E-01   7.0999995E-02   3.4220003E-02   0.0000000E+00   2.9300000E+02
   1.0000000E-01   7.2999999E-02   3.4220003E-02   0.0000000E+00   2.9300000E+02
   1.0000000E-01   7.5000003E-02   3.4220003E-02   0.0000000E+00   2.9300000E+02
   1.0000000E-01   7.7000000E-02   3.4220003E-02   0.0000000E+00   2.9300000E+02
   1.0000000E-01   7.8999996E-02   3.4220003E-02   0.0000000E+00   2.9300000E+02
   1.0000000E-01   8.1000000E-02   3.4220003E-02   0.0000000E+00   2.9300000E+02
   1.0000000E-01   8.3000004E-02   3.4220003E-02   0.0000000E+00   2.9300000E+02
   1.0000000E-01   8.5000001E-02   3.4220003E-02   0.0000000E+00   2.9300000E+02
   1.0000000E-01   8.6999997E-02   3.4220003E-02   0.0000000E+00   2.9300000E+02
   1.0000000E-01   8.9000002E-02   3.4220003E-02   0.0000000E+00   2.9300000E+02
   1.0000000E-01   9.1000006E-02   3.4220003E-02   0.0000000E+00   2.9300000E+02
   1.0000000E-01   9.2999995E-02   3.4220003E-02   0.0000000E+00   2.9300000E+02
   1.0000000E-01   9.4999999E-02   3.4220003E-02   0.0000000E+00   2.9300000E+02
   1.0000000E-01   9.7000003E-02   3.4220003E-02   0.0000000E+00   2.9300000E+02
   1.0000000E-01   9.8999999E-02   3.4220003E-02   7.3673539E-02   3.5233755E+02
   1.0000000E-01   1.0100000E-01   3.4220003E-02   8.1632662E-01   3.5233328E+02
   1.0000000E-01   1.0300000E-01   3.4220003E-02   1.0000000E+00   3.5235034E+02
   1.0000000E-01   1.0500000E-01   3.4220003E-02   1.0000000E+00   3.5236099E+02
   1.0000000E-01   1.0700000E-01   3.4220003E-02   1.0000000E+00   3.5237592E+02
   1.0000000E-01   1.0900000E-01   3.4220003E-02   1.0000000E+00   3.5239160E+02
   1.0000000E-01   1.1100000E-01   3.4220003E-02   1.0000000E+00   3.5240613E+02
   1.0000000E-01   1.1300001E-01   3.4220003E-02   1.0000000E+00   3.5241895E+02
   1.0000000E-01   1.1499999E-01   3.4220003E-02   1.0000000E+00   3.5242993E+02
   1.0000000E-01   1.1700000E-01   3.4220003E-02   1.0000000E+00   3.5243921E+02
   1.0000000E-01   1.1900000E-01   3.4220003E-02   1.0000000E+00   3.5244687E+02
   1.0000000E-01   1.2100000E-01   3.4220003E-02   1.0000000E+00   3.5245312E+02
   1.0000000E-01   1.2633334E-01   3.4220003E-02   1.0000000E+00   3.5246634E+02
   1.0000000E-01   1.3733333E-01   3.4220003E-02   1.0000000E+00   3.5247311E+02
   1.0000000E-01   1.5200000E-01   3.4220003E-02   1.0000000E+00   3.5246298E+02
   1.0000000E-01   8.0000004E-03   3.6180001E-02   1.0000000E+00   3.5239243E+02
   1.0000000E-01   2.2666667E-02   3.6180001E-02   1.0000000E+00   3.5238431E+02
   1.0000000E-01   3.3666667E-02   3.6180001E-02   1.0000000E+00   3.5235278E+02
   1.0000000E-01   3.8999997E-02   3.6180001E-02   1.0000000E+00   3.5232098E+02
   1.0000000E-01   4.1000001E-02   3.6180001E-02   1.0000000E+00   3.5230817E+02
   1.0000000E-01   4.2999998E-02   3.6180001E-02   1.0000000E+00   3.5229456E+02
   1.0000000E-01   4.5000002E-02   3.6180001E-02   1.0000000E+00   3.5227994E+02
   1.0000000E-01   4.6999998E-02   3.6180001E-02   1.0000000E+00   3.5226367E+02
   1.0000000E-01   4.9000002E-02   3.6180001E-02   1.0000000E+00   3.5224432E+02
   1.0000000E-01   5.0999999E-02   3.6180001E-02   1.0000000E+00   3.5221948E+02
   1.0000000E-01   5.3000003E-02   3.6180001E-02   1.0000000E+00   3.5218564E+02
   1.0000000E-01   5.5000000E-02   3.6180001E-02   1.0000000E+00   3.5213831E+02
   1.0000000E-01   5.7000000E-02   3.6180001E-02   1.0000000E+00   3.5207214E+02
   1.0000000E-01   5.9000000E-02   3.6180001E-02   1.0000000E+00   3.5198126E+02
   1.0000000E-01   6.0999997E-02   3.6180001E-02   0.0000000E+00   2.9300000E+02
   1.0000000E-01   6.3000001E-02   3.6180001E-02   0.0000000E+00   2.9300000E+02
   1.0000000E-01   6.4999998E-02   3.6180001E-02   0.0000000E+00   2.9300000E+02
   1.0000000E-01   6.7000002E-02   3.6180001E-02   0.0000000E+00   2.9300000E+02
   1.0000000E-01   6.9000006E-02   3.6180001E-02   0.0000000E+00   2.9300000E+02
   1.0000000E-01   7.0999995E-02   3.6180001E-02   0.0000000E+00   2.9300000E+02
   1.0000000E-01   7.2999999E-02   3.6180001E-02   0.0000000E+00   2.9300000E+02
   1.0000000E-01   7.5000003E-02   3.6180001E-02   0.0000000E+00   2.9300000E+02
   1.0000000E-01   7.7000000E-02   3.6180001E-02   0.0000000E+00   2.9300000E+02
   1.0000000E-01   7.8999996E-02   3.6180001E-02   0.0000000E+00   2.9300000E+02
   1.0000000E-01   8.1000000E-02   3.6180001E-02   0.0000000E+00   2.9300000E+02
   1.0000000E-01   8.3000004E-02   3.6180001E-02   0.0000000E+00   2.9300000E+02
   1.0000000E-01   8.5000001E-02   3.6180001E-02   0.0000000E+00   2.9300000E+02
   1.0000000E-01   8.6999997E-02   3.6180001E-02   0.0000000E+00   2.9300000E+02
   1.0000000E-01   8.9000002E-02   3.6180001E-02   0.0000000E+00   2.9300000E+02
   1.0000000E-01   9.1000006E-02   3.6180001E-02   0.0000000E+00   2.9300000E+02
   1.0000000E-01   9.2999995E-02   3.6180001E-02   0.0000000E+00   2.9300000E+02
   1.0000000E-01   9.4999999E-02   3.6180001E-02   0.0000000E+00   2.9300000E+02
   1.0000000E-01   9.7000003E-02   3.6180001E-02   0.0000000E+00   2.9300000E+02
   1.0000000E-01   9.8999999E-02   3.6180001E-02   0.0000000E+00   2.9300000E+02
   1.0000000E-01   1.0100000E-01   3.6180001E-02   8.1632726E-02   3.5226410E+02
   1.0000000E-01   1.0300000E-01   3.6180001E-02   8.2836747E-01   3.5225082E+02
   1.0000000E-01   1.0500000E-01   3.6180001E-02   1.0000000E+00   3.5225967E+02
   1.0000000E-01   1.0700000E-01   3.6180001E-02   1.0000000E+00   3.5227899E+02
   1.0000000E-01   1.0900000E-01   3.6180001E-02   1.0000000E+00   3.5229819E+02
   1.0000000E-01   1.1100000E-01   3.6180001E-02   1.0000000E+00   3.5231476E+02
   1.0000000E-01   1.1300001E-01   3.6180001E-02   1.0000000E+00   3.5232877E+02
   1.0000000E-01   1.1499999E-01   3.6180001E-02   1.0000000E+00   3.5234048E+02
   1.0000000E-01   1.1700000E-01   3.6180001E-02   1.0000000E+00   3.5235025E+02
   1.0000000E-01   1.1900000E-01   3.6180001E-02   1.0000000E+00   3.5235828E+02
   1.0000000E-01   1.2100000E-01   3.6180001E-02   1.0000000E+00   3.5236478E+02
   1.0000000E-01   1.2633334E-01   3.6180001E-02   1.0000000E+00   3.5237848E+02
   1.0000000E-01   1.3733333E-01   3.6180001E-02   1.0000000E+00   3.5238547E+02
   1.0000000E-01   1.5200000E-01   3.6180001E-02   1.0000000E+00   3.5237350E+02
   1.0000000E-01   8.0000004E-03   3.8139999E-02   1.0000000E+00   3.5229294E+02
   1.0000000E-01   2.2666667E-02   3.8139999E-02   1.0000000E+00   3.5228473E+02
   1.0000000E-01   3.3666667E-02   3.8139999E-02   1.0000000E+00   3.5225110E+02
   1.0000000E-01   3.8999997E-02   3.8139999E-02   1.0000000E+00   3.5221173E+02
   1.0000000E-01   4.1000001E-02   3.8139999E-02   1.0000000E+00   3.5219455E+02
   1.0000000E-01   4.2999998E-02   3.8139999E-02   1.0000000E+00   3.5217471E+02
   1.0000000E-01   4.5000002E-02   3.8139999E-02   1.0000000E+00   3.5215179E+02
   1.0000000E-01   4.6999998E-02   3.8139999E-02   1.0000000E+00   3.5212500E+02
   1.0000000E-01   4.9000002E-02   3.8139999E-02   1.0000000E+00   3.5209320E+02
   1.0000000E-01   5.0999999E-02   3.8139999E-02   1.0000000E+00   3.5205484E+02
   1.0000000E-01   5.3000003E-02   3.8139999E-02   1.0000000E+00   3.5200787E+02
   1.0000000E-01   5.5000000E-02   3.8139999E-02   1.0000000E+00   3.5195001E+02
   1.0000000E-01   5.7000000E-02   3.8139999E-02   1.0000000E+00   3.5187827E+02
   1.0000000E-01   5.9000000E-02   3.8139999E-02   1.0000000E+00   3.5178522E+02
   1.0000000E-01   6.0999997E-02   3.8139999E-02   0.0000000E+00   2.9300000E+02
   1.0000000E-01   6.3000001E-02   3.8139999E-02   0.0000000E+00   2.9300000E+02
   1.0000000E-01   6.4999998E-02   3.8139999E-02   0.0000000E+00   2.9300000E+02
   1.0000000E-01   6.7000002E-02   3.8139999E-02   0.0000000E+00   2.9300000E+02
   1.0000000E-01   6.9000006E-02   3.8139999E-02   0.0000000E+00   2.9300000E+02
   1.0000000E-01   7.0999995E-02   3.8139999E-02   0.0000000E+00   2.9300000E+02
   1.0000000E-01   7.2999999E-02   3.8139999E-02   0.0000000E+00   2.9300000E+02
   1.0000000E-01   7.5000003E-02   3.8139999E-02   0.0000000E+00   2.9300000E+02
   1.0000000E-01   7.7000000E-02   3.8139999E-02   0.0000000E+00   2.9300000E+02
   1.0000000E-01   7.8999996E-02   3.8139999E-02   0.0000000E+00   2.9300000E+02
   1.0000000E-01   8.1000000E-02   3.8139999E-02   0.0000000E+00   2.9300000E+02
   1.0000000E-01   8.3000004E-02   3.8139999E-02   0.0000000E+00   2.9300000E+02
   1.0000000E-01   8.5000001E-02   3.8139999E-02   0.0000000E+00   2.9300000E+02
   1.0000000E-01   8.6999997E-02   3.8139999E-02   0.0000000E+00   2.9300000E+02
   1.0000000E-01   8.9000002E-02   3.8139999E-02   0.0000000E+00   2.9300000E+02
   1.0000000E-01   9.1000006E-02   3.8139999E-02   0.0000000E+00   2.9300000E+02
   1.0000000E-01   9.2999995E-02   3.8139999E-02   0.0000000E+00   2.9300000E+02
   1.0000000E-01   9.4999999E-02   3.8139999E-02   0.0000000E+00   2.9300000E+02
   1.0000000E-01   9.7000003E-02   3.8139999E-02   0.0000000E+00   2.9300000E+02
   1.0000000E-01   9.8999999E-02   3.8139999E-02   0.0000000E+00   2.9300000E+02
   1.0000000E-01   1.0100000E-01   3.8139999E-02   0.0000000E+00   2.9300000E+02
   1.0000000E-01   1.0300000E-01   3.8139999E-02   9.0000078E-02   3.5215842E+02
   1.0000000E-01   1.0500000E-01   3.8139999E-02   8.4000009E-01   3.5212271E+02
   1.0000000E-01   1.0700000E-01   3.8139999E-02   1.0000000E+00   3.5216910E+02
   1.0000000E-01   1.0900000E-01   3.8139999E-02   1.0000000E+00   3.5219418E+02
   1.0000000E-01   1.1100000E-01   3.8139999E-02   1.0000000E+00   3.5221268E+02
   1.0000000E-01   1.1300001E-01   3.8139999E-02   1.0000000E+00   3.5222754E+02
   1.0000000E-01   1.1499999E-01   3.8139999E-02   1.0000000E+00   3.5223978E+02
   1.0000000E-01   1.1700000E-01   3.8139999E-02   1.0000000E+00   3.5224985E+02
   1.0000000E-01   1.1900000E-01   3.8139999E-02   1.0000000E+00   3.5225809E+02
   1.0000000E-01   1.2100000E-01   3.8139999E-02   1.0000000E+00   3.5226474E+02
   1.0000000E-01   1.2633334E-01   3.8139999E-02   1.0000000E+00   3.5227875E+02
   1.0000000E-01   1.3733333E-01   3.8139999E-02   1.0000000E+00   3.5228589E+02
   1.0000000E-01   1.5200000E-01   3.8139999E-02   1.0000000E+00   3.5227161E+02
   1.0000000E-01   8.0000004E-03   4.0100001E-02   4.4897914E-01   3.5221701E+02
   1.0000000E-01   2.2666667E-02   4.0100001E-02   4.4897914E-01   3.5220877E+02
   1.0000000E-01   3.3666667E-02   4.0100001E-02   4.4897914E-01   3.5217426E+02
   1.0000000E-01   3.8999997E-02   4.0100001E-02   4.4897914E-01   3.5213162E+02
   1.0000000E-01   4.1000001E-02   4.0100001E-02   4.4897914E-01   3.5211261E+02
   1.0000000E-01   4.2999998E-02   4.0100001E-02   4.4897914E-01   3.5209018E+02
   1.0000000E-01   4.5000002E-02   4.0100001E-02   4.4897914E-01   3.5206381E+02
   1.0000000E-01   4.6999998E-02   4.0100001E-02   4.4897914E-01   3.5203278E+02
   1.0000000E-01   4.9000002E-02   4.0100001E-02   4.4897914E-01   3.5199606E+02
   1.0000000E-01   5.0999999E-02   4.0100001E-02   4.4897914E-01   3.5195267E+02
   1.0000000E-01   5.3000003E-02   4.0100001E-02   4.4897914E-01   3.5190170E+02
   1.0000000E-01   5.5000000E-02   4.0100001E-02   4.4897914E-01   3.5184387E+02
   1.0000000E-01   5.7000000E-02   4.0100001E-02   4.4897914E-01   3.5178488E+02
   1.0000000E-01   5.9000000E-02   4.0100001E-02   2.2448942E-01   3.5172989E+02
   1.0000000E-01   6.0999997E-02   4.0100001E-02   0.0000000E+00   2.9300000E+02
   1.0000000E-01   6.3000001E-02   4.0100001E-02   0.0000000E+00   2.9300000E+02
   1.0000000E-01   6.4999998E-02   4.0100001E-02   0.0000000E+00   2.9300000E+02
   1.0000000E-01   6.7000002E-02   4.0100001E-02   0.0000000E+00   2.9300000E+02
   1.0000000E-01   6.9000006E-02   4.0100001E-02   0.0000000E+00   2.9300000E+02
   1.0000000E-01   7.0999995E-02   4.0100001E-02   0.0000000E+00   2.9300000E+02
   1.0000000E-01   7.2999999E-02   4.0100001E-02   0.0000000E+00   2.9300000E+02
   1.0000000E-01   7.5000003E-02   4.0100001E-02   0.0000000E+00   2.9300000E+02
   1.0000000E-01   7.7000000E-02   4.0100001E-02   0.0000000E+00   2.9300000E+02
   1.0000000E-01   7.8999996E-02   4.0100001E-02   0.0000000E+00   2.9300000E+02
   1.0000000E-01   8.1000000E-02   4.0100001E-02   0.0000000E+00   2.9300000E+02
   1.0000000E-01   8.3000004E-02   4.0100001E-02   0.0000000E+00   2.9300000E+02
   1.0000000E-01   8.5000001E-02   4.0100001E-02   0.0000000E+00   2.9300000E+02
   1.0000000E-01   8.6999997E-02   4.0100001E-02   0.0000000E+00   2.9300000E+02
   1.0000000E-01   8.9000002E-02   4.0100001E-02   0.0000000E+00   2.9300000E+02
   1.0000000E-01   9.1000006E-02   4.0100001E-02   0.0000000E+00   2.9300000E+02
   1.0000000E-01   9.2999995E-02   4.0100001E-02   0.0000000E+00   2.9300000E+02
   1.0000000E-01   9.4999999E-02   4.0100001E-02   0.0000000E+00   2.9300000E+02
   1.0000000E-01   9.7000003E-02   4.0100001E-02   0.0000000E+00   2.9300000E+02
   1.0000000E-01   9.8999999E-02   4.0100001E-02   0.0000000E+00   2.9300000E+02
   1.0000000E-01   1.0100000E-01   4.0100001E-02   0.0000000E+00   2.9300000E+02
   1.0000000E-01   1.0300000E-01   4.0100001E-02   0.0000000E+00   2.9300000E+02
   1.0000000E-01   1.0500000E-01   4.0100001E-02   9.8775446E-02   3.5208954E+02
   1.0000000E-01   1.0700000E-01   4.0100001E-02   4.4897914E-01   3.5210211E+02
   1.0000000E-01   1.0900000E-01   4.0100001E-02   4.4897914E-01   3.5211917E+02
   1.0000000E-01   1.1100000E-01   4.0100001E-02   4.4897914E-01   3.5213614E+02
   1.0000000E-01   1.1300001E-01   4.0100001E-02   4.4897914E-01   3.5215088E+02
   1.0000000E-01   1.1499999E-01   4.0100001E-02   4.4897914E-01   3.5216324E+02
   1.0000000E-01   1.1700000E-01   4.0100001E-02   4.4897914E-01   3.5217346E+02
   1.0000000E-01   1.1900000E-01   4.0100001E-02   4.4897914E-01   3.5218182E+02
   1.0000000E-01   1.2100000E-01   4.0100001E-02   4.4897914E-01   3.5218854E+02
   1.0000000E-01   1.2633334E-01   4.0100001E-02   4.4897914E-01   3.5220267E+02
   1.0000000E-01   1.3733333E-01   4.0100001E-02   4.4897914E-01   3.5221002E+02
   1.0000000E-01   1.5200000E-01   4.0100001E-02   2.2448952E-01   3.5220749E+02
   1.0000000E-01   8.0000004E-03   4.2060003E-02   0.0000000E+00   2.9300000E+02
   1.0000000E-01   2.2666667E-02   4.2060003E-02   0.0000000E+00   2.9300000E+02
   1.0000000E-01   3.3666667E-02   4.2060003E-02   0.0000000E+00   2.9300000E+02
   1.0000000E-01   3.8999997E-02   4.2060003E-02   0.0000000E+00   2.9300000E+02
   1.0000000E-01   4.1000001E-02   4.2060003E-02   0.0000000E+00   2.9300000E+02
   1.0000000E-01   4.2999998E-02   4.2060003E-02   0.0000000E+00   2.9300000E+02
   1.0000000E-01   4.5000002E-02   4.2060003E-02   0.0000000E+00   2.9300000E+02
   1.0000000E-01   4.6999998E-02   4.2060003E-02   0.0000000E+00   2.9300000E+02
   1.0000000E-01   4.9000002E-02   4.2060003E-02   0.0000000E+00   2.9300000E+02
   1.0000000E-01   5.0999999E-02   4.2060003E-02   0.0000000E+00   2.9300000E+02
   1.0000000E-01   5.3000003E-02   4.2060003E-02   0.0000000E+00   2.9300000E+02
   1.0000000E-01   5.5000000E-02   4.2060003E-02   0.0000000E+00   2.9300000E+02
   1.0000000E-01   5.7000000E-02   4.2060003E-02   0.0000000E+00   2.9300000E+02
   1.0000000E-01   5.9000000E-02   4.2060003E-02   0.0000000E+00   2.9300000E+02
   1.0000000E-01   6.0999997E-02   4.2060003E-02   0.0000000E+00   2.9300000E+02
   1.0000000E-01   6.3000001E-02   4.2060003E-02   0.0000000E+00   2.9300000E+02
   1.0000000E-01   6.4999998E-02   4.2060003E-02   0.0000000E+00   2.9300000E+02
   1.0000000E-01   6.7000002E-02   4.2060003E-02   0.0000000E+00   2.9300000E+02
   1.0000000E-01   6.9000006E-02   4.2060003E-02   0.0000000E+00   2.9300000E+02
   1.0000000E-01   7.0999995E-02   4.2060003E-02   0.0000000E+00   2.9300000E+02
   1.0000000E-01   7.2999999E-02   4.2060003E-02   0.0000000E+00   2.9300000E+02
   1.0000000E-01   7.5000003E-02   4.2060003E-02   0.0000000E+00   2.9300000E+02
   1.0000000E-01   7.7000000E-02   4.2060003E-02   0.0000000E+00   2.9300000E+02
   1.0000000E-01   7.8999996E-02   4.2060003E-02   0.0000000E+00   2.9300000E+02
   1.0000000E-01   8.1000000E-02   4.2060003E-02   0.0000000E+00   2.9300000E+02
   1.0000000E-01   8.3000004E-02   4.2060003E-02   0.0000000E+00   2.9300000E+02
   1.0000000E-01   8.5000001E-02   4.2060003E-02   0.0000000E+00   2.9300000E+02
   1.0000000E-01   8.6999997E-02   4.2060003E-02   0.0000000E+00   2.9300000E+02
   1.0000000E-01   8.9000002E-02   4.2060003E-02   0.0000000E+00   2.9300000E+02
   1.0000000E-01   9.1000006E-02   4.2060003E-02   0.0000000E+00   2.9300000E+02
   1.0000000E-01   9.2999995E-02   4.2060003E-02   0.0000000E+00   2.9300000E+02
   1.0000000E-01   9.4999999E-02   4.2060003E-02   0.0000000E+00   2.9300000E+02
   1.0000000E-01   9.7000003E-02   4.2060003E-02   0.0000000E+00   2.9300000E+02
   1.0000000E-01   9.8999999E-02   4.2060003E-02   0.0000000E+00   2.9300000E+02
   1.0000000E-01   1.0100000E-01   4.2060003E-02   0.0000000E+00   2.9300000E+02
   1.0000000E-01   1.0300000E-01   4.2060003E-02   0.0000000E+00   2.9300000E+02
   1.0000000E-01   1.0500000E-01   4.2060003E-02   0.0000000E+00   2.9300000E+02
   1.0000000E-01   1.0700000E-01   4.2060003E-02   0.0000000E+00   2.9300000E+02
   1.0000000E-01   1.0900000E-01   4.2060003E-02   0.0000000E+00   2.9300000E+02
   1.0000000E-01   1.1100000E-01   4.2060003E-02   0.0000000E+00   2.9300000E+02
   1.0000000E-01   1.1300001E-01   4.2060003E-02   0.0000000E+00   2.9300000E+02
   1.0000000E-01   1.1499999E-01   4.2060003E-02   0.0000000E+00   2.9300000E+02
   1.0000000E-01   1.1700000E-01   4.2060003E-02   0.0000000E+00   2.9300000E+02
   1.0000000E-01   1.1900000E-01   4.2060003E-02   0.0000000E+00   2.9300000E+02
   1.0000000E-01   1.2100000E-01   4.2060003E-02   0.0000000E+00   2.9300000E+02
   1.0000000E-01   1.2633334E-01   4.2060003E-02   0.0000000E+00   2.9300000E+02
   1.0000000E-01   1.3733333E-01   4.2060003E-02   0.0000000E+00   2.9300000E+02
   1.0000000E-01   1.5200000E-01   4.2060003E-02   0.0000000E+00   2.9300000E+02
   1.0000000E-01   8.0000004E-03   4.4020001E-02   0.0000000E+00   2.9300000E+02
   1.0000000E-01   2.2666667E-02   4.4020001E-02   0.0000000E+00   2.9300000E+02
   1.0000000E-01   3.3666667E-02   4.4020001E-02   0.0000000E+00   2.9300000E+02
   1.0000000E-01   3.8999997E-02   4.4020001E-02   0.0000000E+00   2.9300000E+02
   1.0000000E-01   4.1000001E-02   4.4020001E-02   0.0000000E+00   2.9300000E+02
   1.0000000E-01   4.2999998E-02   4.4020001E-02   0.0000000E+00   2.9300000E+02
   1.0000000E-01   4.5000002E-02   4.4020001E-02   0.0000000E+00   2.9300000E+02
   1.0000000E-01   4.6999998E-02   4.4020001E-02   0.0000000E+00   2.9300000E+02
   1.0000000E-01   4.9000002E-02   4.4020001E-02   0.0000000E+00   2.9300000E+02
   1.0000000E-01   5.0999999E-02   4.4020001E-02   0.0000000E+00   2.9300000E+02
   1.0000000E-01   5.3000003E-02   4.4020001E-02   0.0000000E+00   2.9300000E+02
   1.0000000E-01   5.5000000E-02   4.4020001E-02   0.0000000E+00   2.9300000E+02
   1.0000000E-01   5.7000000E-02   4.4020001E-02   0.0000000E+00   2.9300000E+02
   1.0000000E-01   5.9000000E-02   4.4020001E-02   0.0000000E+00   2.9300000E+02
   1.0000000E-01   6.0999997E-02   4.4020001E-02   0.0000000E+00   2.9300000E+02
   1.0000000E-01   6.3000001E-02   4.4020001E-02   0.0000000E+00   2.9300000E+02
   1.0000000E-01   6.4999998E-02   4.4020001E-02   0.0000000E+00   2.9300000E+02
   1.0000000E-01   6.7000002E-02   4.4020001E-02   0.0000000E+00   2.9300000E+02
   1.0000000E-01   6.9000006E-02   4.4020001E-02   0.0000000E+00   2.9300000E+02
   1.0000000E-01   7.0999995E-02   4.4020001E-02   0.0000000E+00   2.9300000E+02
   1.0000000E-01   7.2999999E-02   4.4020001E-02   0.0000000E+00   2.9300000E+02
   1.0000000E-01   7.5000003E-02   4.4020001E-02   0.0000000E+00   2.9300000E+02
   1.0000000E-01   7.7000000E-02   4.4020001E-02   0.0000000E+00   2.9300000E+02
   1.0000000E-01   7.8999996E-02   4.4020001E-02   0.0000000E+00   2.9300000E+02
   1.0000000E-01   8.1000000E-02   4.4020001E-02   0.0000000E+00   2.9300000E+02
   1.0000000E-01   8.3000004E-02   4.4020001E-02   0.0000000E+00   2.9300000E+02
   1.0000000E-01   8.5000001E-02   4.4020001E-02   0.0000000E+00   2.9300000E+02
   1.0000000E-01   8.6999997E-02   4.4020001E-02   0.0000000E+00   2.9300000E+02
   1.0000000E-01   8.9000002E-02   4.4020001E-02   0.0000000E+00   2.9300000E+02
   1.0000000E-01   9.1000006E-02   4.4020001E-02   0.0000000E+00   2.9300000E+02
   1.0000000E-01   9.2999995E-02   4.4020001E-02   0.0000000E+00   2.9300000E+02
   1.0000000E-01   9.4999999E-02   4.4020001E-02   0.0000000E+00   2.9300000E+02
   1.0000000E-01   9.7000003E-02   4.4020001E-02   0.0000000E+00   2.9300000E+02
   1.0000000E-01   9.8999999E-02   4.4020001E-02   0.0000000E+00   2.9300000E+02
   1.0000000E-01   1.0100000E-01   4.4020001E-02   0.0000000E+00   2.9300000E+02
   1.0000000E-01   1.0300000E-01   4.4020001E-02   0.0000000E+00   2.9300000E+02
   1.0000000E-01   1.0500000E-01   4.4020001E-02   0.0000000E+00   2.9300000E+02
   1.0000000E-01   1.0700000E-01   4.4020001E-02   0.0000000E+00   2.9300000E+02
   1.0000000E-01   1.0900000E-01   4.4020001E-02   0.0000000E+00   2.9300000E+02
   1.0000000E-01   1.1100000E-01   4.4020001E-02   0.0000000E+00   2.9300000E+02
   1.0000000E-01   1.1300001E-01   4.4020001E-02   0.0000000E+00   2.9300000E+02
   1.0000000E-01   1.1499999E-01   4.4020001E-02   0.0000000E+00   2.9300000E+02
   1.0000000E-01   1.1700000E-01   4.4020001E-02   0.0000000E+00   2.9300000E+02
   1.0000000E-01   1.1900000E-01   4.4020001E-02   0.0000000E+00   2.9300000E+02
   1.0000000E-01   1.2100000E-01   4.4020001E-02   0.0000000E+00   2.9300000E+02
   1.0000000E-01   1.2633334E-01   4.4020001E-02   0.0000000E+00   2.9300000E+02
   1.0000000E-01   1.3733333E-01   4.4020001E-02   0.0000000E+00   2.9300000E+02
   1.0000000E-01   1.5200000E-01   4.4020001E-02   0.0000000E+00   2.9300000E+02