   1.0000000E-01   8.0000004E-03  -3.0200002E-03   0.0000000E+00   2.9300000E+02
   1.0000000E-01   2.2666667E-02  -3.0200002E-03   0.0000000E+00   2.9300000E+02
   1.0000000E-01   3.3666667E-02  -3.0200002E-03   0.0000000E+00   2.9300000E+02
   1.0000000E-01   3.8999997E-02  -3.0200002E-03   0.0000000E+00   2.9300000E+02
   1.0000000E-01   4.1000001E-02  -3.0200002E-03   0.0000000E+00   2.9300000E+02
   1.0000000E-01   4.2999998E-02  -3.0200002E-03   4.9999928E-01   4.8458279E+02
   1.0000000E-01   4.5000002E-02  -3.0200002E-03   1.0000000E+00   5.1185397E+02
   1.0000000E-01   4.6999998E-02  -3.0200002E-03   1.0000000E+00   5.6270972E+02
   1.0000000E-01   4.9000002E-02  -3.0200002E-03   1.0000000E+00   6.4638055E+02
   1.0000000E-01   5.0999999E-02  -3.0200002E-03   1.0000000E+00   7.6525037E+02
   1.0000000E-01   5.3000003E-02  -3.0200002E-03   1.0000000E+00   9.2115454E+02
   1.0000000E-01   5.5000000E-02  -3.0200002E-03   1.0000000E+00   1.1122615E+03
   1.0000000E-01   5.7000000E-02  -3.0200002E-03   1.0000000E+00   1.3286472E+03
   1.0000000E-01   5.9000000E-02  -3.0200002E-03   1.0000000E+00   1.5450902E+03
   1.0000000E-01   6.0999997E-02  -3.0200002E-03   9.9788451E-01   1.7128571E+03
   1.0000000E-01   6.3000001E-02  -3.0200002E-03   9.9815130E-01   1.7638683E+03
   1.0000000E-01   6.4999998E-02  -3.0200002E-03   9.9827671E-01   1.7888289E+03
   1.0000000E-01   6.7000002E-02  -3.0200002E-03   1.0000000E+00   1.6580237E+03
   1.0000000E-01   6.9000006E-02  -3.0200002E-03   1.0000000E+00   1.4683002E+03
   1.0000000E-01   7.0999995E-02  -3.0200002E-03   1.0000000E+00   1.2710143E+03
   1.0000000E-01   7.2999999E-02  -3.0200002E-03   1.0000000E+00   1.0850881E+03
   1.0000000E-01   7.5000003E-02  -3.0200002E-03   1.0000000E+00   9.1912317E+02
   1.0000000E-01   7.7000000E-02  -3.0200002E-03   1.0000000E+00   7.8039722E+02
   1.0000000E-01   7.8999996E-02  -3.0200002E-03   1.0000000E+00   6.7449884E+02
   1.0000000E-01   8.1000000E-02  -3.0200002E-03   1.0000000E+00   6.0546490E+02
   1.0000000E-01   8.3000004E-02  -3.0200002E-03   5.4590148E-01   5.6685059E+02
   1.0000000E-01   8.5000001E-02  -3.0200002E-03   0.0000000E+00   2.9300000E+02
   1.0000000E-01   8.6999997E-02  -3.0200002E-03   0.0000000E+00   2.9300000E+02
   1.0000000E-01   8.9000002E-02  -3.0200002E-03   0.0000000E+00   2.9300000E+02
   1.0000000E-01   9.1000006E-02  -3.0200002E-03   0.0000000E+00   2.9300000E+02
   1.0000000E-01   9.2999995E-02  -3.0200002E-03   0.0000000E+00   2.9300000E+02
   1.0000000E-01   9.4999999E-02  -3.0200002E-03   0.0000000E+00   2.9300000E+02
   1.0000000E-01   9.7000003E-02  -3.0200002E-03   0.0000000E+00   2.9300000E+02
   1.0000000E-01   9.8999999E-02  -3.0200002E-03   0.0000000E+00   2.9300000E+02
   1.0000000E-01   1.0100000E-01  -3.0200002E-03   0.0000000E+00   2.9300000E+02
   1.0000000E-01   1.0300000E-01  -3.0200002E-03   0.0000000E+00   2.9300000E+02
   1.0000000E-01   1.0500000E-01  -3.0200002E-03   0.0000000E+00   2.9300000E+02
   1.0000000E-01   1.0700000E-01  -3.0200002E-03   0.0000000E+00   2.9300000E+02
   1.0000000E-01   1.0900000E-01  -3.0200002E-03   0.0000000E+00   2.9300000E+02
   1.0000000E-01   1.1100000E-01  -3.0200002E-03   0.0000000E+00   2.9300000E+02
   1.0000000E-01   1.1300001E-01  -3.0200002E-03   0.0000000E+00   2.9300000E+02
   1.0000000E-01   1.1499999E-01  -3.0200002E-03   0.0000000E+00   2.9300000E+02
   1.0000000E-01   1.1700000E-01  -3.0200002E-03   0.0000000E+00   2.9300000E+02
   1.0000000E-01   1.1900000E-01  -3.0200002E-03   0.0000000E+00   2.9300000E+02
   1.0000000E-01   1.2100000E-01  -3.0200002E-03   0.0000000E+00   2.9300000E+02
   1.0000000E-01   1.2633334E-01  -3.0200002E-03   0.0000000E+00   2.9300000E+02
   1.0000000E-01   1.3733333E-01  -3.0200002E-03   0.0000000E+00   2.9300000E+02
   1.0000000E-01   1.5200000E-01  -3.0200002E-03   0.0000000E+00   2.9300000E+02
   1.0000000E-01   8.0000004E-03  -1.0599999E-03   0.0000000E+00   2.9300000E+02
   1.0000000E-01   2.2666667E-02  -1.0599999E-03   0.0000000E+00   2.9300000E+02
   1.0000000E-01   3.3666667E-02  -1.0599999E-03   0.0000000E+00   2.9300000E+02
   1.0000000E-01   3.8999997E-02  -1.0599999E-03   0.0000000E+00   2.9300000E+02
   1.0000000E-01   4.1000001E-02  -1.0599999E-03   0.0000000E+00   2.9300000E+02
   1.0000000E-01   4.2999998E-02  -1.0599999E-03   4.9999928E-01   4.7157736E+02
   1.0000000E-01   4.5000002E-02  -1.0599999E-03   1.0000000E+00   5.0426004E+02
   1.0000000E-01   4.6999998E-02  -1.0599999E-03   1.0000000E+00   5.5766113E+02
   1.0000000E-01   4.9000002E-02  -1.0599999E-03   1.0000000E+00   6.4238934E+02
   1.0000000E-01   5.0999999E-02  -1.0599999E-03   1.0000000E+00   7.6192035E+02
   1.0000000E-01   5.3000003E-02  -1.0599999E-03   1.0000000E+00   9.1954523E+02
   1.0000000E-01   5.5000000E-02  -1.0599999E-03   1.0000000E+00   1.1159769E+03
   1.0000000E-01   5.7000000E-02  -1.0599999E-03   1.0000000E+00   1.3459172E+03
   1.0000000E-01   5.9000000E-02  -1.0599999E-03   1.0000000E+00   1.5867627E+03
   1.0000000E-01   6.0999997E-02  -1.0599999E-03   9.9888301E-01   1.7480742E+03
   1.0000000E-01   6.3000001E-02  -1.0599999E-03   9.9863690E-01   1.7872830E+03
   1.0000000E-01   6.4999998E-02  -1.0599999E-03   9.9827981E-01   1.8143827E+03
   1.0000000E-01   6.7000002E-02  -1.0599999E-03   9.9869931E-01   1.7568647E+03
   1.0000000E-01   6.9000006E-02  -1.0599999E-03   1.0000000E+00   1.5140178E+03
   1.0000000E-01   7.0999995E-02  -1.0599999E-03   1.0000000E+00   1.3021023E+03
   1.0000000E-01   7.2999999E-02  -1.0599999E-03   1.0000000E+00   1.1074174E+03
   1.0000000E-01   7.5000003E-02  -1.0599999E-03   1.0000000E+00   9.3344867E+02
   1.0000000E-01   7.7000000E-02  -1.0599999E-03   1.0000000E+00   7.8750372E+02
   1.0000000E-01   7.8999996E-02  -1.0599999E-03   1.0000000E+00   6.7496515E+02
   1.0000000E-01   8.1000000E-02  -1.0599999E-03   1.0000000E+00   5.9879047E+02
   1.0000000E-01   8.3000004E-02  -1.0599999E-03   5.4590148E-01   5.5045911E+02
   1.0000000E-01   8.5000001E-02  -1.0599999E-03   0.0000000E+00   2.9300000E+02
   1.0000000E-01   8.6999997E-02  -1.0599999E-03   0.0000000E+00   2.9300000E+02
   1.0000000E-01   8.9000002E-02  -1.0599999E-03   0.0000000E+00   2.9300000E+02
   1.0000000E-01   9.1000006E-02  -1.0599999E-03   0.0000000E+00   2.9300000E+02
   1.0000000E-01   9.2999995E-02  -1.0599999E-03   0.0000000E+00   2.9300000E+02
   1.0000000E-01   9.4999999E-02  -1.0599999E-03   0.0000000E+00   2.9300000E+02
   1.0000000E-01   9.7000003E-02  -1.0599999E-03   0.0000000E+00   2.9300000E+02
   1.0000000E-01   9.8999999E-02  -1.0599999E-03   0.0000000E+00   2.9300000E+02
   1.0000000E-01   1.0100000E-01  -1.0599999E-03   0.0000000E+00   2.9300000E+02
   1.0000000E-01   1.0300000E-01  -1.0599999E-03   0.0000000E+00   2.9300000E+02
   1.0000000E-01   1.0500000E-01  -1.0599999E-03   0.0000000E+00   2.9300000E+02
   1.0000000E-01   1.0700000E-01  -1.0599999E-03   0.0000000E+00   2.9300000E+02
   1.0000000E-01   1.0900000E-01  -1.0599999E-03   0.0000000E+00   2.9300000E+02
   1.0000000E-01   1.1100000E-01  -1.0599999E-03   0.0000000E+00   2.9300000E+02
   1.0000000E-01   1.1300001E-01  -1.0599999E-03   0.0000000E+00   2.9300000E+02
   1.0000000E-01   1.1499999E-01  -1.0599999E-03   0.0000000E+00   2.9300000E+02
   1.0000000E-01   1.1700000E-01  -1.0599999E-03   0.0000000E+00   2.9300000E+02
   1.0000000E-01   1.1900000E-01  -1.0599999E-03   0.0000000E+00   2.9300000E+02
   1.0000000E-01   1.2100000E-01  -1.0599999E-03   0.0000000E+00   2.9300000E+02
   1.0000000E-01   1.2633334E-01  -1.0599999E-03   0.0000000E+00   2.9300000E+02
   1.0000000E-01   1.3733333E-01  -1.0599999E-03   0.0000000E+00   2.9300000E+02
   1.0000000E-01   1.5200000E-01  -1.0599999E-03   0.0000000E+00   2.9300000E+02
   1.0000000E-01   8.0000004E-03   8.9999998E-04   9.5918369E-01   3.5222137E+02
   1.0000000E-01   2.2666667E-02   8.9999998E-04   9.5918369E-01   3.5265268E+02
   1.0000000E-01   3.3666667E-02   8.9999998E-04   9.5918369E-01   3.5921219E+02
   1.0000000E-01   3.8999997E-02   8.9999998E-04   9.5918369E-01   3.8792593E+02
   1.0000000E-01   4.1000001E-02   8.9999998E-04   9.5918369E-01   4.0856921E+02
   1.0000000E-01   4.2999998E-02   8.9999998E-04   9.8979592E-01   4.4438342E+02
   1.0000000E-01   4.5000002E-02   8.9999998E-04   1.0000000E+00   4.8746817E+02
   1.0000000E-01   4.6999998E-02   8.9999998E-04   1.0000000E+00   5.4638397E+02
   1.0000000E-01   4.9000002E-02   8.9999998E-04   1.0000000E+00   6.3180298E+02
   1.0000000E-01   5.0999999E-02   8.9999998E-04   1.0000000E+00   7.5054749E+02
   1.0000000E-01   5.3000003E-02   8.9999998E-04   1.0000000E+00   9.0819403E+02
   1.0000000E-01   5.5000000E-02   8.9999998E-04   1.0000000E+00   1.1097181E+03
   1.0000000E-01   5.7000000E-02   8.9999998E-04   1.0000000E+00   1.3635502E+03
   1.0000000E-01   5.9000000E-02   8.9999998E-04   9.9813771E-01   1.7034419E+03
   1.0000000E-01   6.0999997E-02   8.9999998E-04   9.9889660E-01   1.7474799E+03
   1.0000000E-01   6.3000001E-02   8.9999998E-04   9.9866396E-01   1.7611479E+03
   1.0000000E-01   6.4999998E-02   8.9999998E-04   9.9841964E-01   1.7857816E+03
   1.0000000E-01   6.7000002E-02   8.9999998E-04   9.9877417E-01   1.7545029E+03
   1.0000000E-01   6.9000006E-02   8.9999998E-04   1.0000000E+00   1.5544938E+03
   1.0000000E-01   7.0999995E-02   8.9999998E-04   1.0000000E+00   1.3484871E+03
   1.0000000E-01   7.2999999E-02   8.9999998E-04   1.0000000E+00   1.1438970E+03
   1.0000000E-01   7.5000003E-02   8.9999998E-04   1.0000000E+00   9.5570319E+02
   1.0000000E-01   7.7000000E-02   8.9999998E-04   1.0000000E+00   7.9681293E+02
   1.0000000E-01   7.8999996E-02   8.9999998E-04   1.0000000E+00   6.7275562E+02
   1.0000000E-01   8.1000000E-02   8.9999998E-04   1.0000000E+00   5.8164502E+02
   1.0000000E-01   8.3000004E-02   8.9999998E-04   1.0000000E+00   5.1252161E+02
   1.0000000E-01   8.5000001E-02   8.9999998E-04   9.5918369E-01   4.5165265E+02
   1.0000000E-01   8.6999997E-02   8.9999998E-04   9.5918369E-01   4.1273706E+02
   1.0000000E-01   8.9000002E-02   8.9999998E-04   9.5918369E-01   3.8844186E+02
   1.0000000E-01   9.1000006E-02   8.9999998E-04   9.5918369E-01   3.7349606E+02
   1.0000000E-01   9.2999995E-02   8.9999998E-04   9.5918369E-01   3.6447284E+02
   1.0000000E-01   9.4999999E-02   8.9999998E-04   9.5918369E-01   3.5913330E+02
   1.0000000E-01   9.7000003E-02   8.9999998E-04   9.5918369E-01   3.5603693E+02
   1.0000000E-01   9.8999999E-02   8.9999998E-04   9.5918369E-01   3.5427722E+02
   1.0000000E-01   1.0100000E-01   8.9999998E-04   9.5918369E-01   3.5329730E+02
   1.0000000E-01   1.0300000E-01   8.9999998E-04   9.5918369E-01   3.5276291E+02
   1.0000000E-01   1.0500000E-01   8.9999998E-04   9.5918369E-01   3.5247800E+02
   1.0000000E-01   1.0700000E-01   8.9999998E-04   9.5918369E-01   3.5233002E+02
   1.0000000E-01   1.0900000E-01   8.9999998E-04   9.5918369E-01   3.5225565E+02
   1.0000000E-01   1.1100000E-01   8.9999998E-04   9.5918369E-01   3.5221997E+02
   1.0000000E-01   1.1300001E-01   8.9999998E-04   9.5918369E-01   3.5220404E+02
   1.0000000E-01   1.1499999E-01   8.9999998E-04   9.5918369E-01   3.5219785E+02
   1.0000000E-01   1.1700000E-01   8.9999998E-04   9.5918369E-01   3.5219617E+02
   1.0000000E-01   1.1900000E-01   8.9999998E-04   9.5918369E-01   3.5219638E+02
   1.0000000E-01   1.2100000E-01   8.9999998E-04   9.5918369E-01   3.5219727E+02
   1.0000000E-01   1.2633334E-01   8.9999998E-04   9.5918369E-01   3.5219974E+02
   1.0000000E-01   1.3733333E-01   8.9999998E-04   9.5918369E-01   3.5219626E+02
   1.0000000E-01   1.5200000E-01   8.9999998E-04   4.7959173E-01   3.5218600E+02
   1.0000000E-01   8.0000004E-03   2.8599999E-03   1.0000000E+00   3.5232373E+02
   1.0000000E-01   2.2666667E-02   2.8599999E-03   1.0000000E+00   3.5273975E+02
   1.0000000E-01   3.3666667E-02   2.8599999E-03   1.0000000E+00   3.5901416E+02
   1.0000000E-01   3.8999997E-02   2.8599999E-03   1.0000000E+00   3.8578796E+02
   1.0000000E-01   4.1000001E-02   2.8599999E-03   1.0000000E+00   4.0399734E+02
   1.0000000E-01   4.2999998E-02   2.8599999E-03   1.0000000E+00   4.3314224E+02
   1.0000000E-01   4.5000002E-02   2.8599999E-03   1.0000000E+00   4.7406781E+02
   1.0000000E-01   4.6999998E-02   2.8599999E-03   1.0000000E+00   5.3226984E+02
   1.0000000E-01   4.9000002E-02   2.8599999E-03   1.0000000E+00   6.1523346E+02
   1.0000000E-01   5.0999999E-02   2.8599999E-03   1.0000000E+00   7.2990332E+02
   1.0000000E-01   5.3000003E-02   2.8599999E-03   1.0000000E+00   8.8219141E+02
   1.0000000E-01   5.5000000E-02   2.8599999E-03   1.0000000E+00   1.0757870E+03
   1.0000000E-01   5.7000000E-02   2.8599999E-03   1.0000000E+00   1.3090320E+03
   1.0000000E-01   5.9000000E-02   2.8599999E-03   1.0000000E+00   1.5626439E+03
   1.0000000E-01   6.0999997E-02   2.8599999E-03   9.9864709E-01   1.7411589E+03
   1.0000000E-01   6.3000001E-02   2.8599999E-03   9.9858183E-01   1.7544082E+03
   1.0000000E-01   6.4999998E-02   2.8599999E-03   9.9855274E-01   1.7609104E+03
   1.0000000E-01   6.7000002E-02   2.8599999E-03   9.9881881E-01   1.7530031E+03
   1.0000000E-01   6.9000006E-02   2.8599999E-03   9.9000317E-01   1.6159763E+03
   1.0000000E-01   7.0999995E-02   2.8599999E-03   1.0000000E+00   1.4190894E+03
   1.0000000E-01   7.2999999E-02   2.8599999E-03   1.0000000E+00   1.1945619E+03
   1.0000000E-01   7.5000003E-02   2.8599999E-03   1.0000000E+00   9.8202808E+02
   1.0000000E-01   7.7000000E-02   2.8599999E-03   1.0000000E+00   8.0512994E+02
   1.0000000E-01   7.8999996E-02   2.8599999E-03   1.0000000E+00   6.6941833E+02
   1.0000000E-01   8.1000000E-02   2.8599999E-03   1.0000000E+00   5.7032373E+02
   1.0000000E-01   8.3000004E-02   2.8599999E-03   1.0000000E+00   4.9861880E+02
   1.0000000E-01   8.5000001E-02   2.8599999E-03   1.0000000E+00   4.4562152E+02
   1.0000000E-01   8.6999997E-02   2.8599999E-03   1.0000000E+00   4.0994580E+02
   1.0000000E-01   8.9000002E-02   2.8599999E-03   1.0000000E+00   3.8704465E+02
   1.0000000E-01   9.1000006E-02   2.8599999E-03   1.0000000E+00   3.7278830E+02
   1.0000000E-01   9.2999995E-02   2.8599999E-03   1.0000000E+00   3.6413229E+02
   1.0000000E-01   9.4999999E-02   2.8599999E-03   1.0000000E+00   3.5899414E+02
   1.0000000E-01   9.7000003E-02   2.8599999E-03   1.0000000E+00   3.5600879E+02
   1.0000000E-01   9.8999999E-02   2.8599999E-03   1.0000000E+00   3.5430994E+02
   1.0000000E-01   1.0100000E-01   2.8599999E-03   1.0000000E+00   3.5336298E+02
   1.0000000E-01   1.0300000E-01   2.8599999E-03   1.0000000E+00   3.5284622E+02
   1.0000000E-01   1.0500000E-01   2.8599999E-03   1.0000000E+00   3.5257062E+02
   1.0000000E-01   1.0700000E-01   2.8599999E-03   1.0000000E+00   3.5242749E+02
   1.0000000E-01   1.0900000E-01   2.8599999E-03   1.0000000E+00   3.5235565E+02
   1.0000000E-01   1.1100000E-01   2.8599999E-03   1.0000000E+00   3.5232123E+02
   1.0000000E-01   1.1300001E-01   2.8599999E-03   1.0000000E+00   3.5230597E+02
   1.0000000E-01   1.1499999E-01   2.8599999E-03   1.0000000E+00   3.5230011E+02
   1.0000000E-01   1.1700000E-01   2.8599999E-03   1.0000000E+00   3.5229865E+02
   1.0000000E-01   1.1900000E-01   2.8599999E-03   1.0000000E+00   3.5229898E+02
   1.0000000E-01   1.2100000E-01   2.8599999E-03   1.0000000E+00   3.5229993E+02
   1.0000000E-01   1.2633334E-01   2.8599999E-03   1.0000000E+00   3.5230252E+02
   1.0000000E-01   1.3733333E-01   2.8599999E-03   1.0000000E+00   3.5229889E+02
   1.0000000E-01   1.5200000E-01   2.8599999E-03   1.0000000E+00   3.5226395E+02
   1.0000000E-01   8.0000004E-03   4.8199999E-03   1.0000000E+00   3.5241635E+02
   1.0000000E-01   2.2666667E-02   4.8199999E-03   1.0000000E+00   3.5280338E+02
   1.0000000E-01   3.3666667E-02   4.8199999E-03   1.0000000E+00   3.5857425E+02
   1.0000000E-01   3.8999997E-02   4.8199999E-03   1.0000000E+00   3.8258783E+02
   1.0000000E-01   4.1000001E-02   4.8199999E-03   1.0000000E+00   3.9851892E+02
   1.0000000E-01   4.2999998E-02   4.8199999E-03   1.0000000E+00   4.2380502E+02
   1.0000000E-01   4.5000002E-02   4.8199999E-03   1.0000000E+00   4.6125748E+02
   1.0000000E-01   4.6999998E-02   4.8199999E-03   1.0000000E+00   5.1567139E+02
   1.0000000E-01   4.9000002E-02   4.8199999E-03   1.0000000E+00   5.9330469E+02
   1.0000000E-01   5.0999999E-02   4.8199999E-03   1.0000000E+00   7.0083215E+02
   1.0000000E-01   5.3000003E-02   4.8199999E-03   1.0000000E+00   8.4444769E+02
   1.0000000E-01   5.5000000E-02   4.8199999E-03   1.0000000E+00   1.0282404E+03
   1.0000000E-01   5.7000000E-02   4.8199999E-03   1.0000000E+00   1.2507255E+03
   1.0000000E-01   5.9000000E-02   4.8199999E-03   1.0000000E+00   1.4976270E+03
   1.0000000E-01   6.0999997E-02   4.8199999E-03   9.9838185E-01   1.7340975E+03
   1.0000000E-01   6.3000001E-02   4.8199999E-03   9.9846637E-01   1.7481323E+03
   1.0000000E-01   6.4999998E-02   4.8199999E-03   9.9858856E-01   1.7550740E+03
   1.0000000E-01   6.7000002E-02   4.8199999E-03   9.9881536E-01   1.7526569E+03
   1.0000000E-01   6.9000006E-02   4.8199999E-03   9.9886274E-01   1.7399304E+03
   1.0000000E-01   7.0999995E-02   4.8199999E-03   9.9710828E-01   1.5363057E+03
   1.0000000E-01   7.2999999E-02   4.8199999E-03   1.0000000E+00   1.2581875E+03
   1.0000000E-01   7.5000003E-02   4.8199999E-03   1.0000000E+00   1.0022111E+03
   1.0000000E-01   7.7000000E-02   4.8199999E-03   1.0000000E+00   8.0351062E+02
   1.0000000E-01   7.8999996E-02   4.8199999E-03   1.0000000E+00   6.5924530E+02
   1.0000000E-01   8.1000000E-02   4.8199999E-03   1.0000000E+00   5.5751215E+02
   1.0000000E-01   8.3000004E-02   4.8199999E-03   1.0000000E+00   4.8679434E+02
   1.0000000E-01   8.5000001E-02   4.8199999E-03   1.0000000E+00   4.3796213E+02
   1.0000000E-01   8.6999997E-02   4.8199999E-03   1.0000000E+00   4.0542273E+02
   1.0000000E-01   8.9000002E-02   4.8199999E-03   1.0000000E+00   3.8446939E+02
   1.0000000E-01   9.1000006E-02   4.8199999E-03   1.0000000E+00   3.7136450E+02
   1.0000000E-01   9.2999995E-02   4.8199999E-03   1.0000000E+00   3.6337543E+02
   1.0000000E-01   9.4999999E-02   4.8199999E-03   1.0000000E+00   3.5861777E+02
   1.0000000E-01   9.7000003E-02   4.8199999E-03   1.0000000E+00   3.5584628E+02
   1.0000000E-01   9.8999999E-02   4.8199999E-03   1.0000000E+00   3.5426581E+02
   1.0000000E-01   1.0100000E-01   4.8199999E-03   1.0000000E+00   3.5338339E+02
   1.0000000E-01   1.0300000E-01   4.8199999E-03   1.0000000E+00   3.5290128E+02
   1.0000000E-01   1.0500000E-01   4.8199999E-03   1.0000000E+00   3.5264404E+02
   1.0000000E-01   1.0700000E-01   4.8199999E-03   1.0000000E+00   3.5251050E+02
   1.0000000E-01   1.0900000E-01   4.8199999E-03   1.0000000E+00   3.5244357E+02
   1.0000000E-01   1.1100000E-01   4.8199999E-03   1.0000000E+00   3.5241171E+02
   1.0000000E-01   1.1300001E-01   4.8199999E-03   1.0000000E+00   3.5239777E+02
   1.0000000E-01   1.1499999E-01   4.8199999E-03   1.0000000E+00   3.5239261E+02
   1.0000000E-01   1.1700000E-01   4.8199999E-03   1.0000000E+00   3.5239151E+02
   1.0000000E-01   1.1900000E-01   4.8199999E-03   1.0000000E+00   3.5239206E+02
   1.0000000E-01   1.2100000E-01   4.8199999E-03   1.0000000E+00   3.5239313E+02
   1.0000000E-01   1.2633334E-01   4.8199999E-03   1.0000000E+00   3.5239597E+02
   1.0000000E-01   1.3733333E-01   4.8199999E-03   1.0000000E+00   3.5239258E+02
   1.0000000E-01   1.5200000E-01   4.8199999E-03   1.0000000E+00   3.5236319E+02
   1.0000000E-01   8.0000004E-03   6.7799999E-03   1.0000000E+00   3.5249680E+02
   1.0000000E-01   2.2666667E-02   6.7799999E-03   1.0000000E+00   3.5284470E+02
   1.0000000E-01   3.3666667E-02   6.7799999E-03   1.0000000E+00   3.5797336E+02
   1.0000000E-01   3.8999997E-02   6.7799999E-03   1.0000000E+00   3.7891107E+02
   1.0000000E-01   4.1000001E-02   6.7799999E-03   1.0000000E+00   3.9269870E+02
   1.0000000E-01   4.2999998E-02   6.7799999E-03   1.0000000E+00   4.1467892E+02
   1.0000000E-01   4.5000002E-02   6.7799999E-03   1.0000000E+00   4.4790860E+02
   1.0000000E-01   4.6999998E-02   6.7799999E-03   1.0000000E+00   4.9674362E+02
   1.0000000E-01   4.9000002E-02   6.7799999E-03   1.0000000E+00   5.6678827E+02
   1.0000000E-01   5.0999999E-02   6.7799999E-03   1.0000000E+00   6.6454230E+02
   1.0000000E-01   5.3000003E-02   6.7799999E-03   1.0000000E+00   7.9693732E+02
   1.0000000E-01   5.5000000E-02   6.7799999E-03   1.0000000E+00   9.7044171E+02
   1.0000000E-01   5.7000000E-02   6.7799999E-03   1.0000000E+00   1.1889799E+03
   1.0000000E-01   5.9000000E-02   6.7799999E-03   1.0000000E+00   1.4491307E+03
   1.0000000E-01   6.0999997E-02   6.7799999E-03   9.9826503E-01   1.7296536E+03
   1.0000000E-01   6.3000001E-02   6.7799999E-03   9.9837995E-01   1.7432648E+03
   1.0000000E-01   6.4999998E-02   6.7799999E-03   9.9859399E-01   1.7509485E+03
   1.0000000E-01   6.7000002E-02   6.7799999E-03   9.9882203E-01   1.7525128E+03
   1.0000000E-01   6.9000006E-02   6.7799999E-03   9.9897671E-01   1.7498263E+03
   1.0000000E-01   7.0999995E-02   6.7799999E-03   9.9938047E-01   1.7329043E+03
   1.0000000E-01   7.2999999E-02   6.7799999E-03   9.9003601E-01   1.3192095E+03
   1.0000000E-01   7.5000003E-02   6.7799999E-03   1.0000000E+00   9.8915948E+02
   1.0000000E-01   7.7000000E-02   6.7799999E-03   1.0000000E+00   7.7501080E+02
   1.0000000E-01   7.8999996E-02   6.7799999E-03   1.0000000E+00   6.3379443E+02
   1.0000000E-01   8.1000000E-02   6.7799999E-03   1.0000000E+00   5.3761780E+02
   1.0000000E-01   8.3000004E-02   6.7799999E-03   1.0000000E+00   4.7228961E+02
   1.0000000E-01   8.5000001E-02   6.7799999E-03   1.0000000E+00   4.2839160E+02
   1.0000000E-01   8.6999997E-02   6.7799999E-03   1.0000000E+00   3.9951227E+02
   1.0000000E-01   8.9000002E-02   6.7799999E-03   1.0000000E+00   3.8097769E+02
   1.0000000E-01   9.1000006E-02   6.7799999E-03   1.0000000E+00   3.6937424E+02
   1.0000000E-01   9.2999995E-02   6.7799999E-03   1.0000000E+00   3.6228183E+02
   1.0000000E-01   9.4999999E-02   6.7799999E-03   1.0000000E+00   3.5804514E+02
   1.0000000E-01   9.7000003E-02   6.7799999E-03   1.0000000E+00   3.5556967E+02
   1.0000000E-01   9.8999999E-02   6.7799999E-03   1.0000000E+00   3.5415424E+02
   1.0000000E-01   1.0100000E-01   6.7799999E-03   1.0000000E+00   3.5336212E+02
   1.0000000E-01   1.0300000E-01   6.7799999E-03   1.0000000E+00   3.5292868E+02
   1.0000000E-01   1.0500000E-01   6.7799999E-03   1.0000000E+00   3.5269724E+02
   1.0000000E-01   1.0700000E-01   6.7799999E-03   1.0000000E+00   3.5257721E+02
   1.0000000E-01   1.0900000E-01   6.7799999E-03   1.0000000E+00   3.5251730E+02
   1.0000000E-01   1.1100000E-01   6.7799999E-03   1.0000000E+00   3.5248904E+02
   1.0000000E-01   1.1300001E-01   6.7799999E-03   1.0000000E+00   3.5247693E+02
   1.0000000E-01   1.1499999E-01   6.7799999E-03   1.0000000E+00   3.5247275E+02
   1.0000000E-01   1.1700000E-01   6.7799999E-03   1.0000000E+00   3.5247217E+02
   1.0000000E-01   1.1900000E-01   6.7799999E-03   1.0000000E+00   3.5247305E+02
   1.0000000E-01   1.2100000E-01   6.7799999E-03   1.0000000E+00   3.5247430E+02
   1.0000000E-01   1.2633334E-01   6.7799999E-03   1.0000000E+00   3.5247754E+02
   1.0000000E-01   1.3733333E-01   6.7799999E-03   1.0000000E+00   3.5247464E+02
   1.0000000E-01   1.5200000E-01   6.7799999E-03   1.0000000E+00   3.5244995E+02
   1.0000000E-01   8.0000004E-03   8.7400004E-03   1.0000000E+00   3.5256525E+02
   1.0000000E-01   2.2666667E-02   8.7400004E-03   1.0000000E+00   3.5286801E+02
   1.0000000E-01   3.3666667E-02   8.7400004E-03   1.0000000E+00   3.5728598E+02
   1.0000000E-01   3.8999997E-02   8.7400004E-03   1.0000000E+00   3.7506229E+02
   1.0000000E-01   4.1000001E-02   8.7400004E-03   1.0000000E+00   3.8674451E+02
   1.0000000E-01   4.2999998E-02   8.7400004E-03   1.0000000E+00   4.0543396E+02
   1.0000000E-01   4.5000002E-02   8.7400004E-03   1.0000000E+00   4.3391644E+02
   1.0000000E-01   4.6999998E-02   8.7400004E-03   1.0000000E+00   4.7601547E+02
   1.0000000E-01   4.9000002E-02   8.7400004E-03   1.0000000E+00   5.3670319E+02
   1.0000000E-01   5.0999999E-02   8.7400004E-03   1.0000000E+00   6.2216193E+02
   1.0000000E-01   5.3000003E-02   8.7400004E-03   1.0000000E+00   7.3996973E+02
   1.0000000E-01   5.5000000E-02   8.7400004E-03   1.0000000E+00   8.9949377E+02
   1.0000000E-01   5.7000000E-02   8.7400004E-03   1.0000000E+00   1.1123408E+03
   1.0000000E-01   5.9000000E-02   8.7400004E-03   1.0000000E+00   1.3916038E+03
   1.0000000E-01   6.0999997E-02   8.7400004E-03   9.9857914E-01   1.7381523E+03
   1.0000000E-01   6.3000001E-02   8.7400004E-03   9.9714828E-01   1.7472115E+03
   1.0000000E-01   6.4999998E-02   8.7400004E-03   6.2512463E-01   1.7524310E+03
   1.0000000E-01   6.7000002E-02   8.7400004E-03   3.1935963E-01   1.7528555E+03
   1.0000000E-01   6.9000006E-02   8.7400004E-03   1.4253134E-01   1.7523458E+03
   1.0000000E-01   7.0999995E-02   8.7400004E-03   3.2574248E-02   1.7501582E+03
   1.0000000E-01   7.2999999E-02   8.7400004E-03   0.0000000E+00   2.9300000E+02
   1.0000000E-01   7.5000003E-02   8.7400004E-03   6.2265325E-01   8.4470770E+02
   1.0000000E-01   7.7000000E-02   8.7400004E-03   1.0000000E+00   6.9606915E+02
   1.0000000E-01   7.8999996E-02   8.7400004E-03   1.0000000E+00   5.8729034E+02
   1.0000000E-01   8.1000000E-02   8.7400004E-03   1.0000000E+00   5.0847565E+02
   1.0000000E-01   8.3000004E-02   8.7400004E-03   1.0000000E+00   4.5376212E+02
   1.0000000E-01   8.5000001E-02   8.7400004E-03   1.0000000E+00   4.1682291E+02
   1.0000000E-01   8.6999997E-02   8.7400004E-03   1.0000000E+00   3.9248596E+02
   1.0000000E-01   8.9000002E-02   8.7400004E-03   1.0000000E+00   3.7683026E+02
   1.0000000E-01   9.1000006E-02   8.7400004E-03   1.0000000E+00   3.6699472E+02
   1.0000000E-01   9.2999995E-02   8.7400004E-03   1.0000000E+00   3.6095807E+02
   1.0000000E-01   9.4999999E-02   8.7400004E-03   1.0000000E+00   3.5733661E+02
   1.0000000E-01   9.7000003E-02   8.7400004E-03   1.0000000E+00   3.5521204E+02
   1.0000000E-01   9.8999999E-02   8.7400004E-03   1.0000000E+00   3.5399280E+02
   1.0000000E-01   1.0100000E-01   8.7400004E-03   1.0000000E+00   3.5330850E+02
   1.0000000E-01   1.0300000E-01   8.7400004E-03   1.0000000E+00   3.5293326E+02
   1.0000000E-01   1.0500000E-01   8.7400004E-03   1.0000000E+00   3.5273276E+02
   1.0000000E-01   1.0700000E-01   8.7400004E-03   1.0000000E+00   3.5262897E+02
   1.0000000E-01   1.0900000E-01   8.7400004E-03   1.0000000E+00   3.5257748E+02
   1.0000000E-01   1.1100000E-01   8.7400004E-03   1.0000000E+00   3.5255356E+02
   1.0000000E-01   1.1300001E-01   8.7400004E-03   1.0000000E+00   3.5254373E+02
   1.0000000E-01   1.1499999E-01   8.7400004E-03   1.0000000E+00   3.5254074E+02
   1.0000000E-01   1.1700000E-01   8.7400004E-03   1.0000000E+00   3.5254083E+02
   1.0000000E-01   1.1900000E-01   8.7400004E-03   1.0000000E+00   3.5254208E+02
   1.0000000E-01   1.2100000E-01   8.7400004E-03   1.0000000E+00   3.5254361E+02
   1.0000000E-01   1.2633334E-01   8.7400004E-03   1.0000000E+00   3.5254730E+02
   1.0000000E-01   1.3733333E-01   8.7400004E-03   1.0000000E+00   3.5254514E+02
   1.0000000E-01   1.5200000E-01   8.7400004E-03   1.0000000E+00   3.5252438E+02
   1.0000000E-01   8.0000004E-03   1.0700000E-02   1.0000000E+00   3.5262204E+02
   1.0000000E-01   2.2666667E-02   1.0700000E-02   1.0000000E+00   3.5287732E+02
   1.0000000E-01   3.3666667E-02   1.0700000E-02   1.0000000E+00   3.5657031E+02
   1.0000000E-01   3.8999997E-02   1.0700000E-02   1.0000000E+00   3.7123914E+02
   1.0000000E-01   4.1000001E-02   1.0700000E-02   1.0000000E+00   3.8085458E+02
   1.0000000E-01   4.2999998E-02   1.0700000E-02   1.0000000E+00   3.9623868E+02
   1.0000000E-01   4.5000002E-02   1.0700000E-02   1.0000000E+00   4.1971457E+02
   1.0000000E-01   4.6999998E-02   1.0700000E-02   1.0000000E+00   4.5443390E+02
   1.0000000E-01   4.9000002E-02   1.0700000E-02   1.0000000E+00   5.0453012E+02
   1.0000000E-01   5.0999999E-02   1.0700000E-02   1.0000000E+00   5.7536572E+02
   1.0000000E-01   5.3000003E-02   1.0700000E-02   1.0000000E+00   6.7412494E+02
   1.0000000E-01   5.5000000E-02   1.0700000E-02   1.0000000E+00   8.1123383E+02
   1.0000000E-01   5.7000000E-02   1.0700000E-02   1.0000000E+00   1.0038380E+03
   1.0000000E-01   5.9000000E-02   1.0700000E-02   1.0000000E+00   1.2860612E+03
   1.0000000E-01   6.0999997E-02   1.0700000E-02   9.9978530E-01   1.7408239E+03
   1.0000000E-01   6.3000001E-02   1.0700000E-02   1.6258746E-01   1.7479772E+03
   1.0000000E-01   6.4999998E-02   1.0700000E-02   0.0000000E+00   2.9300000E+02
   1.0000000E-01   6.7000002E-02   1.0700000E-02   0.0000000E+00   2.9300000E+02
   1.0000000E-01   6.9000006E-02   1.0700000E-02   0.0000000E+00   2.9300000E+02
   1.0000000E-01   7.0999995E-02   1.0700000E-02   0.0000000E+00   2.9300000E+02
   1.0000000E-01   7.2999999E-02   1.0700000E-02   0.0000000E+00   2.9300000E+02
   1.0000000E-01   7.5000003E-02   1.0700000E-02   1.0000026E-02   7.2710852E+02
   1.0000000E-01   7.7000000E-02   1.0700000E-02   6.4000016E-01   6.0776874E+02
   1.0000000E-01   7.8999996E-02   1.0700000E-02   1.0000000E+00   5.3114612E+02
   1.0000000E-01   8.1000000E-02   1.0700000E-02   1.0000000E+00   4.7419205E+02
   1.0000000E-01   8.3000004E-02   1.0700000E-02   1.0000000E+00   4.3279578E+02
   1.0000000E-01   8.5000001E-02   1.0700000E-02   1.0000000E+00   4.0409634E+02
   1.0000000E-01   8.6999997E-02   1.0700000E-02   1.0000000E+00   3.8487317E+02
   1.0000000E-01   8.9000002E-02   1.0700000E-02   1.0000000E+00   3.7236203E+02
   1.0000000E-01   9.1000006E-02   1.0700000E-02   1.0000000E+00   3.6442926E+02
   1.0000000E-01   9.2999995E-02   1.0700000E-02   1.0000000E+00   3.5952234E+02
   1.0000000E-01   9.4999999E-02   1.0700000E-02   1.0000000E+00   3.5655865E+02
   1.0000000E-01   9.7000003E-02   1.0700000E-02   1.0000000E+00   3.5480975E+02
   1.0000000E-01   9.8999999E-02   1.0700000E-02   1.0000000E+00   3.5380112E+02
   1.0000000E-01   1.0100000E-01   1.0700000E-02   1.0000000E+00   3.5323279E+02
   1.0000000E-01   1.0300000E-01   1.0700000E-02   1.0000000E+00   3.5292038E+02
   1.0000000E-01   1.0500000E-01   1.0700000E-02   1.0000000E+00   3.5275342E+02
   1.0000000E-01   1.0700000E-01   1.0700000E-02   1.0000000E+00   3.5266727E+02
   1.0000000E-01   1.0900000E-01   1.0700000E-02   1.0000000E+00   3.5262497E+02
   1.0000000E-01   1.1100000E-01   1.0700000E-02   1.0000000E+00   3.5260580E+02
   1.0000000E-01   1.1300001E-01   1.0700000E-02   1.0000000E+00   3.5259845E+02
   1.0000000E-01   1.1499999E-01   1.0700000E-02   1.0000000E+00   3.5259680E+02
   1.0000000E-01   1.1700000E-01   1.0700000E-02   1.0000000E+00   3.5259763E+02
   1.0000000E-01   1.1900000E-01   1.0700000E-02   1.0000000E+00   3.5259933E+02
   1.0000000E-01   1.2100000E-01   1.0700000E-02   1.0000000E+00   3.5260117E+02
   1.0000000E-01   1.2633334E-01   1.0700000E-02   1.0000000E+00   3.5260544E+02
   1.0000000E-01   1.3733333E-01   1.0700000E-02   1.0000000E+00   3.5260406E+02
   1.0000000E-01   1.5200000E-01   1.0700000E-02   1.0000000E+00   3.5258667E+02
   1.0000000E-01   8.0000004E-03   1.2660000E-02   1.0000000E+00   3.5266739E+02
   1.0000000E-01   2.2666667E-02   1.2660000E-02   1.0000000E+00   3.5287607E+02
   1.0000000E-01   3.3666667E-02   1.2660000E-02   1.0000000E+00   3.5587177E+02
   1.0000000E-01   3.8999997E-02   1.2660000E-02   1.0000000E+00   3.6760977E+02
   1.0000000E-01   4.1000001E-02   1.2660000E-02   1.0000000E+00   3.7526205E+02
   1.0000000E-01   4.2999998E-02   1.2660000E-02   1.0000000E+00   3.8745886E+02
   1.0000000E-01   4.5000002E-02   1.2660000E-02   1.0000000E+00   4.0599710E+02
   1.0000000E-01   4.6999998E-02   1.2660000E-02   1.0000000E+00   4.3326917E+02
   1.0000000E-01   4.9000002E-02   1.2660000E-02   1.0000000E+00   4.7235809E+02
   1.0000000E-01   5.0999999E-02   1.2660000E-02   1.0000000E+00   5.2719958E+02
   1.0000000E-01   5.3000003E-02   1.2660000E-02   1.0000000E+00   6.0293658E+02
   1.0000000E-01   5.5000000E-02   1.2660000E-02   1.0000000E+00   7.0654547E+02
   1.0000000E-01   5.7000000E-02   1.2660000E-02   1.0000000E+00   8.4756158E+02
   1.0000000E-01   5.9000000E-02   1.2660000E-02   1.0000000E+00   1.0388577E+03
   1.0000000E-01   6.0999997E-02   1.2660000E-02   2.4904823E-01   1.7168541E+03
   1.0000000E-01   6.3000001E-02   1.2660000E-02   0.0000000E+00   2.9300000E+02
   1.0000000E-01   6.4999998E-02   1.2660000E-02   0.0000000E+00   2.9300000E+02
   1.0000000E-01   6.7000002E-02   1.2660000E-02   0.0000000E+00   2.9300000E+02
   1.0000000E-01   6.9000006E-02   1.2660000E-02   0.0000000E+00   2.9300000E+02
   1.0000000E-01   7.0999995E-02   1.2660000E-02   0.0000000E+00   2.9300000E+02
   1.0000000E-01   7.2999999E-02   1.2660000E-02   0.0000000E+00   2.9300000E+02
   1.0000000E-01   7.5000003E-02   1.2660000E-02   0.0000000E+00   2.9300000E+02
   1.0000000E-01   7.7000000E-02   1.2660000E-02   1.3061253E-02   5.4027997E+02
   1.0000000E-01   7.8999996E-02   1.2660000E-02   6.5693891E-01   4.7998367E+02
   1.0000000E-01   8.1000000E-02   1.2660000E-02   1.0000000E+00   4.4090768E+02
   1.0000000E-01   8.3000004E-02   1.2660000E-02   1.0000000E+00   4.1224380E+02
   1.0000000E-01   8.5000001E-02   1.2660000E-02   1.0000000E+00   3.9159888E+02
   1.0000000E-01   8.6999997E-02   1.2660000E-02   1.0000000E+00   3.7739307E+02
   1.0000000E-01   8.9000002E-02   1.2660000E-02   1.0000000E+00   3.6796341E+02
   1.0000000E-01   9.1000006E-02   1.2660000E-02   1.0000000E+00   3.6189380E+02
   1.0000000E-01   9.2999995E-02   1.2660000E-02   1.0000000E+00   3.5809424E+02
   1.0000000E-01   9.4999999E-02   1.2660000E-02   1.0000000E+00   3.5577686E+02
   1.0000000E-01   9.7000003E-02   1.2660000E-02   1.0000000E+00   3.5439832E+02
   1.0000000E-01   9.8999999E-02   1.2660000E-02   1.0000000E+00   3.5359811E+02
   1.0000000E-01   1.0100000E-01   1.2660000E-02   1.0000000E+00   3.5314505E+02
   1.0000000E-01   1.0300000E-01   1.2660000E-02   1.0000000E+00   3.5289532E+02
   1.0000000E-01   1.0500000E-01   1.2660000E-02   1.0000000E+00   3.5276193E+02
   1.0000000E-01   1.0700000E-01   1.2660000E-02   1.0000000E+00   3.5269351E+02
   1.0000000E-01   1.0900000E-01   1.2660000E-02   1.0000000E+00   3.5266052E+02
   1.0000000E-01   1.1100000E-01   1.2660000E-02   1.0000000E+00   3.5264624E+02
   1.0000000E-01   1.1300001E-01   1.2660000E-02   1.0000000E+00   3.5264142E+02
   1.0000000E-01   1.1499999E-01   1.2660000E-02   1.0000000E+00   3.5264114E+02
   1.0000000E-01   1.1700000E-01   1.2660000E-02   1.0000000E+00   3.5264279E+02
   1.0000000E-01   1.1900000E-01   1.2660000E-02   1.0000000E+00   3.5264499E+02
   1.0000000E-01   1.2100000E-01   1.2660000E-02   1.0000000E+00   3.5264716E+02
   1.0000000E-01   1.2633334E-01   1.2660000E-02   1.0000000E+00   3.5265210E+02
   1.0000000E-01   1.3733333E-01   1.2660000E-02   1.0000000E+00   3.5265161E+02
   1.0000000E-01   1.5200000E-01   1.2660000E-02   1.0000000E+00   3.5263702E+02
   1.0000000E-01   8.0000004E-03   1.4620000E-02   1.0000000E+00   3.5270160E+02
   1.0000000E-01   2.2666667E-02   1.4620000E-02   1.0000000E+00   3.5286679E+02
   1.0000000E-01   3.3666667E-02   1.4620000E-02   1.0000000E+00   3.5522418E+02
   1.0000000E-01   3.8999997E-02   1.4620000E-02   1.0000000E+00   3.6431760E+02
   1.0000000E-01   4.1000001E-02   1.4620000E-02   1.0000000E+00   3.7019247E+02
   1.0000000E-01   4.2999998E-02   1.4620000E-02   1.0000000E+00   3.7948660E+02
   1.0000000E-01   4.5000002E-02   1.4620000E-02   1.0000000E+00   3.9349194E+02
   1.0000000E-01   4.6999998E-02   1.4620000E-02   1.0000000E+00   4.1386514E+02
   1.0000000E-01   4.9000002E-02   1.4620000E-02   1.0000000E+00   4.4262143E+02
   1.0000000E-01   5.0999999E-02   1.4620000E-02   1.0000000E+00   4.8208813E+02
   1.0000000E-01   5.3000003E-02   1.4620000E-02   1.0000000E+00   5.3474036E+02
   1.0000000E-01   5.5000000E-02   1.4620000E-02   1.0000000E+00   6.0244006E+02
   1.0000000E-01   5.7000000E-02   1.4620000E-02   1.0000000E+00   6.8317511E+02
   1.0000000E-01   5.9000000E-02   1.4620000E-02   1.0000000E+00   7.5925024E+02
   1.0000000E-01   6.0999997E-02   1.4620000E-02   0.0000000E+00   2.9300000E+02
   1.0000000E-01   6.3000001E-02   1.4620000E-02   0.0000000E+00   2.9300000E+02
   1.0000000E-01   6.4999998E-02   1.4620000E-02   0.0000000E+00   2.9300000E+02
   1.0000000E-01   6.7000002E-02   1.4620000E-02   0.0000000E+00   2.9300000E+02
   1.0000000E-01   6.9000006E-02   1.4620000E-02   0.0000000E+00   2.9300000E+02
   1.0000000E-01   7.0999995E-02   1.4620000E-02   0.0000000E+00   2.9300000E+02
   1.0000000E-01   7.2999999E-02   1.4620000E-02   0.0000000E+00   2.9300000E+02
   1.0000000E-01   7.5000003E-02   1.4620000E-02   0.0000000E+00   2.9300000E+02
   1.0000000E-01   7.7000000E-02   1.4620000E-02   0.0000000E+00   2.9300000E+02
   1.0000000E-01   7.8999996E-02   1.4620000E-02   1.6530646E-02   4.4374496E+02
   1.0000000E-01   8.1000000E-02   1.4620000E-02   6.7346954E-01   4.1357846E+02
   1.0000000E-01   8.3000004E-02   1.4620000E-02   1.0000000E+00   3.9439880E+02
   1.0000000E-01   8.5000001E-02   1.4620000E-02   1.0000000E+00   3.8054343E+02
   1.0000000E-01   8.6999997E-02   1.4620000E-02   1.0000000E+00   3.7068890E+02
   1.0000000E-01   8.9000002E-02   1.4620000E-02   1.0000000E+00   3.6398026E+02
   1.0000000E-01   9.1000006E-02   1.4620000E-02   1.0000000E+00   3.5957642E+02
   1.0000000E-01   9.2999995E-02   1.4620000E-02   1.0000000E+00   3.5677634E+02
   1.0000000E-01   9.4999999E-02   1.4620000E-02   1.0000000E+00   3.5504700E+02
   1.0000000E-01   9.7000003E-02   1.4620000E-02   1.0000000E+00   3.5400784E+02
   1.0000000E-01   9.8999999E-02   1.4620000E-02   1.0000000E+00   3.5339987E+02
   1.0000000E-01   1.0100000E-01   1.4620000E-02   1.0000000E+00   3.5305374E+02
   1.0000000E-01   1.0300000E-01   1.4620000E-02   1.0000000E+00   3.5286255E+02
   1.0000000E-01   1.0500000E-01   1.4620000E-02   1.0000000E+00   3.5276068E+02
   1.0000000E-01   1.0700000E-01   1.4620000E-02   1.0000000E+00   3.5270905E+02
   1.0000000E-01   1.0900000E-01   1.4620000E-02   1.0000000E+00   3.5268488E+02
   1.0000000E-01   1.1100000E-01   1.4620000E-02   1.0000000E+00   3.5267523E+02
   1.0000000E-01   1.1300001E-01   1.4620000E-02   1.0000000E+00   3.5267294E+02
   1.0000000E-01   1.1499999E-01   1.4620000E-02   1.0000000E+00   3.5267404E+02
   1.0000000E-01   1.1700000E-01   1.4620000E-02   1.0000000E+00   3.5267645E+02
   1.0000000E-01   1.1900000E-01   1.4620000E-02   1.0000000E+00   3.5267920E+02
   1.0000000E-01   1.2100000E-01   1.4620000E-02   1.0000000E+00   3.5268170E+02
   1.0000000E-01   1.2633334E-01   1.4620000E-02   1.0000000E+00   3.5268738E+02
   1.0000000E-01   1.3733333E-01   1.4620000E-02   1.0000000E+00   3.5268787E+02
   1.0000000E-01   1.5200000E-01   1.4620000E-02   1.0000000E+00   3.5267557E+02
   1.0000000E-01   8.0000004E-03   1.6580001E-02   1.0000000E+00   3.5272485E+02
   1.0000000E-01   2.2666667E-02   1.6580001E-02   1.0000000E+00   3.5285132E+02
   1.0000000E-01   3.3666667E-02   1.6580001E-02   1.0000000E+00   3.5465012E+02
   1.0000000E-01   3.8999997E-02   1.6580001E-02   1.0000000E+00   3.6146497E+02
   1.0000000E-01   4.1000001E-02   1.6580001E-02   1.0000000E+00   3.6581390E+02
   1.0000000E-01   4.2999998E-02   1.6580001E-02   1.0000000E+00   3.7262161E+02
   1.0000000E-01   4.5000002E-02   1.6580001E-02   1.0000000E+00   3.8275534E+02
   1.0000000E-01   4.6999998E-02   1.6580001E-02   1.0000000E+00   3.9726517E+02
   1.0000000E-01   4.9000002E-02   1.6580001E-02   1.0000000E+00   4.1730823E+02
   1.0000000E-01   5.0999999E-02   1.6580001E-02   1.0000000E+00   4.4398087E+02
   1.0000000E-01   5.3000003E-02   1.6580001E-02   1.0000000E+00   4.7795465E+02
   1.0000000E-01   5.5000000E-02   1.6580001E-02   1.0000000E+00   5.1857190E+02
   1.0000000E-01   5.7000000E-02   1.6580001E-02   1.0000000E+00   5.6155341E+02
   1.0000000E-01   5.9000000E-02   1.6580001E-02   1.0000000E+00   5.9438049E+02
   1.0000000E-01   6.0999997E-02   1.6580001E-02   0.0000000E+00   2.9300000E+02
   1.0000000E-01   6.3000001E-02   1.6580001E-02   0.0000000E+00   2.9300000E+02
   1.0000000E-01   6.4999998E-02   1.6580001E-02   0.0000000E+00   2.9300000E+02
   1.0000000E-01   6.7000002E-02   1.6580001E-02   0.0000000E+00   2.9300000E+02
   1.0000000E-01   6.9000006E-02   1.6580001E-02   0.0000000E+00   2.9300000E+02
   1.0000000E-01   7.0999995E-02   1.6580001E-02   0.0000000E+00   2.9300000E+02
   1.0000000E-01   7.2999999E-02   1.6580001E-02   0.0000000E+00   2.9300000E+02
   1.0000000E-01   7.5000003E-02   1.6580001E-02   0.0000000E+00   2.9300000E+02
   1.0000000E-01   7.7000000E-02   1.6580001E-02   0.0000000E+00   2.9300000E+02
   1.0000000E-01   7.8999996E-02   1.6580001E-02   0.0000000E+00   2.9300000E+02
   1.0000000E-01   8.1000000E-02   1.6580001E-02   2.0408200E-02   3.9520618E+02
   1.0000000E-01   8.3000004E-02   1.6580001E-02   6.8959200E-01   3.8063959E+02
   1.0000000E-01   8.5000001E-02   1.6580001E-02   1.0000000E+00   3.7158588E+02
   1.0000000E-01   8.6999997E-02   1.6580001E-02   1.0000000E+00   3.6514667E+02
   1.0000000E-01   8.9000002E-02   1.6580001E-02   1.0000000E+00   3.6063354E+02
   1.0000000E-01   9.1000006E-02   1.6580001E-02   1.0000000E+00   3.5760187E+02
   1.0000000E-01   9.2999995E-02   1.6580001E-02   1.0000000E+00   3.5563840E+02
   1.0000000E-01   9.4999999E-02   1.6580001E-02   1.0000000E+00   3.5440768E+02
   1.0000000E-01   9.7000003E-02   1.6580001E-02   1.0000000E+00   3.5365942E+02
   1.0000000E-01   9.8999999E-02   1.6580001E-02   1.0000000E+00   3.5321783E+02
   1.0000000E-01   1.0100000E-01   1.6580001E-02   1.0000000E+00   3.5296506E+02
   1.0000000E-01   1.0300000E-01   1.6580001E-02   1.0000000E+00   3.5282532E+02
   1.0000000E-01   1.0500000E-01   1.6580001E-02   1.0000000E+00   3.5275140E+02
   1.0000000E-01   1.0700000E-01   1.6580001E-02   1.0000000E+00   3.5271475E+02
   1.0000000E-01   1.0900000E-01   1.6580001E-02   1.0000000E+00   3.5269858E+02
   1.0000000E-01   1.1100000E-01   1.6580001E-02   1.0000000E+00   3.5269321E+02
   1.0000000E-01   1.1300001E-01   1.6580001E-02   1.0000000E+00   3.5269321E+02
   1.0000000E-01   1.1499999E-01   1.6580001E-02   1.0000000E+00   3.5269562E+02
   1.0000000E-01   1.1700000E-01   1.6580001E-02   1.0000000E+00   3.5269885E+02
   1.0000000E-01   1.1900000E-01   1.6580001E-02   1.0000000E+00   3.5270212E+02
   1.0000000E-01   1.2100000E-01   1.6580001E-02   1.0000000E+00   3.5270502E+02
   1.0000000E-01   1.2633334E-01   1.6580001E-02   1.0000000E+00   3.5271146E+02
   1.0000000E-01   1.3733333E-01   1.6580001E-02   1.0000000E+00   3.5271292E+02
   1.0000000E-01   1.5200000E-01   1.6580001E-02   1.0000000E+00   3.5270251E+02
   1.0000000E-01   8.0000004E-03   1.8539999E-02   1.0000000E+00   3.5273727E+02
   1.0000000E-01   2.2666667E-02   1.8539999E-02   1.0000000E+00   3.5283069E+02
   1.0000000E-01   3.3666667E-02   1.8539999E-02   1.0000000E+00   3.5416089E+02
   1.0000000E-01   3.8999997E-02   1.8539999E-02   1.0000000E+00   3.5910138E+02
   1.0000000E-01   4.1000001E-02   1.8539999E-02   1.0000000E+00   3.6220752E+02
   1.0000000E-01   4.2999998E-02   1.8539999E-02   1.0000000E+00   3.6700781E+02
   1.0000000E-01   4.5000002E-02   1.8539999E-02   1.0000000E+00   3.7404959E+02
   1.0000000E-01   4.6999998E-02   1.8539999E-02   1.0000000E+00   3.8394791E+02
   1.0000000E-01   4.9000002E-02   1.8539999E-02   1.0000000E+00   3.9729062E+02
   1.0000000E-01   5.0999999E-02   1.8539999E-02   1.0000000E+00   4.1445932E+02
   1.0000000E-01   5.3000003E-02   1.8539999E-02   1.0000000E+00   4.3531134E+02
   1.0000000E-01   5.5000000E-02   1.8539999E-02   1.0000000E+00   4.5860245E+02
   1.0000000E-01   5.7000000E-02   1.8539999E-02   1.0000000E+00   4.8099567E+02
   1.0000000E-01   5.9000000E-02   1.8539999E-02   1.0000000E+00   4.9599564E+02
   1.0000000E-01   6.0999997E-02   1.8539999E-02   0.0000000E+00   2.9300000E+02
   1.0000000E-01   6.3000001E-02   1.8539999E-02   0.0000000E+00   2.9300000E+02
   1.0000000E-01   6.4999998E-02   1.8539999E-02   0.0000000E+00   2.9300000E+02
   1.0000000E-01   6.7000002E-02   1.8539999E-02   0.0000000E+00   2.9300000E+02
   1.0000000E-01   6.9000006E-02   1.8539999E-02   0.0000000E+00   2.9300000E+02
   1.0000000E-01   7.0999995E-02   1.8539999E-02   0.0000000E+00   2.9300000E+02
   1.0000000E-01   7.2999999E-02   1.8539999E-02   0.0000000E+00   2.9300000E+02
   1.0000000E-01   7.5000003E-02   1.8539999E-02   0.0000000E+00   2.9300000E+02
   1.0000000E-01   7.7000000E-02   1.8539999E-02   0.0000000E+00   2.9300000E+02
   1.0000000E-01   7.8999996E-02   1.8539999E-02   0.0000000E+00   2.9300000E+02
   1.0000000E-01   8.1000000E-02   1.8539999E-02   0.0000000E+00   2.9300000E+02
   1.0000000E-01   8.3000004E-02   1.8539999E-02   2.4693917E-02   3.7174765E+02
   1.0000000E-01   8.5000001E-02   1.8539999E-02   7.0530623E-01   3.6497498E+02
   1.0000000E-01   8.6999997E-02   1.8539999E-02   1.0000000E+00   3.6087244E+02
   1.0000000E-01   8.9000002E-02   1.8539999E-02   1.0000000E+00   3.5800076E+02
   1.0000000E-01   9.1000006E-02   1.8539999E-02   1.0000000E+00   3.5602094E+02
   1.0000000E-01   9.2999995E-02   1.8539999E-02   1.0000000E+00   3.5471179E+02
   1.0000000E-01   9.4999999E-02   1.8539999E-02   1.0000000E+00   3.5387759E+02
   1.0000000E-01   9.7000003E-02   1.8539999E-02   1.0000000E+00   3.5336395E+02
   1.0000000E-01   9.8999999E-02   1.8539999E-02   1.0000000E+00   3.5305811E+02
   1.0000000E-01   1.0100000E-01   1.8539999E-02   1.0000000E+00   3.5288239E+02
   1.0000000E-01   1.0300000E-01   1.8539999E-02   1.0000000E+00   3.5278558E+02
   1.0000000E-01   1.0500000E-01   1.8539999E-02   1.0000000E+00   3.5273520E+02
   1.0000000E-01   1.0700000E-01   1.8539999E-02   1.0000000E+00   3.5271130E+02
   1.0000000E-01   1.0900000E-01   1.8539999E-02   1.0000000E+00   3.5270200E+02
   1.0000000E-01   1.1100000E-01   1.8539999E-02   1.0000000E+00   3.5270038E+02
   1.0000000E-01   1.1300001E-01   1.8539999E-02   1.0000000E+00   3.5270245E+02
   1.0000000E-01   1.1499999E-01   1.8539999E-02   1.0000000E+00   3.5270609E+02
   1.0000000E-01   1.1700000E-01   1.8539999E-02   1.0000000E+00   3.5271008E+02
   1.0000000E-01   1.1900000E-01   1.8539999E-02   1.0000000E+00   3.5271387E+02
   1.0000000E-01   1.2100000E-01   1.8539999E-02   1.0000000E+00   3.5271716E+02
   1.0000000E-01   1.2633334E-01   1.8539999E-02   1.0000000E+00   3.5272443E+02
   1.0000000E-01   1.3733333E-01   1.8539999E-02   1.0000000E+00   3.5272684E+02
   1.0000000E-01   1.5200000E-01   1.8539999E-02   1.0000000E+00   3.5271793E+02
   1.0000000E-01   8.0000004E-03   2.0500001E-02   1.0000000E+00   3.5273895E+02
   1.0000000E-01   2.2666667E-02   2.0500001E-02   1.0000000E+00   3.5280521E+02
   1.0000000E-01   3.3666667E-02   2.0500001E-02   1.0000000E+00   3.5375775E+02
   1.0000000E-01   3.8999997E-02   2.0500001E-02   1.0000000E+00   3.5722372E+02
   1.0000000E-01   4.1000001E-02   2.0500001E-02   1.0000000E+00   3.5936688E+02
   1.0000000E-01   4.2999998E-02   2.0500001E-02   1.0000000E+00   3.6263208E+02
   1.0000000E-01   4.5000002E-02   2.0500001E-02   1.0000000E+00   3.6734659E+02
   1.0000000E-01   4.6999998E-02   2.0500001E-02   1.0000000E+00   3.7384637E+02
   1.0000000E-01   4.9000002E-02   2.0500001E-02   1.0000000E+00   3.8239438E+02
   1.0000000E-01   5.0999999E-02   2.0500001E-02   1.0000000E+00   3.9304321E+02
   1.0000000E-01   5.3000003E-02   2.0500001E-02   1.0000000E+00   4.0542941E+02
   1.0000000E-01   5.5000000E-02   2.0500001E-02   1.0000000E+00   4.1849155E+02
   1.0000000E-01   5.7000000E-02   2.0500001E-02   1.0000000E+00   4.3015884E+02
   1.0000000E-01   5.9000000E-02   2.0500001E-02   1.0000000E+00   4.3731989E+02
   1.0000000E-01   6.0999997E-02   2.0500001E-02   0.0000000E+00   2.9300000E+02
   1.0000000E-01   6.3000001E-02   2.0500001E-02   0.0000000E+00   2.9300000E+02
   1.0000000E-01   6.4999998E-02   2.0500001E-02   0.0000000E+00   2.9300000E+02
   1.0000000E-01   6.7000002E-02   2.0500001E-02   0.0000000E+00   2.9300000E+02
   1.0000000E-01   6.9000006E-02   2.0500001E-02   0.0000000E+00   2.9300000E+02
   1.0000000E-01   7.0999995E-02   2.0500001E-02   0.0000000E+00   2.9300000E+02
   1.0000000E-01   7.2999999E-02   2.0500001E-02   0.0000000E+00   2.9300000E+02
   1.0000000E-01   7.5000003E-02   2.0500001E-02   0.0000000E+00   2.9300000E+02
   1.0000000E-01   7.7000000E-02   2.0500001E-02   0.0000000E+00   2.9300000E+02
   1.0000000E-01   7.8999996E-02   2.0500001E-02   0.0000000E+00   2.9300000E+02
   1.0000000E-01   8.1000000E-02   2.0500001E-02   0.0000000E+00   2.9300000E+02
   1.0000000E-01   8.3000004E-02   2.0500001E-02   0.0000000E+00   2.9300000E+02
   1.0000000E-01   8.5000001E-02   2.0500001E-02   2.9387798E-02   3.6084497E+02
   1.0000000E-01   8.6999997E-02   2.0500001E-02   7.2061241E-01   3.5782138E+02
   1.0000000E-01   8.9000002E-02   2.0500001E-02   1.0000000E+00   3.5604538E+02
   1.0000000E-01   9.1000006E-02   2.0500001E-02   1.0000000E+00   3.5482214E+02
   1.0000000E-01   9.2999995E-02   2.0500001E-02   1.0000000E+00   3.5399445E+02
   1.0000000E-01   9.4999999E-02   2.0500001E-02   1.0000000E+00   3.5345758E+02
   1.0000000E-01   9.7000003E-02   2.0500001E-02   1.0000000E+00   3.5312277E+02
   1.0000000E-01   9.8999999E-02   2.0500001E-02   1.0000000E+00   3.5292200E+02
   1.0000000E-01   1.0100000E-01   2.0500001E-02   1.0000000E+00   3.5280664E+02
   1.0000000E-01   1.0300000E-01   2.0500001E-02   1.0000000E+00   3.5274390E+02
   1.0000000E-01   1.0500000E-01   2.0500001E-02   1.0000000E+00   3.5271240E+02
   1.0000000E-01   1.0700000E-01   2.0500001E-02   1.0000000E+00   3.5269888E+02
   1.0000000E-01   1.0900000E-01   2.0500001E-02   1.0000000E+00   3.5269531E+02
   1.0000000E-01   1.1100000E-01   2.0500001E-02   1.0000000E+00   3.5269684E+02
   1.0000000E-01   1.1300001E-01   2.0500001E-02   1.0000000E+00   3.5270074E+02
   1.0000000E-01   1.1499999E-01   2.0500001E-02   1.0000000E+00   3.5270547E+02
   1.0000000E-01   1.1700000E-01   2.0500001E-02   1.0000000E+00   3.5271021E+02
   1.0000000E-01   1.1900000E-01   2.0500001E-02   1.0000000E+00   3.5271454E+02
   1.0000000E-01   1.2100000E-01   2.0500001E-02   1.0000000E+00   3.5271823E+02
   1.0000000E-01   1.2633334E-01   2.0500001E-02   1.0000000E+00   3.5272638E+02
   1.0000000E-01   1.3733333E-01   2.0500001E-02   1.0000000E+00   3.5272971E+02
   1.0000000E-01   1.5200000E-01   2.0500001E-02   1.0000000E+00   3.5272189E+02
   1.0000000E-01   8.0000004E-03   2.2459999E-02   1.0000000E+00   3.5272986E+02
   1.0000000E-01   2.2666667E-02   2.2459999E-02   1.0000000E+00   3.5277460E+02
   1.0000000E-01   3.3666667E-02   2.2459999E-02   1.0000000E+00   3.5343405E+02
   1.0000000E-01   3.8999997E-02   2.2459999E-02   1.0000000E+00   3.5578793E+02
   1.0000000E-01   4.1000001E-02   2.2459999E-02   1.0000000E+00   3.5721823E+02
   1.0000000E-01   4.2999998E-02   2.2459999E-02   1.0000000E+00   3.5936511E+02
   1.0000000E-01   4.5000002E-02   2.2459999E-02   1.0000000E+00   3.6241507E+02
   1.0000000E-01   4.6999998E-02   2.2459999E-02   1.0000000E+00   3.6654022E+02
   1.0000000E-01   4.9000002E-02   2.2459999E-02   1.0000000E+00   3.7183987E+02
   1.0000000E-01   5.0999999E-02   2.2459999E-02   1.0000000E+00   3.7825214E+02
   1.0000000E-01   5.3000003E-02   2.2459999E-02   1.0000000E+00   3.8544095E+02
   1.0000000E-01   5.5000000E-02   2.2459999E-02   1.0000000E+00   3.9268082E+02
   1.0000000E-01   5.7000000E-02   2.2459999E-02   1.0000000E+00   3.9880035E+02
   1.0000000E-01   5.9000000E-02   2.2459999E-02   1.0000000E+00   4.0232938E+02
   1.0000000E-01   6.0999997E-02   2.2459999E-02   0.0000000E+00   2.9300000E+02
   1.0000000E-01   6.3000001E-02   2.2459999E-02   0.0000000E+00   2.9300000E+02
   1.0000000E-01   6.4999998E-02   2.2459999E-02   0.0000000E+00   2.9300000E+02
   1.0000000E-01   6.7000002E-02   2.2459999E-02   0.0000000E+00   2.9300000E+02
   1.0000000E-01   6.9000006E-02   2.2459999E-02   0.0000000E+00   2.9300000E+02
   1.0000000E-01   7.0999995E-02   2.2459999E-02   0.0000000E+00   2.9300000E+02
   1.0000000E-01   7.2999999E-02   2.2459999E-02   0.0000000E+00   2.9300000E+02
   1.0000000E-01   7.5000003E-02   2.2459999E-02   0.0000000E+00   2.9300000E+02
   1.0000000E-01   7.7000000E-02   2.2459999E-02   0.0000000E+00   2.9300000E+02
   1.0000000E-01   7.8999996E-02   2.2459999E-02   0.0000000E+00   2.9300000E+02
   1.0000000E-01   8.1000000E-02   2.2459999E-02   0.0000000E+00   2.9300000E+02
   1.0000000E-01   8.3000004E-02   2.2459999E-02   0.0000000E+00   2.9300000E+02
   1.0000000E-01   8.5000001E-02   2.2459999E-02   0.0000000E+00   2.9300000E+02
   1.0000000E-01   8.6999997E-02   2.2459999E-02   3.4489844E-02   3.5597293E+02
   1.0000000E-01   8.9000002E-02   2.2459999E-02   7.3551035E-01   3.5468140E+02
   1.0000000E-01   9.1000006E-02   2.2459999E-02   1.0000000E+00   3.5395410E+02
   1.0000000E-01   9.2999995E-02   2.2459999E-02   1.0000000E+00   3.5346140E+02
   1.0000000E-01   9.4999999E-02   2.2459999E-02   1.0000000E+00   3.5313586E+02
   1.0000000E-01   9.7000003E-02   2.2459999E-02   1.0000000E+00   3.5293054E+02
   1.0000000E-01   9.8999999E-02   2.2459999E-02   1.0000000E+00   3.5280707E+02
   1.0000000E-01   1.0100000E-01   2.2459999E-02   1.0000000E+00   3.5273682E+02
   1.0000000E-01   1.0300000E-01   2.2459999E-02   1.0000000E+00   3.5269983E+02
   1.0000000E-01   1.0500000E-01   2.2459999E-02   1.0000000E+00   3.5268289E+02
   1.0000000E-01   1.0700000E-01   2.2459999E-02   1.0000000E+00   3.5267752E+02
   1.0000000E-01   1.0900000E-01   2.2459999E-02   1.0000000E+00   3.5267850E+02
   1.0000000E-01   1.1100000E-01   2.2459999E-02   1.0000000E+00   3.5268265E+02
   1.0000000E-01   1.1300001E-01   2.2459999E-02   1.0000000E+00   3.5268814E+02
   1.0000000E-01   1.1499999E-01   2.2459999E-02   1.0000000E+00   3.5269388E+02
   1.0000000E-01   1.1700000E-01   2.2459999E-02   1.0000000E+00   3.5269934E+02
   1.0000000E-01   1.1900000E-01   2.2459999E-02   1.0000000E+00   3.5270416E+02
   1.0000000E-01   1.2100000E-01   2.2459999E-02   1.0000000E+00   3.5270828E+02
   1.0000000E-01   1.2633334E-01   2.2459999E-02   1.0000000E+00   3.5271729E+02
   1.0000000E-01   1.3733333E-01   2.2459999E-02   1.0000000E+00   3.5272153E+02
   1.0000000E-01   1.5200000E-01   2.2459999E-02   1.0000000E+00   3.5271445E+02
   1.0000000E-01   8.0000004E-03   2.4420001E-02   1.0000000E+00   3.5270999E+02
   1.0000000E-01   2.2666667E-02   2.4420001E-02   1.0000000E+00   3.5273822E+02
   1.0000000E-01   3.3666667E-02   2.4420001E-02   1.0000000E+00   3.5317813E+02
   1.0000000E-01   3.8999997E-02   2.4420001E-02   1.0000000E+00   3.5472543E+02
   1.0000000E-01   4.1000001E-02   2.4420001E-02   1.0000000E+00   3.5564944E+02
   1.0000000E-01   4.2999998E-02   2.4420001E-02   1.0000000E+00   3.5701581E+02
   1.0000000E-01   4.5000002E-02   2.4420001E-02   1.0000000E+00   3.5892636E+02
   1.0000000E-01   4.6999998E-02   2.4420001E-02   1.0000000E+00   3.6146362E+02
   1.0000000E-01   4.9000002E-02   2.4420001E-02   1.0000000E+00   3.6465396E+02
   1.0000000E-01   5.0999999E-02   2.4420001E-02   1.0000000E+00   3.6841641E+02
   1.0000000E-01   5.3000003E-02   2.4420001E-02   1.0000000E+00   3.7250720E+02
   1.0000000E-01   5.5000000E-02   2.4420001E-02   1.0000000E+00   3.7647983E+02
   1.0000000E-01   5.7000000E-02   2.4420001E-02   1.0000000E+00   3.7969952E+02
   1.0000000E-01   5.9000000E-02   2.4420001E-02   1.0000000E+00   3.8146402E+02
   1.0000000E-01   6.0999997E-02   2.4420001E-02   0.0000000E+00   2.9300000E+02
   1.0000000E-01   6.3000001E-02   2.4420001E-02   0.0000000E+00   2.9300000E+02
   1.0000000E-01   6.4999998E-02   2.4420001E-02   0.0000000E+00   2.9300000E+02
   1.0000000E-01   6.7000002E-02   2.4420001E-02   0.0000000E+00   2.9300000E+02
   1.0000000E-01   6.9000006E-02   2.4420001E-02   0.0000000E+00   2.9300000E+02
   1.0000000E-01   7.0999995E-02   2.4420001E-02   0.0000000E+00   2.9300000E+02
   1.0000000E-01   7.2999999E-02   2.4420001E-02   0.0000000E+00   2.9300000E+02
   1.0000000E-01   7.5000003E-02   2.4420001E-02   0.0000000E+00   2.9300000E+02
   1.0000000E-01   7.7000000E-02   2.4420001E-02   0.0000000E+00   2.9300000E+02
   1.0000000E-01   7.8999996E-02   2.4420001E-02   0.0000000E+00   2.9300000E+02
   1.0000000E-01   8.1000000E-02   2.4420001E-02   0.0000000E+00   2.9300000E+02
   1.0000000E-01   8.3000004E-02   2.4420001E-02   0.0000000E+00   2.9300000E+02
   1.0000000E-01   8.5000001E-02   2.4420001E-02   0.0000000E+00   2.9300000E+02
   1.0000000E-01   8.6999997E-02   2.4420001E-02   0.0000000E+00   2.9300000E+02
   1.0000000E-01   8.9000002E-02   2.4420001E-02   4.0000051E-02   3.5387643E+02
   1.0000000E-01   9.1000006E-02   2.4420001E-02   7.5000012E-01   3.5335129E+02
   1.0000000E-01   9.2999995E-02   2.4420001E-02   1.0000000E+00   3.5307660E+02
   1.0000000E-01   9.4999999E-02   2.4420001E-02   1.0000000E+00   3.5289386E+02
   1.0000000E-01   9.7000003E-02   2.4420001E-02   1.0000000E+00   3.5277786E+02
   1.0000000E-01   9.8999999E-02   2.4420001E-02   1.0000000E+00   3.5270865E+02
   1.0000000E-01   1.0100000E-01   2.4420001E-02   1.0000000E+00   3.5267059E+02
   1.0000000E-01   1.0300000E-01   2.4420001E-02   1.0000000E+00   3.5265234E+02
   1.0000000E-01   1.0500000E-01   2.4420001E-02   1.0000000E+00   3.5264612E+02
   1.0000000E-01   1.0700000E-01   2.4420001E-02   1.0000000E+00   3.5264688E+02
   1.0000000E-01   1.0900000E-01   2.4420001E-02   1.0000000E+00   3.5265143E+02
   1.0000000E-01   1.1100000E-01   2.4420001E-02   1.0000000E+00   3.5265775E+02
   1.0000000E-01   1.1300001E-01   2.4420001E-02   1.0000000E+00   3.5266461E+02
   1.0000000E-01   1.1499999E-01   2.4420001E-02   1.0000000E+00   3.5267130E+02
   1.0000000E-01   1.1700000E-01   2.4420001E-02   1.0000000E+00   3.5267740E+02
   1.0000000E-01   1.1900000E-01   2.4420001E-02   1.0000000E+00   3.5268274E+02
   1.0000000E-01   1.2100000E-01   2.4420001E-02   1.0000000E+00   3.5268729E+02
   1.0000000E-01   1.2633334E-01   2.4420001E-02   1.0000000E+00   3.5269717E+02
   1.0000000E-01   1.3733333E-01   2.4420001E-02   1.0000000E+00   3.5270224E+02
   1.0000000E-01   1.5200000E-01   2.4420001E-02   1.0000000E+00   3.5269559E+02
   1.0000000E-01   8.0000004E-03   2.6379999E-02   1.0000000E+00   3.5267920E+02
   1.0000000E-01   2.2666667E-02   2.6379999E-02   1.0000000E+00   3.5269519E+02
   1.0000000E-01   3.3666667E-02   2.6379999E-02   1.0000000E+00   3.5297604E+02
   1.0000000E-01   3.8999997E-02   2.6379999E-02   1.0000000E+00   3.5395911E+02
   1.0000000E-01   4.1000001E-02   2.6379999E-02   1.0000000E+00   3.5453662E+02
   1.0000000E-01   4.2999998E-02   2.6379999E-02   1.0000000E+00   3.5537860E+02
   1.0000000E-01   4.5000002E-02   2.6379999E-02   1.0000000E+00   3.5653824E+02
   1.0000000E-01   4.6999998E-02   2.6379999E-02   1.0000000E+00   3.5805228E+02
   1.0000000E-01   4.9000002E-02   2.6379999E-02   1.0000000E+00   3.5991907E+02
   1.0000000E-01   5.0999999E-02   2.6379999E-02   1.0000000E+00   3.6207159E+02
   1.0000000E-01   5.3000003E-02   2.6379999E-02   1.0000000E+00   3.6435199E+02
   1.0000000E-01   5.5000000E-02   2.6379999E-02   1.0000000E+00   3.6650125E+02
   1.0000000E-01   5.7000000E-02   2.6379999E-02   1.0000000E+00   3.6818286E+02
   1.0000000E-01   5.9000000E-02   2.6379999E-02   1.0000000E+00   3.6905557E+02
   1.0000000E-01   6.0999997E-02   2.6379999E-02   0.0000000E+00   2.9300000E+02
   1.0000000E-01   6.3000001E-02   2.6379999E-02   0.0000000E+00   2.9300000E+02
   1.0000000E-01   6.4999998E-02   2.6379999E-02   0.0000000E+00   2.9300000E+02
   1.0000000E-01   6.7000002E-02   2.6379999E-02   0.0000000E+00   2.9300000E+02
   1.0000000E-01   6.9000006E-02   2.6379999E-02   0.0000000E+00   2.9300000E+02
   1.0000000E-01   7.0999995E-02   2.6379999E-02   0.0000000E+00   2.9300000E+02
   1.0000000E-01   7.2999999E-02   2.6379999E-02   0.0000000E+00   2.9300000E+02
   1.0000000E-01   7.5000003E-02   2.6379999E-02   0.0000000E+00   2.9300000E+02
   1.0000000E-01   7.7000000E-02   2.6379999E-02   0.0000000E+00   2.9300000E+02
   1.0000000E-01   7.8999996E-02   2.6379999E-02   0.0000000E+00   2.9300000E+02
   1.0000000E-01   8.1000000E-02   2.6379999E-02   0.0000000E+00   2.9300000E+02
   1.0000000E-01   8.3000004E-02   2.6379999E-02   0.0000000E+00   2.9300000E+02
   1.0000000E-01   8.5000001E-02   2.6379999E-02   0.0000000E+00   2.9300000E+02
   1.0000000E-01   8.6999997E-02   2.6379999E-02   0.0000000E+00   2.9300000E+02
   1.0000000E-01   8.9000002E-02   2.6379999E-02   0.0000000E+00   2.9300000E+02
   1.0000000E-01   9.1000006E-02   2.6379999E-02   4.5918424E-02   3.5300098E+02
   1.0000000E-01   9.2999995E-02   2.6379999E-02   7.6408178E-01   3.5279959E+02
   1.0000000E-01   9.4999999E-02   2.6379999E-02   1.0000000E+00   3.5271133E+02
   1.0000000E-01   9.7000003E-02   2.6379999E-02   1.0000000E+00   3.5265414E+02
   1.0000000E-01   9.8999999E-02   2.6379999E-02   1.0000000E+00   3.5262140E+02
   1.0000000E-01   1.0100000E-01   2.6379999E-02   1.0000000E+00   3.5260535E+02
   1.0000000E-01   1.0300000E-01   2.6379999E-02   1.0000000E+00   3.5260004E+02
   1.0000000E-01   1.0500000E-01   2.6379999E-02   1.0000000E+00   3.5260141E+02
   1.0000000E-01   1.0700000E-01   2.6379999E-02   1.0000000E+00   3.5260666E+02
   1.0000000E-01   1.0900000E-01   2.6379999E-02   1.0000000E+00   3.5261395E+02
   1.0000000E-01   1.1100000E-01   2.6379999E-02   1.0000000E+00   3.5262201E+02
   1.0000000E-01   1.1300001E-01   2.6379999E-02   1.0000000E+00   3.5263007E+02
   1.0000000E-01   1.1499999E-01   2.6379999E-02   1.0000000E+00   3.5263760E+02
   1.0000000E-01   1.1700000E-01   2.6379999E-02   1.0000000E+00   3.5264438E+02
   1.0000000E-01   1.1900000E-01   2.6379999E-02   1.0000000E+00   3.5265024E+02
   1.0000000E-01   1.2100000E-01   2.6379999E-02   1.0000000E+00   3.5265518E+02
   1.0000000E-01   1.2633334E-01   2.6379999E-02   1.0000000E+00   3.5266599E+02
   1.0000000E-01   1.3733333E-01   2.6379999E-02   1.0000000E+00   3.5267178E+02
   1.0000000E-01   1.5200000E-01   2.6379999E-02   1.0000000E+00   3.5266522E+02
   1.0000000E-01   8.0000004E-03   2.8340001E-02   1.0000000E+00   3.5263736E+02
   1.0000000E-01   2.2666667E-02   2.8340001E-02   1.0000000E+00   3.5264456E+02
   1.0000000E-01   3.3666667E-02   2.8340001E-02   1.0000000E+00   3.5281372E+02
   1.0000000E-01   3.8999997E-02   2.8340001E-02   1.0000000E+00   3.5341492E+02
   1.0000000E-01   4.1000001E-02   2.8340001E-02   1.0000000E+00   3.5376318E+02
   1.0000000E-01   4.2999998E-02   2.8340001E-02   1.0000000E+00   3.5426453E+02
   1.0000000E-01   4.5000002E-02   2.8340001E-02   1.0000000E+00   3.5494556E+02
   1.0000000E-01   4.6999998E-02   2.8340001E-02   1.0000000E+00   3.5582089E+02
   1.0000000E-01   4.9000002E-02   2.8340001E-02   1.0000000E+00   3.5688104E+02
   1.0000000E-01   5.0999999E-02   2.8340001E-02   1.0000000E+00   3.5807870E+02
   1.0000000E-01   5.3000003E-02   2.8340001E-02   1.0000000E+00   3.5931818E+02
   1.0000000E-01   5.5000000E-02   2.8340001E-02   1.0000000E+00   3.6045462E+02
   1.0000000E-01   5.7000000E-02   2.8340001E-02   1.0000000E+00   3.6131180E+02
   1.0000000E-01   5.9000000E-02   2.8340001E-02   1.0000000E+00   3.6172153E+02
   1.0000000E-01   6.0999997E-02   2.8340001E-02   0.0000000E+00   2.9300000E+02
   1.0000000E-01   6.3000001E-02   2.8340001E-02   0.0000000E+00   2.9300000E+02
   1.0000000E-01   6.4999998E-02   2.8340001E-02   0.0000000E+00   2.9300000E+02
   1.0000000E-01   6.7000002E-02   2.8340001E-02   0.0000000E+00   2.9300000E+02
   1.0000000E-01   6.9000006E-02   2.8340001E-02   0.0000000E+00   2.9300000E+02
   1.0000000E-01   7.0999995E-02   2.8340001E-02   0.0000000E+00   2.9300000E+02
   1.0000000E-01   7.2999999E-02   2.8340001E-02   0.0000000E+00   2.9300000E+02
   1.0000000E-01   7.5000003E-02   2.8340001E-02   0.0000000E+00   2.9300000E+02
   1.0000000E-01   7.7000000E-02   2.8340001E-02   0.0000000E+00   2.9300000E+02
   1.0000000E-01   7.8999996E-02   2.8340001E-02   0.0000000E+00   2.9300000E+02
   1.0000000E-01   8.1000000E-02   2.8340001E-02   0.0000000E+00   2.9300000E+02
   1.0000000E-01   8.3000004E-02   2.8340001E-02   0.0000000E+00   2.9300000E+02
   1.0000000E-01   8.5000001E-02   2.8340001E-02   0.0000000E+00   2.9300000E+02
   1.0000000E-01   8.6999997E-02   2.8340001E-02   0.0000000E+00   2.9300000E+02
   1.0000000E-01   8.9000002E-02   2.8340001E-02   0.0000000E+00   2.9300000E+02
   1.0000000E-01   9.1000006E-02   2.8340001E-02   0.0000000E+00   2.9300000E+02
   1.0000000E-01   9.2999995E-02   2.8340001E-02   5.2244958E-02   3.5263678E+02
   1.0000000E-01   9.4999999E-02   2.8340001E-02   7.7775520E-01   3.5256509E+02
   1.0000000E-01   9.7000003E-02   2.8340001E-02   1.0000000E+00   3.5254950E+02
   1.0000000E-01   9.8999999E-02   2.8340001E-02   1.0000000E+00   3.5254010E+02
   1.0000000E-01   1.0100000E-01   2.8340001E-02   1.0000000E+00   3.5253830E+02
   1.0000000E-01   1.0300000E-01   2.8340001E-02   1.0000000E+00   3.5254150E+02
   1.0000000E-01   1.0500000E-01   2.8340001E-02   1.0000000E+00   3.5254791E+02
   1.0000000E-01   1.0700000E-01   2.8340001E-02   1.0000000E+00   3.5255630E+02
   1.0000000E-01   1.0900000E-01   2.8340001E-02   1.0000000E+00   3.5256570E+02
   1.0000000E-01   1.1100000E-01   2.8340001E-02   1.0000000E+00   3.5257526E+02
   1.0000000E-01   1.1300001E-01   2.8340001E-02   1.0000000E+00   3.5258441E+02
   1.0000000E-01   1.1499999E-01   2.8340001E-02   1.0000000E+00   3.5259280E+02
   1.0000000E-01   1.1700000E-01   2.8340001E-02   1.0000000E+00   3.5260022E+02
   1.0000000E-01   1.1900000E-01   2.8340001E-02   1.0000000E+00   3.5260660E+02
   1.0000000E-01   1.2100000E-01   2.8340001E-02   1.0000000E+00   3.5261194E+02
   1.0000000E-01   1.2633334E-01   2.8340001E-02   1.0000000E+00   3.5262363E+02
   1.0000000E-01   1.3733333E-01   2.8340001E-02   1.0000000E+00   3.5263007E+02
   1.0000000E-01   1.5200000E-01   2.8340001E-02   1.0000000E+00   3.5262326E+02
   1.0000000E-01   8.0000004E-03   3.0299999E-02   1.0000000E+00   3.5258426E+02
   1.0000000E-01   2.2666667E-02   3.0299999E-02   1.0000000E+00   3.5258533E+02
   1.0000000E-01   3.3666667E-02   3.0299999E-02   1.0000000E+00   3.5267838E+02
   1.0000000E-01   3.8999997E-02   3.0299999E-02   1.0000000E+00   3.5302908E+02
   1.0000000E-01   4.1000001E-02   3.0299999E-02   1.0000000E+00   3.5323029E+02
   1.0000000E-01   4.2999998E-02   3.0299999E-02   1.0000000E+00   3.5351706E+02
   1.0000000E-01   4.5000002E-02   3.0299999E-02   1.0000000E+00   3.5390204E+02
   1.0000000E-01   4.6999998E-02   3.0299999E-02   1.0000000E+00   3.5438986E+02
   1.0000000E-01   4.9000002E-02   3.0299999E-02   1.0000000E+00   3.5497083E+02
   1.0000000E-01   5.0999999E-02   3.0299999E-02   1.0000000E+00   3.5561435E+02
   1.0000000E-01   5.3000003E-02   3.0299999E-02   1.0000000E+00   3.5626465E+02
   1.0000000E-01   5.5000000E-02   3.0299999E-02   1.0000000E+00   3.5684256E+02
   1.0000000E-01   5.7000000E-02   3.0299999E-02   1.0000000E+00   3.5725644E+02
   1.0000000E-01   5.9000000E-02   3.0299999E-02   1.0000000E+00   3.5742255E+02
   1.0000000E-01   6.0999997E-02   3.0299999E-02   0.0000000E+00   2.9300000E+02
   1.0000000E-01   6.3000001E-02   3.0299999E-02   0.0000000E+00   2.9300000E+02
   1.0000000E-01   6.4999998E-02   3.0299999E-02   0.0000000E+00   2.9300000E+02
   1.0000000E-01   6.7000002E-02   3.0299999E-02   0.0000000E+00   2.9300000E+02
   1.0000000E-01   6.9000006E-02   3.0299999E-02   0.0000000E+00   2.9300000E+02
   1.0000000E-01   7.0999995E-02   3.0299999E-02   0.0000000E+00   2.9300000E+02
   1.0000000E-01   7.2999999E-02   3.0299999E-02   0.0000000E+00   2.9300000E+02
   1.0000000E-01   7.5000003E-02   3.0299999E-02   0.0000000E+00   2.9300000E+02
   1.0000000E-01   7.7000000E-02   3.0299999E-02   0.0000000E+00   2.9300000E+02
   1.0000000E-01   7.8999996E-02   3.0299999E-02   0.0000000E+00   2.9300000E+02
   1.0000000E-01   8.1000000E-02   3.0299999E-02   0.0000000E+00   2.9300000E+02
   1.0000000E-01   8.3000004E-02   3.0299999E-02   0.0000000E+00   2.9300000E+02
   1.0000000E-01   8.5000001E-02   3.0299999E-02   0.0000000E+00   2.9300000E+02
   1.0000000E-01   8.6999997E-02   3.0299999E-02   0.0000000E+00   2.9300000E+02
   1.0000000E-01   8.9000002E-02   3.0299999E-02   0.0000000E+00   2.9300000E+02
   1.0000000E-01   9.1000006E-02   3.0299999E-02   0.0000000E+00   2.9300000E+02
   1.0000000E-01   9.2999995E-02   3.0299999E-02   0.0000000E+00   2.9300000E+02
   1.0000000E-01   9.4999999E-02   3.0299999E-02   5.8979653E-02   3.5247397E+02
   1.0000000E-01   9.7000003E-02   3.0299999E-02   7.9102051E-01   3.5245032E+02
   1.0000000E-01   9.8999999E-02   3.0299999E-02   1.0000000E+00   3.5246042E+02
   1.0000000E-01   1.0100000E-01   3.0299999E-02   1.0000000E+00   3.5246719E+02
   1.0000000E-01   1.0300000E-01   3.0299999E-02   1.0000000E+00   3.5247534E+02
   1.0000000E-01   1.0500000E-01   3.0299999E-02   1.0000000E+00   3.5248474E+02
   1.0000000E-01   1.0700000E-01   3.0299999E-02   1.0000000E+00   3.5249530E+02
   1.0000000E-01   1.0900000E-01   3.0299999E-02   1.0000000E+00   3.5250641E+02
   1.0000000E-01   1.1100000E-01   3.0299999E-02   1.0000000E+00   3.5251733E+02
   1.0000000E-01   1.1300001E-01   3.0299999E-02   1.0000000E+00   3.5252753E+02
   1.0000000E-01   1.1499999E-01   3.0299999E-02   1.0000000E+00   3.5253674E+02
   1.0000000E-01   1.1700000E-01   3.0299999E-02   1.0000000E+00   3.5254483E+02
   1.0000000E-01   1.1900000E-01   3.0299999E-02   1.0000000E+00   3.5255173E+02
   1.0000000E-01   1.2100000E-01   3.0299999E-02   1.0000000E+00   3.5255746E+02
   1.0000000E-01   1.2633334E-01   3.0299999E-02   1.0000000E+00   3.5256998E+02
   1.0000000E-01   1.3733333E-01   3.0299999E-02   1.0000000E+00   3.5257697E+02
   1.0000000E-01   1.5200000E-01   3.0299999E-02   1.0000000E+00   3.5256958E+02
   1.0000000E-01   8.0000004E-03   3.2260001E-02   1.0000000E+00   3.5251974E+02
   1.0000000E-01   2.2666667E-02   3.2260001E-02   1.0000000E+00   3.5251666E+02
   1.0000000E-01   3.3666667E-02   3.2260001E-02   1.0000000E+00   3.5255945E+02
   1.0000000E-01   3.8999997E-02   3.2260001E-02   1.0000000E+00   3.5275079E+02
   1.0000000E-01   4.1000001E-02   3.2260001E-02   1.0000000E+00   3.5286044E+02
   1.0000000E-01   4.2999998E-02   3.2260001E-02   1.0000000E+00   3.5301599E+02
   1.0000000E-01   4.5000002E-02   3.2260001E-02   1.0000000E+00   3.5322293E+02
   1.0000000E-01   4.6999998E-02   3.2260001E-02   1.0000000E+00   3.5348187E+02
   1.0000000E-01   4.9000002E-02   3.2260001E-02   1.0000000E+00   3.5378516E+02
   1.0000000E-01   5.0999999E-02   3.2260001E-02   1.0000000E+00   3.5411386E+02
   1.0000000E-01   5.3000003E-02   3.2260001E-02   1.0000000E+00   3.5443628E+02
   1.0000000E-01   5.5000000E-02   3.2260001E-02   1.0000000E+00   3.5470972E+02
   1.0000000E-01   5.7000000E-02   3.2260001E-02   1.0000000E+00   3.5488657E+02
   1.0000000E-01   5.9000000E-02   3.2260001E-02   1.0000000E+00   3.5492450E+02
   1.0000000E-01   6.0999997E-02   3.2260001E-02   0.0000000E+00   2.9300000E+02
   1.0000000E-01   6.3000001E-02   3.2260001E-02   0.0000000E+00   2.9300000E+02
   1.0000000E-01   6.4999998E-02   3.2260001E-02   0.0000000E+00   2.9300000E+02
   1.0000000E-01   6.7000002E-02   3.2260001E-02   0.0000000E+00   2.9300000E+02
   1.0000000E-01   6.9000006E-02   3.2260001E-02   0.0000000E+00   2.9300000E+02
   1.0000000E-01   7.0999995E-02   3.2260001E-02   0.0000000E+00   2.9300000E+02
   1.0000000E-01   7.2999999E-02   3.2260001E-02   0.0000000E+00   2.9300000E+02
   1.0000000E-01   7.5000003E-02   3.2260001E-02   0.0000000E+00   2.9300000E+02
   1.0000000E-01   7.7000000E-02   3.2260001E-02   0.0000000E+00   2.9300000E+02
   1.0000000E-01   7.8999996E-02   3.2260001E-02   0.0000000E+00   2.9300000E+02
   1.0000000E-01   8.1000000E-02   3.2260001E-02   0.0000000E+00   2.9300000E+02
   1.0000000E-01   8.3000004E-02   3.2260001E-02   0.0000000E+00   2.9300000E+02
   1.0000000E-01   8.5000001E-02   3.2260001E-02   0.0000000E+00   2.9300000E+02
   1.0000000E-01   8.6999997E-02   3.2260001E-02   0.0000000E+00   2.9300000E+02
   1.0000000E-01   8.9000002E-02   3.2260001E-02   0.0000000E+00   2.9300000E+02
   1.0000000E-01   9.1000006E-02   3.2260001E-02   0.0000000E+00   2.9300000E+02
   1.0000000E-01   9.2999995E-02   3.2260001E-02   0.0000000E+00   2.9300000E+02
   1.0000000E-01   9.4999999E-02   3.2260001E-02   0.0000000E+00   2.9300000E+02
   1.0000000E-01   9.7000003E-02   3.2260001E-02   6.6122517E-02   3.5238248E+02
   1.0000000E-01   9.8999999E-02   3.2260001E-02   8.0387765E-01   3.5237357E+02
   1.0000000E-01   1.0100000E-01   3.2260001E-02   1.0000000E+00   3.5239020E+02
   1.0000000E-01   1.0300000E-01   3.2260001E-02   1.0000000E+00   3.5240039E+02
   1.0000000E-01   1.0500000E-01   3.2260001E-02   1.0000000E+00   3.5241086E+02
   1.0000000E-01   1.0700000E-01   3.2260001E-02   1.0000000E+00   3.5242294E+02
   1.0000000E-01   1.0900000E-01   3.2260001E-02   1.0000000E+00   3.5243570E+02
   1.0000000E-01   1.1100000E-01   3.2260001E-02   1.0000000E+00   3.5244803E+02
   1.0000000E-01   1.1300001E-01   3.2260001E-02   1.0000000E+00   3.5245935E+02
   1.0000000E-01   1.1499999E-01   3.2260001E-02   1.0000000E+00   3.5246942E+02
   1.0000000E-01   1.1700000E-01   3.2260001E-02   1.0000000E+00   3.5247815E+02
   1.0000000E-01   1.1900000E-01   3.2260001E-02   1.0000000E+00   3.5248550E+02
   1.0000000E-01   1.2100000E-01   3.2260001E-02   1.0000000E+00   3.5249164E+02
   1.0000000E-01   1.2633334E-01   3.2260001E-02   1.0000000E+00   3.5250488E+02
   1.0000000E-01   1.3733333E-01   3.2260001E-02   1.0000000E+00   3.5251236E+02
   1.0000000E-01   1.5200000E-01   3.2260001E-02   1.0000000E+00   3.5250400E+02
   1.0000000E-01   8.0000004E-03   3.4220003E-02   1.0000000E+00   3.5244363E+02
   1.0000000E-01   2.2666667E-02   3.4220003E-02   1.0000000E+00   3.5243787E+02
   1.0000000E-01   3.3666667E-02   3.4220003E-02   1.0000000E+00   3.5244864E+02
   1.0000000E-01   3.8999997E-02   3.4220003E-02   1.0000000E+00   3.5254214E+02
   1.0000000E-01   4.1000001E-02   3.4220003E-02   1.0000000E+00   3.5259671E+02
   1.0000000E-01   4.2999998E-02   3.4220003E-02   1.0000000E+00   3.5267456E+02
   1.0000000E-01   4.5000002E-02   3.4220003E-02   1.0000000E+00   3.5277777E+02
   1.0000000E-01   4.6999998E-02   3.4220003E-02   1.0000000E+00   3.5290552E+02
   1.0000000E-01   4.9000002E-02   3.4220003E-02   1.0000000E+00   3.5305231E+02
   1.0000000E-01   5.0999999E-02   3.4220003E-02   1.0000000E+00   3.5320667E+02
   1.0000000E-01   5.3000003E-02   3.4220003E-02   1.0000000E+00   3.5335080E+02
   1.0000000E-01   5.5000000E-02   3.4220003E-02   1.0000000E+00   3.5346161E+02
   1.0000000E-01   5.7000000E-02   3.4220003E-02   1.0000000E+00   3.5351410E+02
   1.0000000E-01   5.9000000E-02   3.4220003E-02   1.0000000E+00   3.5348596E+02
   1.0000000E-01   6.0999997E-02   3.4220003E-02   0.0000000E+00   2.9300000E+02
   1.0000000E-01   6.3000001E-02   3.4220003E-02   0.0000000E+00   2.9300000E+02
   1.0000000E-01   6.4999998E-02   3.4220003E-02   0.0000000E+00   2.9300000E+02
   1.0000000E-01   6.7000002E-02   3.4220003E-02   0.0000000E+00   2.9300000E+02
   1.0000000E-01   6.9000006E-02   3.4220003E-02   0.0000000E+00   2.9300000E+02
   1.0000000E-01   7.0999995E-02   3.4220003E-02   0.0000000E+00   2.9300000E+02
   1.0000000E-01   7.2999999E-02   3.4220003E-02   0.0000000E+00   2.9300000E+02
   1.0000000E-01   7.5000003E-02   3.4220003E-02   0.0000000E+00   2.9300000E+02
   1.0000000E-01   7.7000000E-02   3.4220003E-02   0.0000000E+00   2.9300000E+02
   1.0000000E-01   7.8999996E-02   3.4220003E-02   0.0000000E+00   2.9300000E+02
   1.0000000E-01   8.1000000E-02   3.4220003E-02   0.0000000E+00   2.9300000E+02
   1.0000000E-01   8.3000004E-02   3.4220003E-02   0.0000000E+00   2.9300000E+02
   1.0000000E-01   8.5000001E-02   3.4220003E-02   0.0000000E+00   2.9300000E+02
   1.0000000E-01   8.6999997E-02   3.4220003E-02   0.0000000E+00   2.9300000E+02
   1.0000000E-01   8.9000002E-02   3.4220003E-02   0.0000000E+00   2.9300000E+02
   1.0000000E-01   9.1000006E-02   3.4220003E-02   0.0000000E+00   2.9300000E+02
   1.0000000E-01   9.2999995E-02   3.4220003E-02   0.0000000E+00   2.9300000E+02
   1.0000000E-01   9.4999999E-02   3.4220003E-02   0.0000000E+00   2.9300000E+02
   1.0000000E-01   9.7000003E-02   3.4220003E-02   0.0000000E+00   2.9300000E+02
   1.0000000E-01   9.8999999E-02   3.4220003E-02   7.3673539E-02   3.5230884E+02
   1.0000000E-01   1.0100000E-01   3.4220003E-02   8.1632662E-01   3.5230075E+02
   1.0000000E-01   1.0300000E-01   3.4220003E-02   1.0000000E+00   3.5231552E+02
   1.0000000E-01   1.0500000E-01   3.4220003E-02   1.0000000E+00   3.5232455E+02
   1.0000000E-01   1.0700000E-01   3.4220003E-02   1.0000000E+00   3.5233835E+02
   1.0000000E-01   1.0900000E-01   3.4220003E-02   1.0000000E+00   3.5235324E+02
   1.0000000E-01   1.1100000E-01   3.4220003E-02   1.0000000E+00   3.5236731E+02
   1.0000000E-01   1.1300001E-01   3.4220003E-02   1.0000000E+00   3.5237988E+02
   1.0000000E-01   1.1499999E-01   3.4220003E-02   1.0000000E+00   3.5239081E+02
   1.0000000E-01   1.1700000E-01   3.4220003E-02   1.0000000E+00   3.5240012E+02
   1.0000000E-01   1.1900000E-01   3.4220003E-02   1.0000000E+00   3.5240796E+02
   1.0000000E-01   1.2100000E-01   3.4220003E-02   1.0000000E+00   3.5241440E+02
   1.0000000E-01   1.2633334E-01   3.4220003E-02   1.0000000E+00   3.5242828E+02
   1.0000000E-01   1.3733333E-01   3.4220003E-02   1.0000000E+00   3.5243610E+02
   1.0000000E-01   1.5200000E-01   3.4220003E-02   1.0000000E+00   3.5242639E+02
   1.0000000E-01   8.0000004E-03   3.6180001E-02   1.0000000E+00   3.5235577E+02
   1.0000000E-01   2.2666667E-02   3.6180001E-02   1.0000000E+00   3.5234839E+02
   1.0000000E-01   3.3666667E-02   3.6180001E-02   1.0000000E+00   3.5234000E+02
   1.0000000E-01   3.8999997E-02   3.6180001E-02   1.0000000E+00   3.5237668E+02
   1.0000000E-01   4.1000001E-02   3.6180001E-02   1.0000000E+00   3.5239981E+02
   1.0000000E-01   4.2999998E-02   3.6180001E-02   1.0000000E+00   3.5243393E+02
   1.0000000E-01   4.5000002E-02   3.6180001E-02   1.0000000E+00   3.5247968E+02
   1.0000000E-01   4.6999998E-02   3.6180001E-02   1.0000000E+00   3.5253571E+02
   1.0000000E-01   4.9000002E-02   3.6180001E-02   1.0000000E+00   3.5259818E+02
   1.0000000E-01   5.0999999E-02   3.6180001E-02   1.0000000E+00   3.5266016E+02
   1.0000000E-01   5.3000003E-02   3.6180001E-02   1.0000000E+00   3.5271143E+02
   1.0000000E-01   5.5000000E-02   3.6180001E-02   1.0000000E+00   3.5273941E+02
   1.0000000E-01   5.7000000E-02   3.6180001E-02   1.0000000E+00   3.5273056E+02
   1.0000000E-01   5.9000000E-02   3.6180001E-02   1.0000000E+00   3.5267175E+02
   1.0000000E-01   6.0999997E-02   3.6180001E-02   0.0000000E+00   2.9300000E+02
   1.0000000E-01   6.3000001E-02   3.6180001E-02   0.0000000E+00   2.9300000E+02
   1.0000000E-01   6.4999998E-02   3.6180001E-02   0.0000000E+00   2.9300000E+02
   1.0000000E-01   6.7000002E-02   3.6180001E-02   0.0000000E+00   2.9300000E+02
   1.0000000E-01   6.9000006E-02   3.6180001E-02   0.0000000E+00   2.9300000E+02
   1.0000000E-01   7.0999995E-02   3.6180001E-02   0.0000000E+00   2.9300000E+02
   1.0000000E-01   7.2999999E-02   3.6180001E-02   0.0000000E+00   2.9300000E+02
   1.0000000E-01   7.5000003E-02   3.6180001E-02   0.0000000E+00   2.9300000E+02
   1.0000000E-01   7.7000000E-02   3.6180001E-02   0.0000000E+00   2.9300000E+02
   1.0000000E-01   7.8999996E-02   3.6180001E-02   0.0000000E+00   2.9300000E+02
   1.0000000E-01   8.1000000E-02   3.6180001E-02   0.0000000E+00   2.9300000E+02
   1.0000000E-01   8.3000004E-02   3.6180001E-02   0.0000000E+00   2.9300000E+02
   1.0000000E-01   8.5000001E-02   3.6180001E-02   0.0000000E+00   2.9300000E+02
   1.0000000E-01   8.6999997E-02   3.6180001E-02   0.0000000E+00   2.9300000E+02
   1.0000000E-01   8.9000002E-02   3.6180001E-02   0.0000000E+00   2.9300000E+02
   1.0000000E-01   9.1000006E-02   3.6180001E-02   0.0000000E+00   2.9300000E+02
   1.0000000E-01   9.2999995E-02   3.6180001E-02   0.0000000E+00   2.9300000E+02
   1.0000000E-01   9.4999999E-02   3.6180001E-02   0.0000000E+00   2.9300000E+02
   1.0000000E-01   9.7000003E-02   3.6180001E-02   0.0000000E+00   2.9300000E+02
   1.0000000E-01   9.8999999E-02   3.6180001E-02   0.0000000E+00   2.9300000E+02
   1.0000000E-01   1.0100000E-01   3.6180001E-02   8.1632726E-02   3.5222916E+02
   1.0000000E-01   1.0300000E-01   3.6180001E-02   8.2836747E-01   3.5221420E+02
   1.0000000E-01   1.0500000E-01   3.6180001E-02   1.0000000E+00   3.5222198E+02
   1.0000000E-01   1.0700000E-01   3.6180001E-02   1.0000000E+00   3.5224051E+02
   1.0000000E-01   1.0900000E-01   3.6180001E-02   1.0000000E+00   3.5225919E+02
   1.0000000E-01   1.1100000E-01   3.6180001E-02   1.0000000E+00   3.5227542E+02
   1.0000000E-01   1.1300001E-01   3.6180001E-02   1.0000000E+00   3.5228925E+02
   1.0000000E-01   1.1499999E-01   3.6180001E-02   1.0000000E+00   3.5230096E+02
   1.0000000E-01   1.1700000E-01   3.6180001E-02   1.0000000E+00   3.5231079E+02
   1.0000000E-01   1.1900000E-01   3.6180001E-02   1.0000000E+00   3.5231897E+02
   1.0000000E-01   1.2100000E-01   3.6180001E-02   1.0000000E+00   3.5232568E+02
   1.0000000E-01   1.2633334E-01   3.6180001E-02   1.0000000E+00   3.5234006E+02
   1.0000000E-01   1.3733333E-01   3.6180001E-02   1.0000000E+00   3.5234811E+02
   1.0000000E-01   1.5200000E-01   3.6180001E-02   1.0000000E+00   3.5233664E+02
   1.0000000E-01   8.0000004E-03   3.8139999E-02   1.0000000E+00   3.5225607E+02
   1.0000000E-01   2.2666667E-02   3.8139999E-02   1.0000000E+00   3.5224780E+02
   1.0000000E-01   3.3666667E-02   3.8139999E-02   1.0000000E+00   3.5222946E+02
   1.0000000E-01   3.8999997E-02   3.8139999E-02   1.0000000E+00   3.5223730E+02
   1.0000000E-01   4.1000001E-02   3.8139999E-02   1.0000000E+00   3.5224472E+02
   1.0000000E-01   4.2999998E-02   3.8139999E-02   1.0000000E+00   3.5225723E+02
   1.0000000E-01   4.5000002E-02   3.8139999E-02   1.0000000E+00   3.5227481E+02
   1.0000000E-01   4.6999998E-02   3.8139999E-02   1.0000000E+00   3.5229614E+02
   1.0000000E-01   4.9000002E-02   3.8139999E-02   1.0000000E+00   3.5231836E+02
   1.0000000E-01   5.0999999E-02   3.8139999E-02   1.0000000E+00   3.5233688E+02
   1.0000000E-01   5.3000003E-02   3.8139999E-02   1.0000000E+00   3.5234546E+02
   1.0000000E-01   5.5000000E-02   3.8139999E-02   1.0000000E+00   3.5233710E+02
   1.0000000E-01   5.7000000E-02   3.8139999E-02   1.0000000E+00   3.5230478E+02
   1.0000000E-01   5.9000000E-02   3.8139999E-02   1.0000000E+00   3.5224091E+02
   1.0000000E-01   6.0999997E-02   3.8139999E-02   0.0000000E+00   2.9300000E+02
   1.0000000E-01   6.3000001E-02   3.8139999E-02   0.0000000E+00   2.9300000E+02
   1.0000000E-01   6.4999998E-02   3.8139999E-02   0.0000000E+00   2.9300000E+02
   1.0000000E-01   6.7000002E-02   3.8139999E-02   0.0000000E+00   2.9300000E+02
   1.0000000E-01   6.9000006E-02   3.8139999E-02   0.0000000E+00   2.9300000E+02
   1.0000000E-01   7.0999995E-02   3.8139999E-02   0.0000000E+00   2.9300000E+02
   1.0000000E-01   7.2999999E-02   3.8139999E-02   0.0000000E+00   2.9300000E+02
   1.0000000E-01   7.5000003E-02   3.8139999E-02   0.0000000E+00   2.9300000E+02
   1.0000000E-01   7.7000000E-02   3.8139999E-02   0.0000000E+00   2.9300000E+02
   1.0000000E-01   7.8999996E-02   3.8139999E-02   0.0000000E+00   2.9300000E+02
   1.0000000E-01   8.1000000E-02   3.8139999E-02   0.0000000E+00   2.9300000E+02
   1.0000000E-01   8.3000004E-02   3.8139999E-02   0.0000000E+00   2.9300000E+02
   1.0000000E-01   8.5000001E-02   3.8139999E-02   0.0000000E+00   2.9300000E+02
   1.0000000E-01   8.6999997E-02   3.8139999E-02   0.0000000E+00   2.9300000E+02
   1.0000000E-01   8.9000002E-02   3.8139999E-02   0.0000000E+00   2.9300000E+02
   1.0000000E-01   9.1000006E-02   3.8139999E-02   0.0000000E+00   2.9300000E+02
   1.0000000E-01   9.2999995E-02   3.8139999E-02   0.0000000E+00   2.9300000E+02
   1.0000000E-01   9.4999999E-02   3.8139999E-02   0.0000000E+00   2.9300000E+02
   1.0000000E-01   9.7000003E-02   3.8139999E-02   0.0000000E+00   2.9300000E+02
   1.0000000E-01   9.8999999E-02   3.8139999E-02   0.0000000E+00   2.9300000E+02
   1.0000000E-01   1.0100000E-01   3.8139999E-02   0.0000000E+00   2.9300000E+02
   1.0000000E-01   1.0300000E-01   3.8139999E-02   9.0000078E-02   3.5212070E+02
   1.0000000E-01   1.0500000E-01   3.8139999E-02   8.4000009E-01   3.5208417E+02
   1.0000000E-01   1.0700000E-01   3.8139999E-02   1.0000000E+00   3.5213007E+02
   1.0000000E-01   1.0900000E-01   3.8139999E-02   1.0000000E+00   3.5215479E+02
   1.0000000E-01   1.1100000E-01   3.8139999E-02   1.0000000E+00   3.5217303E+02
   1.0000000E-01   1.1300001E-01   3.8139999E-02   1.0000000E+00   3.5218777E+02
   1.0000000E-01   1.1499999E-01   3.8139999E-02   1.0000000E+00   3.5220001E+02
   1.0000000E-01   1.1700000E-01   3.8139999E-02   1.0000000E+00   3.5221017E+02
   1.0000000E-01   1.1900000E-01   3.8139999E-02   1.0000000E+00   3.5221860E+02
   1.0000000E-01   1.2100000E-01   3.8139999E-02   1.0000000E+00   3.5222543E+02
   1.0000000E-01   1.2633334E-01   3.8139999E-02   1.0000000E+00   3.5224011E+02
   1.0000000E-01   1.3733333E-01   3.8139999E-02   1.0000000E+00   3.5224832E+02
   1.0000000E-01   1.5200000E-01   3.8139999E-02   1.0000000E+00   3.5223459E+02
   1.0000000E-01   8.0000004E-03   4.0100001E-02   4.4897914E-01   3.5218002E+02
   1.0000000E-01   2.2666667E-02   4.0100001E-02   4.4897914E-01   3.5217139E+02
   1.0000000E-01   3.3666667E-02   4.0100001E-02   4.4897914E-01   3.5214856E+02
   1.0000000E-01   3.8999997E-02   4.0100001E-02   4.4897914E-01   3.5214365E+02
   1.0000000E-01   4.1000001E-02   4.0100001E-02   4.4897914E-01   3.5214413E+02
   1.0000000E-01   4.2999998E-02   4.0100001E-02   4.4897914E-01   3.5214728E+02
   1.0000000E-01   4.5000002E-02   4.0100001E-02   4.4897914E-01   3.5215274E+02
   1.0000000E-01   4.6999998E-02   4.0100001E-02   4.4897914E-01   3.5215930E+02
   1.0000000E-01   4.9000002E-02   4.0100001E-02   4.4897914E-01   3.5216461E+02
   1.0000000E-01   5.0999999E-02   4.0100001E-02   4.4897914E-01   3.5216522E+02
   1.0000000E-01   5.3000003E-02   4.0100001E-02   4.4897914E-01   3.5215717E+02
   1.0000000E-01   5.5000000E-02   4.0100001E-02   4.4897914E-01   3.5213745E+02
   1.0000000E-01   5.7000000E-02   4.0100001E-02   4.4897914E-01   3.5210837E+02
   1.0000000E-01   5.9000000E-02   4.0100001E-02   2.2448942E-01   3.5207993E+02
   1.0000000E-01   6.0999997E-02   4.0100001E-02   0.0000000E+00   2.9300000E+02
   1.0000000E-01   6.3000001E-02   4.0100001E-02   0.0000000E+00   2.9300000E+02
   1.0000000E-01   6.4999998E-02   4.0100001E-02   0.0000000E+00   2.9300000E+02
   1.0000000E-01   6.7000002E-02   4.0100001E-02   0.0000000E+00   2.9300000E+02
   1.0000000E-01   6.9000006E-02   4.0100001E-02   0.0000000E+00   2.9300000E+02
   1.0000000E-01   7.0999995E-02   4.0100001E-02   0.0000000E+00   2.9300000E+02
   1.0000000E-01   7.2999999E-02   4.0100001E-02   0.0000000E+00   2.9300000E+02
   1.0000000E-01   7.5000003E-02   4.0100001E-02   0.0000000E+00   2.9300000E+02
   1.0000000E-01   7.7000000E-02   4.0100001E-02   0.0000000E+00   2.9300000E+02
   1.0000000E-01   7.8999996E-02   4.0100001E-02   0.0000000E+00   2.9300000E+02
   1.0000000E-01   8.1000000E-02   4.0100001E-02   0.0000000E+00   2.9300000E+02
   1.0000000E-01   8.3000004E-02   4.0100001E-02   0.0000000E+00   2.9300000E+02
   1.0000000E-01   8.5000001E-02   4.0100001E-02   0.0000000E+00   2.9300000E+02
   1.0000000E-01   8.6999997E-02   4.0100001E-02   0.0000000E+00   2.9300000E+02
   1.0000000E-01   8.9000002E-02   4.0100001E-02   0.0000000E+00   2.9300000E+02
   1.0000000E-01   9.1000006E-02   4.0100001E-02   0.0000000E+00   2.9300000E+02
   1.0000000E-01   9.2999995E-02   4.0100001E-02   0.0000000E+00   2.9300000E+02
   1.0000000E-01   9.4999999E-02   4.0100001E-02   0.0000000E+00   2.9300000E+02
   1.0000000E-01   9.7000003E-02   4.0100001E-02   0.0000000E+00   2.9300000E+02
   1.0000000E-01   9.8999999E-02   4.0100001E-02   0.0000000E+00   2.9300000E+02
   1.0000000E-01   1.0100000E-01   4.0100001E-02   0.0000000E+00   2.9300000E+02
   1.0000000E-01   1.0300000E-01   4.0100001E-02   0.0000000E+00   2.9300000E+02
   1.0000000E-01   1.0500000E-01   4.0100001E-02   9.8775446E-02   3.5205051E+02
   1.0000000E-01   1.0700000E-01   4.0100001E-02   4.4897914E-01   3.5206274E+02
   1.0000000E-01   1.0900000E-01   4.0100001E-02   4.4897914E-01   3.5207956E+02
   1.0000000E-01   1.1100000E-01   4.0100001E-02   4.4897914E-01   3.5209637E+02
   1.0000000E-01   1.1300001E-01   4.0100001E-02   4.4897914E-01   3.5211102E+02
   1.0000000E-01   1.1499999E-01   4.0100001E-02   4.4897914E-01   3.5212338E+02
   1.0000000E-01   1.1700000E-01   4.0100001E-02   4.4897914E-01   3.5213370E+02
   1.0000000E-01   1.1900000E-01   4.0100001E-02   4.4897914E-01   3.5214221E+02
   1.0000000E-01   1.2100000E-01   4.0100001E-02   4.4897914E-01   3.5214914E+02
   1.0000000E-01   1.2633334E-01   4.0100001E-02   4.4897914E-01   3.5216397E+02
   1.0000000E-01   1.3733333E-01   4.0100001E-02   4.4897914E-01   3.5217239E+02
   1.0000000E-01   1.5200000E-01   4.0100001E-02   2.2448952E-01   3.5217044E+02
   1.0000000E-01   8.0000004E-03   4.2060003E-02   0.0000000E+00   2.9300000E+02
   1.0000000E-01   2.2666667E-02   4.2060003E-02   0.0000000E+00   2.9300000E+02
   1.0000000E-01   3.3666667E-02   4.2060003E-02   0.0000000E+00   2.9300000E+02
   1.0000000E-01   3.8999997E-02   4.2060003E-02   0.0000000E+00   2.9300000E+02
   1.0000000E-01   4.1000001E-02   4.2060003E-02   0.0000000E+00   2.9300000E+02
   1.0000000E-01   4.2999998E-02   4.2060003E-02   0.0000000E+00   2.9300000E+02
   1.0000000E-01   4.5000002E-02   4.2060003E-02   0.0000000E+00   2.9300000E+02
   1.0000000E-01   4.6999998E-02   4.2060003E-02   0.0000000E+00   2.9300000E+02
   1.0000000E-01   4.9000002E-02   4.2060003E-02   0.0000000E+00   2.9300000E+02
   1.0000000E-01   5.0999999E-02   4.2060003E-02   0.0000000E+00   2.9300000E+02
   1.0000000E-01   5.3000003E-02   4.2060003E-02   0.0000000E+00   2.9300000E+02
   1.0000000E-01   5.5000000E-02   4.2060003E-02   0.0000000E+00   2.9300000E+02
   1.0000000E-01   5.7000000E-02   4.2060003E-02   0.0000000E+00   2.9300000E+02
   1.0000000E-01   5.9000000E-02   4.2060003E-02   0.0000000E+00   2.9300000E+02
   1.0000000E-01   6.0999997E-02   4.2060003E-02   0.0000000E+00   2.9300000E+02
   1.0000000E-01   6.3000001E-02   4.2060003E-02   0.0000000E+00   2.9300000E+02
   1.0000000E-01   6.4999998E-02   4.2060003E-02   0.0000000E+00   2.9300000E+02
   1.0000000E-01   6.7000002E-02   4.2060003E-02   0.0000000E+00   2.9300000E+02
   1.0000000E-01   6.9000006E-02   4.2060003E-02   0.0000000E+00   2.9300000E+02
   1.0000000E-01   7.0999995E-02   4.2060003E-02   0.0000000E+00   2.9300000E+02
   1.0000000E-01   7.2999999E-02   4.2060003E-02   0.0000000E+00   2.9300000E+02
   1.0000000E-01   7.5000003E-02   4.2060003E-02   0.0000000E+00   2.9300000E+02
   1.0000000E-01   7.7000000E-02   4.2060003E-02   0.0000000E+00   2.9300000E+02
   1.0000000E-01   7.8999996E-02   4.2060003E-02   0.0000000E+00   2.9300000E+02
   1.0000000E-01   8.1000000E-02   4.2060003E-02   0.0000000E+00   2.9300000E+02
   1.0000000E-01   8.3000004E-02   4.2060003E-02   0.0000000E+00   2.9300000E+02
   1.0000000E-01   8.5000001E-02   4.2060003E-02   0.0000000E+00   2.9300000E+02
   1.0000000E-01   8.6999997E-02   4.2060003E-02   0.0000000E+00   2.9300000E+02
   1.0000000E-01   8.9000002E-02   4.2060003E-02   0.0000000E+00   2.9300000E+02
   1.0000000E-01   9.1000006E-02   4.2060003E-02   0.0000000E+00   2.9300000E+02
   1.0000000E-01   9.2999995E-02   4.2060003E-02   0.0000000E+00   2.9300000E+02
   1.0000000E-01   9.4999999E-02   4.2060003E-02   0.0000000E+00   2.9300000E+02
   1.0000000E-01   9.7000003E-02   4.2060003E-02   0.0000000E+00   2.9300000E+02
   1.0000000E-01   9.8999999E-02   4.2060003E-02   0.0000000E+00   2.9300000E+02
   1.0000000E-01   1.0100000E-01   4.2060003E-02   0.0000000E+00   2.9300000E+02
   1.0000000E-01   1.0300000E-01   4.2060003E-02   0.0000000E+00   2.9300000E+02
   1.0000000E-01   1.0500000E-01   4.2060003E-02   0.0000000E+00   2.9300000E+02
   1.0000000E-01   1.0700000E-01   4.2060003E-02   0.0000000E+00   2.9300000E+02
   1.0000000E-01   1.0900000E-01   4.2060003E-02   0.0000000E+00   2.9300000E+02
   1.0000000E-01   1.1100000E-01   4.2060003E-02   0.0000000E+00   2.9300000E+02
   1.0000000E-01   1.1300001E-01   4.2060003E-02   0.0000000E+00   2.9300000E+02
   1.0000000E-01   1.1499999E-01   4.2060003E-02   0.0000000E+00   2.9300000E+02
   1.0000000E-01   1.1700000E-01   4.2060003E-02   0.0000000E+00   2.9300000E+02
   1.0000000E-01   1.1900000E-01   4.2060003E-02   0.0000000E+00   2.9300000E+02
   1.0000000E-01   1.2100000E-01   4.2060003E-02   0.0000000E+00   2.9300000E+02
   1.0000000E-01   1.2633334E-01   4.2060003E-02   0.0000000E+00   2.9300000E+02
   1.0000000E-01   1.3733333E-01   4.2060003E-02   0.0000000E+00   2.9300000E+02
   1.0000000E-01   1.5200000E-01   4.2060003E-02   0.0000000E+00   2.9300000E+02
   1.0000000E-01   8.0000004E-03   4.4020001E-02   0.0000000E+00   2.9300000E+02
   1.0000000E-01   2.2666667E-02   4.4020001E-02   0.0000000E+00   2.9300000E+02
   1.0000000E-01   3.3666667E-02   4.4020001E-02   0.0000000E+00   2.9300000E+02
   1.0000000E-01   3.8999997E-02   4.4020001E-02   0.0000000E+00   2.9300000E+02
   1.0000000E-01   4.1000001E-02   4.4020001E-02   0.0000000E+00   2.9300000E+02
   1.0000000E-01   4.2999998E-02   4.4020001E-02   0.0000000E+00   2.9300000E+02
   1.0000000E-01   4.5000002E-02   4.4020001E-02   0.0000000E+00   2.9300000E+02
   1.0000000E-01   4.6999998E-02   4.4020001E-02   0.0000000E+00   2.9300000E+02
   1.0000000E-01   4.9000002E-02   4.4020001E-02   0.0000000E+00   2.9300000E+02
   1.0000000E-01   5.0999999E-02   4.4020001E-02   0.0000000E+00   2.9300000E+02
   1.0000000E-01   5.3000003E-02   4.4020001E-02   0.0000000E+00   2.9300000E+02
   1.0000000E-01   5.5000000E-02   4.4020001E-02   0.0000000E+00   2.9300000E+02
   1.0000000E-01   5.7000000E-02   4.4020001E-02   0.0000000E+00   2.9300000E+02
   1.0000000E-01   5.9000000E-02   4.4020001E-02   0.0000000E+00   2.9300000E+02
   1.0000000E-01   6.0999997E-02   4.4020001E-02   0.0000000E+00   2.9300000E+02
   1.0000000E-01   6.3000001E-02   4.4020001E-02   0.0000000E+00   2.9300000E+02
   1.0000000E-01   6.4999998E-02   4.4020001E-02   0.0000000E+00   2.9300000E+02
   1.0000000E-01   6.7000002E-02   4.4020001E-02   0.0000000E+00   2.9300000E+02
   1.0000000E-01   6.9000006E-02   4.4020001E-02   0.0000000E+00   2.9300000E+02
   1.0000000E-01   7.0999995E-02   4.4020001E-02   0.0000000E+00   2.9300000E+02
   1.0000000E-01   7.2999999E-02   4.4020001E-02   0.0000000E+00   2.9300000E+02
   1.0000000E-01   7.5000003E-02   4.4020001E-02   0.0000000E+00   2.9300000E+02
   1.0000000E-01   7.7000000E-02   4.4020001E-02   0.0000000E+00   2.9300000E+02
   1.0000000E-01   7.8999996E-02   4.4020001E-02   0.0000000E+00   2.9300000E+02
   1.0000000E-01   8.1000000E-02   4.4020001E-02   0.0000000E+00   2.9300000E+02
   1.0000000E-01   8.3000004E-02   4.4020001E-02   0.0000000E+00   2.9300000E+02
   1.0000000E-01   8.5000001E-02   4.4020001E-02   0.0000000E+00   2.9300000E+02
   1.0000000E-01   8.6999997E-02   4.4020001E-02   0.0000000E+00   2.9300000E+02
   1.0000000E-01   8.9000002E-02   4.4020001E-02   0.0000000E+00   2.9300000E+02
   1.0000000E-01   9.1000006E-02   4.4020001E-02   0.0000000E+00   2.9300000E+02
   1.0000000E-01   9.2999995E-02   4.4020001E-02   0.0000000E+00   2.9300000E+02
   1.0000000E-01   9.4999999E-02   4.4020001E-02   0.0000000E+00   2.9300000E+02
   1.0000000E-01   9.7000003E-02   4.4020001E-02   0.0000000E+00   2.9300000E+02
   1.0000000E-01   9.8999999E-02   4.4020001E-02   0.0000000E+00   2.9300000E+02
   1.0000000E-01   1.0100000E-01   4.4020001E-02   0.0000000E+00   2.9300000E+02
   1.0000000E-01   1.0300000E-01   4.4020001E-02   0.0000000E+00   2.9300000E+02
   1.0000000E-01   1.0500000E-01   4.4020001E-02   0.0000000E+00   2.9300000E+02
   1.0000000E-01   1.0700000E-01   4.4020001E-02   0.0000000E+00   2.9300000E+02
   1.0000000E-01   1.0900000E-01   4.4020001E-02   0.0000000E+00   2.9300000E+02
   1.0000000E-01   1.1100000E-01   4.4020001E-02   0.0000000E+00   2.9300000E+02
   1.0000000E-01   1.1300001E-01   4.4020001E-02   0.0000000E+00   2.9300000E+02
   1.0000000E-01   1.1499999E-01   4.4020001E-02   0.0000000E+00   2.9300000E+02
   1.0000000E-01   1.1700000E-01   4.4020001E-02   0.0000000E+00   2.9300000E+02
   1.0000000E-01   1.1900000E-01   4.4020001E-02   0.0000000E+00   2.9300000E+02
   1.0000000E-01   1.2100000E-01   4.4020001E-02   0.0000000E+00   2.9300000E+02
   1.0000000E-01   1.2633334E-01   4.4020001E-02   0.0000000E+00   2.9300000E+02
   1.0000000E-01   1.3733333E-01   4.4020001E-02   0.0000000E+00   2.9300000E+02
   1.0000000E-01   1.5200000E-01   4.4020001E-02   0.0000000E+00   2.9300000E+02