   1.0000000E-01   8.0000004E-03  -3.0200002E-03   0.0000000E+00   2.9300000E+02
   1.0000000E-01   2.2666667E-02  -3.0200002E-03   0.0000000E+00   2.9300000E+02
   1.0000000E-01   3.3666667E-02  -3.0200002E-03   0.0000000E+00   2.9300000E+02
   1.0000000E-01   3.8999997E-02  -3.0200002E-03   0.0000000E+00   2.9300000E+02
   1.0000000E-01   4.1000001E-02  -3.0200002E-03   0.0000000E+00   2.9300000E+02
   1.0000000E-01   4.2999998E-02  -3.0200002E-03   4.9999928E-01   5.4477399E+02
   1.0000000E-01   4.5000002E-02  -3.0200002E-03   1.0000000E+00   5.7602948E+02
   1.0000000E-01   4.6999998E-02  -3.0200002E-03   1.0000000E+00   6.3156458E+02
   1.0000000E-01   4.9000002E-02  -3.0200002E-03   1.0000000E+00   7.1890643E+02
   1.0000000E-01   5.0999999E-02  -3.0200002E-03   1.0000000E+00   8.3705505E+02
   1.0000000E-01   5.3000003E-02  -3.0200002E-03   1.0000000E+00   9.8419458E+02
   1.0000000E-01   5.5000000E-02  -3.0200002E-03   1.0000000E+00   1.1553273E+03
   1.0000000E-01   5.7000000E-02  -3.0200002E-03   1.0000000E+00   1.3399586E+03
   1.0000000E-01   5.9000000E-02  -3.0200002E-03   1.0000000E+00   1.5207894E+03
   1.0000000E-01   6.0999997E-02  -3.0200002E-03   9.9888641E-01   1.6789557E+03
   1.0000000E-01   6.3000001E-02  -3.0200002E-03   9.9862331E-01   1.6897626E+03
   1.0000000E-01   6.4999998E-02  -3.0200002E-03   9.9930954E-01   1.6888356E+03
   1.0000000E-01   6.7000002E-02  -3.0200002E-03   9.9935979E-01   1.6750475E+03
   1.0000000E-01   6.9000006E-02  -3.0200002E-03   1.0000000E+00   1.5090188E+03
   1.0000000E-01   7.0999995E-02  -3.0200002E-03   1.0000000E+00   1.3386096E+03
   1.0000000E-01   7.2999999E-02  -3.0200002E-03   1.0000000E+00   1.1693741E+03
   1.0000000E-01   7.5000003E-02  -3.0200002E-03   1.0000000E+00   1.0116206E+03
   1.0000000E-01   7.7000000E-02  -3.0200002E-03   1.0000000E+00   8.7491772E+02
   1.0000000E-01   7.8999996E-02  -3.0200002E-03   1.0000000E+00   7.6681732E+02
   1.0000000E-01   8.1000000E-02  -3.0200002E-03   1.0000000E+00   6.9374280E+02
   1.0000000E-01   8.3000004E-02  -3.0200002E-03   5.4590148E-01   6.5112421E+02
   1.0000000E-01   8.5000001E-02  -3.0200002E-03   0.0000000E+00   2.9300000E+02
   1.0000000E-01   8.6999997E-02  -3.0200002E-03   0.0000000E+00   2.9300000E+02
   1.0000000E-01   8.9000002E-02  -3.0200002E-03   0.0000000E+00   2.9300000E+02
   1.0000000E-01   9.1000006E-02  -3.0200002E-03   0.0000000E+00   2.9300000E+02
   1.0000000E-01   9.2999995E-02  -3.0200002E-03   0.0000000E+00   2.9300000E+02
   1.0000000E-01   9.4999999E-02  -3.0200002E-03   0.0000000E+00   2.9300000E+02
   1.0000000E-01   9.7000003E-02  -3.0200002E-03   0.0000000E+00   2.9300000E+02
   1.0000000E-01   9.8999999E-02  -3.0200002E-03   0.0000000E+00   2.9300000E+02
   1.0000000E-01   1.0100000E-01  -3.0200002E-03   0.0000000E+00   2.9300000E+02
   1.0000000E-01   1.0300000E-01  -3.0200002E-03   0.0000000E+00   2.9300000E+02
   1.0000000E-01   1.0500000E-01  -3.0200002E-03   0.0000000E+00   2.9300000E+02
   1.0000000E-01   1.0700000E-01  -3.0200002E-03   0.0000000E+00   2.9300000E+02
   1.0000000E-01   1.0900000E-01  -3.0200002E-03   0.0000000E+00   2.9300000E+02
   1.0000000E-01   1.1100000E-01  -3.0200002E-03   0.0000000E+00   2.9300000E+02
   1.0000000E-01   1.1300001E-01  -3.0200002E-03   0.0000000E+00   2.9300000E+02
   1.0000000E-01   1.1499999E-01  -3.0200002E-03   0.0000000E+00   2.9300000E+02
   1.0000000E-01   1.1700000E-01  -3.0200002E-03   0.0000000E+00   2.9300000E+02
   1.0000000E-01   1.1900000E-01  -3.0200002E-03   0.0000000E+00   2.9300000E+02
   1.0000000E-01   1.2100000E-01  -3.0200002E-03   0.0000000E+00   2.9300000E+02
   1.0000000E-01   1.2633334E-01  -3.0200002E-03   0.0000000E+00   2.9300000E+02
   1.0000000E-01   1.3733333E-01  -3.0200002E-03   0.0000000E+00   2.9300000E+02
   1.0000000E-01   1.5200000E-01  -3.0200002E-03   0.0000000E+00   2.9300000E+02
   1.0000000E-01   8.0000004E-03  -1.0599999E-03   0.0000000E+00   2.9300000E+02
   1.0000000E-01   2.2666667E-02  -1.0599999E-03   0.0000000E+00   2.9300000E+02
   1.0000000E-01   3.3666667E-02  -1.0599999E-03   0.0000000E+00   2.9300000E+02
   1.0000000E-01   3.8999997E-02  -1.0599999E-03   0.0000000E+00   2.9300000E+02
   1.0000000E-01   4.1000001E-02  -1.0599999E-03   0.0000000E+00   2.9300000E+02
   1.0000000E-01   4.2999998E-02  -1.0599999E-03   4.9999928E-01   5.2686853E+02
   1.0000000E-01   4.5000002E-02  -1.0599999E-03   1.0000000E+00   5.6571838E+02
   1.0000000E-01   4.6999998E-02  -1.0599999E-03   1.0000000E+00   6.2498914E+02
   1.0000000E-01   4.9000002E-02  -1.0599999E-03   1.0000000E+00   7.1418835E+02
   1.0000000E-01   5.0999999E-02  -1.0599999E-03   1.0000000E+00   8.3354523E+02
   1.0000000E-01   5.3000003E-02  -1.0599999E-03   1.0000000E+00   9.8253473E+02
   1.0000000E-01   5.5000000E-02  -1.0599999E-03   1.0000000E+00   1.1576426E+03
   1.0000000E-01   5.7000000E-02  -1.0599999E-03   1.0000000E+00   1.3496396E+03
   1.0000000E-01   5.9000000E-02  -1.0599999E-03   1.0000000E+00   1.5388853E+03
   1.0000000E-01   6.0999997E-02  -1.0599999E-03   9.9887830E-01   1.6941075E+03
   1.0000000E-01   6.3000001E-02  -1.0599999E-03   9.9899024E-01   1.6987185E+03
   1.0000000E-01   6.4999998E-02  -1.0599999E-03   9.9949878E-01   1.6976191E+03
   1.0000000E-01   6.7000002E-02  -1.0599999E-03   9.9949086E-01   1.6871027E+03
   1.0000000E-01   6.9000006E-02  -1.0599999E-03   1.0000000E+00   1.5288190E+03
   1.0000000E-01   7.0999995E-02  -1.0599999E-03   1.0000000E+00   1.3594418E+03
   1.0000000E-01   7.2999999E-02  -1.0599999E-03   1.0000000E+00   1.1866461E+03
   1.0000000E-01   7.5000003E-02  -1.0599999E-03   1.0000000E+00   1.0230416E+03
   1.0000000E-01   7.7000000E-02  -1.0599999E-03   1.0000000E+00   8.7993188E+02
   1.0000000E-01   7.8999996E-02  -1.0599999E-03   1.0000000E+00   7.6502924E+02
   1.0000000E-01   8.1000000E-02  -1.0599999E-03   1.0000000E+00   6.8368909E+02
   1.0000000E-01   8.3000004E-02  -1.0599999E-03   5.4590148E-01   6.2876306E+02
   1.0000000E-01   8.5000001E-02  -1.0599999E-03   0.0000000E+00   2.9300000E+02
   1.0000000E-01   8.6999997E-02  -1.0599999E-03   0.0000000E+00   2.9300000E+02
   1.0000000E-01   8.9000002E-02  -1.0599999E-03   0.0000000E+00   2.9300000E+02
   1.0000000E-01   9.1000006E-02  -1.0599999E-03   0.0000000E+00   2.9300000E+02
   1.0000000E-01   9.2999995E-02  -1.0599999E-03   0.0000000E+00   2.9300000E+02
   1.0000000E-01   9.4999999E-02  -1.0599999E-03   0.0000000E+00   2.9300000E+02
   1.0000000E-01   9.7000003E-02  -1.0599999E-03   0.0000000E+00   2.9300000E+02
   1.0000000E-01   9.8999999E-02  -1.0599999E-03   0.0000000E+00   2.9300000E+02
   1.0000000E-01   1.0100000E-01  -1.0599999E-03   0.0000000E+00   2.9300000E+02
   1.0000000E-01   1.0300000E-01  -1.0599999E-03   0.0000000E+00   2.9300000E+02
   1.0000000E-01   1.0500000E-01  -1.0599999E-03   0.0000000E+00   2.9300000E+02
   1.0000000E-01   1.0700000E-01  -1.0599999E-03   0.0000000E+00   2.9300000E+02
   1.0000000E-01   1.0900000E-01  -1.0599999E-03   0.0000000E+00   2.9300000E+02
   1.0000000E-01   1.1100000E-01  -1.0599999E-03   0.0000000E+00   2.9300000E+02
   1.0000000E-01   1.1300001E-01  -1.0599999E-03   0.0000000E+00   2.9300000E+02
   1.0000000E-01   1.1499999E-01  -1.0599999E-03   0.0000000E+00   2.9300000E+02
   1.0000000E-01   1.1700000E-01  -1.0599999E-03   0.0000000E+00   2.9300000E+02
   1.0000000E-01   1.1900000E-01  -1.0599999E-03   0.0000000E+00   2.9300000E+02
   1.0000000E-01   1.2100000E-01  -1.0599999E-03   0.0000000E+00   2.9300000E+02
   1.0000000E-01   1.2633334E-01  -1.0599999E-03   0.0000000E+00   2.9300000E+02
   1.0000000E-01   1.3733333E-01  -1.0599999E-03   0.0000000E+00   2.9300000E+02
   1.0000000E-01   1.5200000E-01  -1.0599999E-03   0.0000000E+00   2.9300000E+02
   1.0000000E-01   8.0000004E-03   8.9999998E-04   9.5918369E-01   3.5222202E+02
   1.0000000E-01   2.2666667E-02   8.9999998E-04   9.5918369E-01   3.5330621E+02
   1.0000000E-01   3.3666667E-02   8.9999998E-04   9.5918369E-01   3.6634311E+02
   1.0000000E-01   3.8999997E-02   8.9999998E-04   9.5918369E-01   4.1218796E+02
   1.0000000E-01   4.1000001E-02   8.9999998E-04   9.5918369E-01   4.4192712E+02
   1.0000000E-01   4.2999998E-02   8.9999998E-04   9.8979592E-01   4.9010202E+02
   1.0000000E-01   4.5000002E-02   8.9999998E-04   1.0000000E+00   5.4349719E+02
   1.0000000E-01   4.6999998E-02   8.9999998E-04   1.0000000E+00   6.1072229E+02
   1.0000000E-01   4.9000002E-02   8.9999998E-04   1.0000000E+00   7.0206726E+02
   1.0000000E-01   5.0999999E-02   8.9999998E-04   1.0000000E+00   8.2185663E+02
   1.0000000E-01   5.3000003E-02   8.9999998E-04   1.0000000E+00   9.7178326E+02
   1.0000000E-01   5.5000000E-02   8.9999998E-04   1.0000000E+00   1.1506715E+03
   1.0000000E-01   5.7000000E-02   8.9999998E-04   1.0000000E+00   1.3523029E+03
   1.0000000E-01   5.9000000E-02   8.9999998E-04   9.9883562E-01   1.5568423E+03
   1.0000000E-01   6.0999997E-02   8.9999998E-04   9.9878228E-01   1.7080597E+03
   1.0000000E-01   6.3000001E-02   8.9999998E-04   9.9891126E-01   1.7072222E+03
   1.0000000E-01   6.4999998E-02   8.9999998E-04   9.9953818E-01   1.7059541E+03
   1.0000000E-01   6.7000002E-02   8.9999998E-04   9.9945146E-01   1.6991410E+03
   1.0000000E-01   6.9000006E-02   8.9999998E-04   1.0000000E+00   1.5597551E+03
   1.0000000E-01   7.0999995E-02   8.9999998E-04   1.0000000E+00   1.3949850E+03
   1.0000000E-01   7.2999999E-02   8.9999998E-04   1.0000000E+00   1.2150353E+03
   1.0000000E-01   7.5000003E-02   8.9999998E-04   1.0000000E+00   1.0397766E+03
   1.0000000E-01   7.7000000E-02   8.9999998E-04   1.0000000E+00   8.8500128E+02
   1.0000000E-01   7.8999996E-02   8.9999998E-04   1.0000000E+00   7.5835388E+02
   1.0000000E-01   8.1000000E-02   8.9999998E-04   1.0000000E+00   6.5979059E+02
   1.0000000E-01   8.3000004E-02   8.9999998E-04   1.0000000E+00   5.7880872E+02
   1.0000000E-01   8.5000001E-02   8.9999998E-04   9.5918369E-01   5.0137784E+02
   1.0000000E-01   8.6999997E-02   8.9999998E-04   9.5918369E-01   4.4890887E+02
   1.0000000E-01   8.9000002E-02   8.9999998E-04   9.5918369E-01   4.1397949E+02
   1.0000000E-01   9.1000006E-02   8.9999998E-04   9.5918369E-01   3.9100211E+02
   1.0000000E-01   9.2999995E-02   8.9999998E-04   9.5918369E-01   3.7614313E+02
   1.0000000E-01   9.4999999E-02   8.9999998E-04   9.5918369E-01   3.6671118E+02
   1.0000000E-01   9.7000003E-02   8.9999998E-04   9.5918369E-01   3.6083539E+02
   1.0000000E-01   9.8999999E-02   8.9999998E-04   9.5918369E-01   3.5724213E+02
   1.0000000E-01   1.0100000E-01   8.9999998E-04   9.5918369E-01   3.5508441E+02
   1.0000000E-01   1.0300000E-01   8.9999998E-04   9.5918369E-01   3.5381189E+02
   1.0000000E-01   1.0500000E-01   8.9999998E-04   9.5918369E-01   3.5307489E+02
   1.0000000E-01   1.0700000E-01   8.9999998E-04   9.5918369E-01   3.5265591E+02
   1.0000000E-01   1.0900000E-01   8.9999998E-04   9.5918369E-01   3.5242236E+02
   1.0000000E-01   1.1100000E-01   8.9999998E-04   9.5918369E-01   3.5229498E+02
   1.0000000E-01   1.1300001E-01   8.9999998E-04   9.5918369E-01   3.5222726E+02
   1.0000000E-01   1.1499999E-01   8.9999998E-04   9.5918369E-01   3.5219238E+02
   1.0000000E-01   1.1700000E-01   8.9999998E-04   9.5918369E-01   3.5217523E+02
   1.0000000E-01   1.1900000E-01   8.9999998E-04   9.5918369E-01   3.5216736E+02
   1.0000000E-01   1.2100000E-01   8.9999998E-04   9.5918369E-01   3.5216431E+02
   1.0000000E-01   1.2633334E-01   8.9999998E-04   9.5918369E-01   3.5216287E+02
   1.0000000E-01   1.3733333E-01   8.9999998E-04   9.5918369E-01   3.5215936E+02
   1.0000000E-01   1.5200000E-01   8.9999998E-04   4.7959173E-01   3.5214957E+02
   1.0000000E-01   8.0000004E-03   2.8599999E-03   1.0000000E+00   3.5232355E+02
   1.0000000E-01   2.2666667E-02   2.8599999E-03   1.0000000E+00   3.5337500E+02
   1.0000000E-01   3.3666667E-02   2.8599999E-03   1.0000000E+00   3.6592114E+02
   1.0000000E-01   3.8999997E-02   2.8599999E-03   1.0000000E+00   4.0897296E+02
   1.0000000E-01   4.1000001E-02   2.8599999E-03   1.0000000E+00   4.3540564E+02
   1.0000000E-01   4.2999998E-02   2.8599999E-03   1.0000000E+00   4.7470157E+02
   1.0000000E-01   4.5000002E-02   2.8599999E-03   1.0000000E+00   5.2588281E+02
   1.0000000E-01   4.6999998E-02   2.8599999E-03   1.0000000E+00   5.9350238E+02
   1.0000000E-01   4.9000002E-02   2.8599999E-03   1.0000000E+00   6.8382501E+02
   1.0000000E-01   5.0999999E-02   2.8599999E-03   1.0000000E+00   8.0148767E+02
   1.0000000E-01   5.3000003E-02   2.8599999E-03   1.0000000E+00   9.4910858E+02
   1.0000000E-01   5.5000000E-02   2.8599999E-03   1.0000000E+00   1.1263279E+03
   1.0000000E-01   5.7000000E-02   2.8599999E-03   1.0000000E+00   1.3273247E+03
   1.0000000E-01   5.9000000E-02   2.8599999E-03   1.0000000E+00   1.5353743E+03
   1.0000000E-01   6.0999997E-02   2.8599999E-03   9.9880296E-01   1.7195043E+03
   1.0000000E-01   6.3000001E-02   2.8599999E-03   9.9869567E-01   1.7164952E+03
   1.0000000E-01   6.4999998E-02   2.8599999E-03   9.9943203E-01   1.7139666E+03
   1.0000000E-01   6.7000002E-02   2.8599999E-03   9.9923092E-01   1.7118762E+03
   1.0000000E-01   6.9000006E-02   2.8599999E-03   9.9000317E-01   1.6133188E+03
   1.0000000E-01   7.0999995E-02   2.8599999E-03   1.0000000E+00   1.4530570E+03
   1.0000000E-01   7.2999999E-02   2.8599999E-03   1.0000000E+00   1.2556566E+03
   1.0000000E-01   7.5000003E-02   2.8599999E-03   1.0000000E+00   1.0592363E+03
   1.0000000E-01   7.7000000E-02   2.8599999E-03   1.0000000E+00   8.8810742E+02
   1.0000000E-01   7.8999996E-02   2.8599999E-03   1.0000000E+00   7.5008728E+02
   1.0000000E-01   8.1000000E-02   2.8599999E-03   1.0000000E+00   6.4299945E+02
   1.0000000E-01   8.3000004E-02   2.8599999E-03   1.0000000E+00   5.5954547E+02
   1.0000000E-01   8.5000001E-02   2.8599999E-03   1.0000000E+00   4.9286246E+02
   1.0000000E-01   8.6999997E-02   2.8599999E-03   1.0000000E+00   4.4480399E+02
   1.0000000E-01   8.9000002E-02   2.8599999E-03   1.0000000E+00   4.1179721E+02
   1.0000000E-01   9.1000006E-02   2.8599999E-03   1.0000000E+00   3.8979901E+02
   1.0000000E-01   9.2999995E-02   2.8599999E-03   1.0000000E+00   3.7548615E+02
   1.0000000E-01   9.4999999E-02   2.8599999E-03   1.0000000E+00   3.6637146E+02
   1.0000000E-01   9.7000003E-02   2.8599999E-03   1.0000000E+00   3.6068225E+02
   1.0000000E-01   9.8999999E-02   2.8599999E-03   1.0000000E+00   3.5719846E+02
   1.0000000E-01   1.0100000E-01   2.8599999E-03   1.0000000E+00   3.5510437E+02
   1.0000000E-01   1.0300000E-01   2.8599999E-03   1.0000000E+00   3.5386838E+02
   1.0000000E-01   1.0500000E-01   2.8599999E-03   1.0000000E+00   3.5315207E+02
   1.0000000E-01   1.0700000E-01   2.8599999E-03   1.0000000E+00   3.5274469E+02
   1.0000000E-01   1.0900000E-01   2.8599999E-03   1.0000000E+00   3.5251755E+02
   1.0000000E-01   1.1100000E-01   2.8599999E-03   1.0000000E+00   3.5239365E+02
   1.0000000E-01   1.1300001E-01   2.8599999E-03   1.0000000E+00   3.5232782E+02
   1.0000000E-01   1.1499999E-01   2.8599999E-03   1.0000000E+00   3.5229398E+02
   1.0000000E-01   1.1700000E-01   2.8599999E-03   1.0000000E+00   3.5227734E+02
   1.0000000E-01   1.1900000E-01   2.8599999E-03   1.0000000E+00   3.5226981E+02
   1.0000000E-01   1.2100000E-01   2.8599999E-03   1.0000000E+00   3.5226691E+02
   1.0000000E-01   1.2633334E-01   2.8599999E-03   1.0000000E+00   3.5226569E+02
   1.0000000E-01   1.3733333E-01   2.8599999E-03   1.0000000E+00   3.5226205E+02
   1.0000000E-01   1.5200000E-01   2.8599999E-03   1.0000000E+00   3.5222757E+02
   1.0000000E-01   8.0000004E-03   4.8199999E-03   1.0000000E+00   3.5241455E+02
   1.0000000E-01   2.2666667E-02   4.8199999E-03   1.0000000E+00   3.5340274E+02
   1.0000000E-01   3.3666667E-02   4.8199999E-03   1.0000000E+00   3.6506403E+02
   1.0000000E-01   3.8999997E-02   4.8199999E-03   1.0000000E+00   4.0410699E+02
   1.0000000E-01   4.1000001E-02   4.8199999E-03   1.0000000E+00   4.2748962E+02
   1.0000000E-01   4.2999998E-02   4.8199999E-03   1.0000000E+00   4.6190585E+02
   1.0000000E-01   4.5000002E-02   4.8199999E-03   1.0000000E+00   5.0938986E+02
   1.0000000E-01   4.6999998E-02   4.8199999E-03   1.0000000E+00   5.7384052E+02
   1.0000000E-01   4.9000002E-02   4.8199999E-03   1.0000000E+00   6.6018951E+02
   1.0000000E-01   5.0999999E-02   4.8199999E-03   1.0000000E+00   7.7300452E+02
   1.0000000E-01   5.3000003E-02   4.8199999E-03   1.0000000E+00   9.1561884E+02
   1.0000000E-01   5.5000000E-02   4.8199999E-03   1.0000000E+00   1.0890105E+03
   1.0000000E-01   5.7000000E-02   4.8199999E-03   1.0000000E+00   1.2899038E+03
   1.0000000E-01   5.9000000E-02   4.8199999E-03   1.0000000E+00   1.5081578E+03
   1.0000000E-01   6.0999997E-02   4.8199999E-03   9.9888861E-01   1.7259943E+03
   1.0000000E-01   6.3000001E-02   4.8199999E-03   9.9871403E-01   1.7253427E+03
   1.0000000E-01   6.4999998E-02   4.8199999E-03   9.9926966E-01   1.7212559E+03
   1.0000000E-01   6.7000002E-02   4.8199999E-03   9.9890774E-01   1.7238584E+03
   1.0000000E-01   6.9000006E-02   4.8199999E-03   9.9895984E-01   1.7241354E+03
   1.0000000E-01   7.0999995E-02   4.8199999E-03   9.9710828E-01   1.5528118E+03
   1.0000000E-01   7.2999999E-02   4.8199999E-03   1.0000000E+00   1.3079545E+03
   1.0000000E-01   7.5000003E-02   4.8199999E-03   1.0000000E+00   1.0729855E+03
   1.0000000E-01   7.7000000E-02   4.8199999E-03   1.0000000E+00   8.8153998E+02
   1.0000000E-01   7.8999996E-02   4.8199999E-03   1.0000000E+00   7.3510736E+02
   1.0000000E-01   8.1000000E-02   4.8199999E-03   1.0000000E+00   6.2528412E+02
   1.0000000E-01   8.3000004E-02   4.8199999E-03   1.0000000E+00   5.4322430E+02
   1.0000000E-01   8.5000001E-02   4.8199999E-03   1.0000000E+00   4.8203442E+02
   1.0000000E-01   8.6999997E-02   4.8199999E-03   1.0000000E+00   4.3814206E+02
   1.0000000E-01   8.9000002E-02   4.8199999E-03   1.0000000E+00   4.0778760E+02
   1.0000000E-01   9.1000006E-02   4.8199999E-03   1.0000000E+00   3.8742194E+02
   1.0000000E-01   9.2999995E-02   4.8199999E-03   1.0000000E+00   3.7410571E+02
   1.0000000E-01   9.4999999E-02   4.8199999E-03   1.0000000E+00   3.6559540E+02
   1.0000000E-01   9.7000003E-02   4.8199999E-03   1.0000000E+00   3.6026917E+02
   1.0000000E-01   9.8999999E-02   4.8199999E-03   1.0000000E+00   3.5700070E+02
   1.0000000E-01   1.0100000E-01   4.8199999E-03   1.0000000E+00   3.5503259E+02
   1.0000000E-01   1.0300000E-01   4.8199999E-03   1.0000000E+00   3.5386926E+02
   1.0000000E-01   1.0500000E-01   4.8199999E-03   1.0000000E+00   3.5319431E+02
   1.0000000E-01   1.0700000E-01   4.8199999E-03   1.0000000E+00   3.5281009E+02
   1.0000000E-01   1.0900000E-01   4.8199999E-03   1.0000000E+00   3.5259576E+02
   1.0000000E-01   1.1100000E-01   4.8199999E-03   1.0000000E+00   3.5247891E+02
   1.0000000E-01   1.1300001E-01   4.8199999E-03   1.0000000E+00   3.5241687E+02
   1.0000000E-01   1.1499999E-01   4.8199999E-03   1.0000000E+00   3.5238507E+02
   1.0000000E-01   1.1700000E-01   4.8199999E-03   1.0000000E+00   3.5236957E+02
   1.0000000E-01   1.1900000E-01   4.8199999E-03   1.0000000E+00   3.5236261E+02
   1.0000000E-01   1.2100000E-01   4.8199999E-03   1.0000000E+00   3.5236005E+02
   1.0000000E-01   1.2633334E-01   4.8199999E-03   1.0000000E+00   3.5235928E+02
   1.0000000E-01   1.3733333E-01   4.8199999E-03   1.0000000E+00   3.5235593E+02
   1.0000000E-01   1.5200000E-01   4.8199999E-03   1.0000000E+00   3.5232690E+02
   1.0000000E-01   8.0000004E-03   6.7799999E-03   1.0000000E+00   3.5249271E+02
   1.0000000E-01   2.2666667E-02   6.7799999E-03   1.0000000E+00   3.5339404E+02
   1.0000000E-01   3.3666667E-02   6.7799999E-03   1.0000000E+00   3.6390686E+02
   1.0000000E-01   3.8999997E-02   6.7799999E-03   1.0000000E+00   3.9846054E+02
   1.0000000E-01   4.1000001E-02   6.7799999E-03   1.0000000E+00   4.1902078E+02
   1.0000000E-01   4.2999998E-02   6.7799999E-03   1.0000000E+00   4.4944284E+02
   1.0000000E-01   4.5000002E-02   6.7799999E-03   1.0000000E+00   4.9243137E+02
   1.0000000E-01   4.6999998E-02   6.7799999E-03   1.0000000E+00   5.5168561E+02
   1.0000000E-01   4.9000002E-02   6.7799999E-03   1.0000000E+00   6.3167859E+02
   1.0000000E-01   5.0999999E-02   6.7799999E-03   1.0000000E+00   7.3707251E+02
   1.0000000E-01   5.3000003E-02   6.7799999E-03   1.0000000E+00   8.7215417E+02
   1.0000000E-01   5.5000000E-02   6.7799999E-03   1.0000000E+00   1.0401733E+03
   1.0000000E-01   5.7000000E-02   6.7799999E-03   1.0000000E+00   1.2423958E+03
   1.0000000E-01   5.9000000E-02   6.7799999E-03   1.0000000E+00   1.4766479E+03
   1.0000000E-01   6.0999997E-02   6.7799999E-03   9.9891037E-01   1.7322673E+03
   1.0000000E-01   6.3000001E-02   6.7799999E-03   9.9894375E-01   1.7378727E+03
   1.0000000E-01   6.4999998E-02   6.7799999E-03   9.9925458E-01   1.7374326E+03
   1.0000000E-01   6.7000002E-02   6.7799999E-03   9.9908423E-01   1.7378759E+03
   1.0000000E-01   6.9000006E-02   6.7799999E-03   9.9923730E-01   1.7395107E+03
   1.0000000E-01   7.0999995E-02   6.7799999E-03   9.9970478E-01   1.7255822E+03
   1.0000000E-01   7.2999999E-02   6.7799999E-03   9.9003601E-01   1.3588883E+03
   1.0000000E-01   7.5000003E-02   6.7799999E-03   1.0000000E+00   1.0575197E+03
   1.0000000E-01   7.7000000E-02   6.7799999E-03   1.0000000E+00   8.4991278E+02
   1.0000000E-01   7.8999996E-02   6.7799999E-03   1.0000000E+00   7.0527881E+02
   1.0000000E-01   8.1000000E-02   6.7799999E-03   1.0000000E+00   6.0054913E+02
   1.0000000E-01   8.3000004E-02   6.7799999E-03   1.0000000E+00   5.2418433E+02
   1.0000000E-01   8.5000001E-02   6.7799999E-03   1.0000000E+00   4.6880615E+02
   1.0000000E-01   8.6999997E-02   6.7799999E-03   1.0000000E+00   4.2950714E+02
   1.0000000E-01   8.9000002E-02   6.7799999E-03   1.0000000E+00   4.0236200E+02
   1.0000000E-01   9.1000006E-02   6.7799999E-03   1.0000000E+00   3.8410724E+02
   1.0000000E-01   9.2999995E-02   6.7799999E-03   1.0000000E+00   3.7213245E+02
   1.0000000E-01   9.4999999E-02   6.7799999E-03   1.0000000E+00   3.6445450E+02
   1.0000000E-01   9.7000003E-02   6.7799999E-03   1.0000000E+00   3.5963474E+02
   1.0000000E-01   9.8999999E-02   6.7799999E-03   1.0000000E+00   3.5666910E+02
   1.0000000E-01   1.0100000E-01   6.7799999E-03   1.0000000E+00   3.5487909E+02
   1.0000000E-01   1.0300000E-01   6.7799999E-03   1.0000000E+00   3.5381888E+02
   1.0000000E-01   1.0500000E-01   6.7799999E-03   1.0000000E+00   3.5320270E+02
   1.0000000E-01   1.0700000E-01   6.7799999E-03   1.0000000E+00   3.5285150E+02
   1.0000000E-01   1.0900000E-01   6.7799999E-03   1.0000000E+00   3.5265549E+02
   1.0000000E-01   1.1100000E-01   6.7799999E-03   1.0000000E+00   3.5254868E+02
   1.0000000E-01   1.1300001E-01   6.7799999E-03   1.0000000E+00   3.5249210E+02
   1.0000000E-01   1.1499999E-01   6.7799999E-03   1.0000000E+00   3.5246326E+02
   1.0000000E-01   1.1700000E-01   6.7799999E-03   1.0000000E+00   3.5244934E+02
   1.0000000E-01   1.1900000E-01   6.7799999E-03   1.0000000E+00   3.5244327E+02
   1.0000000E-01   1.2100000E-01   6.7799999E-03   1.0000000E+00   3.5244116E+02
   1.0000000E-01   1.2633334E-01   6.7799999E-03   1.0000000E+00   3.5244104E+02
   1.0000000E-01   1.3733333E-01   6.7799999E-03   1.0000000E+00   3.5243826E+02
   1.0000000E-01   1.5200000E-01   6.7799999E-03   1.0000000E+00   3.5241388E+02
   1.0000000E-01   8.0000004E-03   8.7400004E-03   1.0000000E+00   3.5255844E+02
   1.0000000E-01   2.2666667E-02   8.7400004E-03   1.0000000E+00   3.5335767E+02
   1.0000000E-01   3.3666667E-02   8.7400004E-03   1.0000000E+00   3.6257739E+02
   1.0000000E-01   3.8999997E-02   8.7400004E-03   1.0000000E+00   3.9248361E+02
   1.0000000E-01   4.1000001E-02   8.7400004E-03   1.0000000E+00   4.1028174E+02
   1.0000000E-01   4.2999998E-02   8.7400004E-03   1.0000000E+00   4.3676831E+02
   1.0000000E-01   4.5000002E-02   8.7400004E-03   1.0000000E+00   4.7462097E+02
   1.0000000E-01   4.6999998E-02   8.7400004E-03   1.0000000E+00   5.2727563E+02
   1.0000000E-01   4.9000002E-02   8.7400004E-03   1.0000000E+00   5.9888715E+02
   1.0000000E-01   5.0999999E-02   8.7400004E-03   1.0000000E+00   6.9415399E+02
   1.0000000E-01   5.3000003E-02   8.7400004E-03   1.0000000E+00   8.1820862E+02
   1.0000000E-01   5.5000000E-02   8.7400004E-03   1.0000000E+00   9.7675409E+02
   1.0000000E-01   5.7000000E-02   8.7400004E-03   1.0000000E+00   1.1767195E+03
   1.0000000E-01   5.9000000E-02   8.7400004E-03   1.0000000E+00   1.4276432E+03
   1.0000000E-01   6.0999997E-02   8.7400004E-03   9.9032700E-01   1.7378816E+03
   1.0000000E-01   6.3000001E-02   8.7400004E-03   9.9898237E-01   1.7436609E+03
   1.0000000E-01   6.4999998E-02   8.7400004E-03   9.3657404E-01   1.7440225E+03
   1.0000000E-01   6.7000002E-02   8.7400004E-03   6.2319076E-01   1.7456757E+03
   1.0000000E-01   6.9000006E-02   8.7400004E-03   3.9498058E-01   1.7468746E+03
   1.0000000E-01   7.0999995E-02   8.7400004E-03   1.9746563E-01   1.7473256E+03
   1.0000000E-01   7.2999999E-02   8.7400004E-03   0.0000000E+00   2.9300000E+02
   1.0000000E-01   7.5000003E-02   8.7400004E-03   6.2265325E-01   9.2354321E+02
   1.0000000E-01   7.7000000E-02   8.7400004E-03   1.0000000E+00   7.7046289E+02
   1.0000000E-01   7.8999996E-02   8.7400004E-03   1.0000000E+00   6.5452454E+02
   1.0000000E-01   8.1000000E-02   8.7400004E-03   1.0000000E+00   5.6615363E+02
   1.0000000E-01   8.3000004E-02   8.7400004E-03   1.0000000E+00   5.0065002E+02
   1.0000000E-01   8.5000001E-02   8.7400004E-03   1.0000000E+00   4.5306357E+02
   1.0000000E-01   8.6999997E-02   8.7400004E-03   1.0000000E+00   4.1928116E+02
   1.0000000E-01   8.9000002E-02   8.7400004E-03   1.0000000E+00   3.9590009E+02
   1.0000000E-01   9.1000006E-02   8.7400004E-03   1.0000000E+00   3.8012534E+02
   1.0000000E-01   9.2999995E-02   8.7400004E-03   1.0000000E+00   3.6973798E+02
   1.0000000E-01   9.4999999E-02   8.7400004E-03   1.0000000E+00   3.6305194E+02
   1.0000000E-01   9.7000003E-02   8.7400004E-03   1.0000000E+00   3.5883917E+02
   1.0000000E-01   9.8999999E-02   8.7400004E-03   1.0000000E+00   3.5623807E+02
   1.0000000E-01   1.0100000E-01   8.7400004E-03   1.0000000E+00   3.5466318E+02
   1.0000000E-01   1.0300000E-01   8.7400004E-03   1.0000000E+00   3.5372787E+02
   1.0000000E-01   1.0500000E-01   8.7400004E-03   1.0000000E+00   3.5318307E+02
   1.0000000E-01   1.0700000E-01   8.7400004E-03   1.0000000E+00   3.5287210E+02
   1.0000000E-01   1.0900000E-01   8.7400004E-03   1.0000000E+00   3.5269849E+02
   1.0000000E-01   1.1100000E-01   8.7400004E-03   1.0000000E+00   3.5260394E+02
   1.0000000E-01   1.1300001E-01   8.7400004E-03   1.0000000E+00   3.5255405E+02
   1.0000000E-01   1.1499999E-01   8.7400004E-03   1.0000000E+00   3.5252884E+02
   1.0000000E-01   1.1700000E-01   8.7400004E-03   1.0000000E+00   3.5251688E+02
   1.0000000E-01   1.1900000E-01   8.7400004E-03   1.0000000E+00   3.5251187E+02
   1.0000000E-01   1.2100000E-01   8.7400004E-03   1.0000000E+00   3.5251038E+02
   1.0000000E-01   1.2633334E-01   8.7400004E-03   1.0000000E+00   3.5251111E+02
   1.0000000E-01   1.3733333E-01   8.7400004E-03   1.0000000E+00   3.5250906E+02
   1.0000000E-01   1.5200000E-01   8.7400004E-03   1.0000000E+00   3.5248859E+02
   1.0000000E-01   8.0000004E-03   1.0700000E-02   1.0000000E+00   3.5261221E+02
   1.0000000E-01   2.2666667E-02   1.0700000E-02   1.0000000E+00   3.5330200E+02
   1.0000000E-01   3.3666667E-02   1.0700000E-02   1.0000000E+00   3.6117773E+02
   1.0000000E-01   3.8999997E-02   1.0700000E-02   1.0000000E+00   3.8645270E+02
   1.0000000E-01   4.1000001E-02   1.0700000E-02   1.0000000E+00   4.0150467E+02
   1.0000000E-01   4.2999998E-02   1.0700000E-02   1.0000000E+00   4.2397217E+02
   1.0000000E-01   4.5000002E-02   1.0700000E-02   1.0000000E+00   4.5623453E+02
   1.0000000E-01   4.6999998E-02   1.0700000E-02   1.0000000E+00   5.0130063E+02
   1.0000000E-01   4.9000002E-02   1.0700000E-02   1.0000000E+00   5.6282965E+02
   1.0000000E-01   5.0999999E-02   1.0700000E-02   1.0000000E+00   6.4513348E+02
   1.0000000E-01   5.3000003E-02   1.0700000E-02   1.0000000E+00   7.5334692E+02
   1.0000000E-01   5.5000000E-02   1.0700000E-02   1.0000000E+00   8.9418988E+02
   1.0000000E-01   5.7000000E-02   1.0700000E-02   1.0000000E+00   1.0785330E+03
   1.0000000E-01   5.9000000E-02   1.0700000E-02   1.0000000E+00   1.3298680E+03
   1.0000000E-01   6.0999997E-02   1.0700000E-02   8.6017710E-01   1.7383676E+03
   1.0000000E-01   6.3000001E-02   1.0700000E-02   4.1084006E-01   1.7469365E+03
   1.0000000E-01   6.4999998E-02   1.0700000E-02   0.0000000E+00   2.9300000E+02
   1.0000000E-01   6.7000002E-02   1.0700000E-02   0.0000000E+00   2.9300000E+02
   1.0000000E-01   6.9000006E-02   1.0700000E-02   0.0000000E+00   2.9300000E+02
   1.0000000E-01   7.0999995E-02   1.0700000E-02   0.0000000E+00   2.9300000E+02
   1.0000000E-01   7.2999999E-02   1.0700000E-02   0.0000000E+00   2.9300000E+02
   1.0000000E-01   7.5000003E-02   1.0700000E-02   1.0000026E-02   8.0467529E+02
   1.0000000E-01   7.7000000E-02   1.0700000E-02   6.4000016E-01   6.7746295E+02
   1.0000000E-01   7.8999996E-02   1.0700000E-02   1.0000000E+00   5.9229510E+02
   1.0000000E-01   8.1000000E-02   1.0700000E-02   1.0000000E+00   5.2554840E+02
   1.0000000E-01   8.3000004E-02   1.0700000E-02   1.0000000E+00   4.7396078E+02
   1.0000000E-01   8.5000001E-02   1.0700000E-02   1.0000000E+00   4.3564465E+02
   1.0000000E-01   8.6999997E-02   1.0700000E-02   1.0000000E+00   4.0809094E+02
   1.0000000E-01   8.9000002E-02   1.0700000E-02   1.0000000E+00   3.8884979E+02
   1.0000000E-01   9.1000006E-02   1.0700000E-02   1.0000000E+00   3.7577435E+02
   1.0000000E-01   9.2999995E-02   1.0700000E-02   1.0000000E+00   3.6711005E+02
   1.0000000E-01   9.4999999E-02   1.0700000E-02   1.0000000E+00   3.6150140E+02
   1.0000000E-01   9.7000003E-02   1.0700000E-02   1.0000000E+00   3.5794931E+02
   1.0000000E-01   9.8999999E-02   1.0700000E-02   1.0000000E+00   3.5574600E+02
   1.0000000E-01   1.0100000E-01   1.0700000E-02   1.0000000E+00   3.5440656E+02
   1.0000000E-01   1.0300000E-01   1.0700000E-02   1.0000000E+00   3.5360831E+02
   1.0000000E-01   1.0500000E-01   1.0700000E-02   1.0000000E+00   3.5314209E+02
   1.0000000E-01   1.0700000E-01   1.0700000E-02   1.0000000E+00   3.5287552E+02
   1.0000000E-01   1.0900000E-01   1.0700000E-02   1.0000000E+00   3.5272665E+02
   1.0000000E-01   1.1100000E-01   1.0700000E-02   1.0000000E+00   3.5264575E+02
   1.0000000E-01   1.1300001E-01   1.0700000E-02   1.0000000E+00   3.5260333E+02
   1.0000000E-01   1.1499999E-01   1.0700000E-02   1.0000000E+00   3.5258218E+02
   1.0000000E-01   1.1700000E-01   1.0700000E-02   1.0000000E+00   3.5257245E+02
   1.0000000E-01   1.1900000E-01   1.0700000E-02   1.0000000E+00   3.5256863E+02
   1.0000000E-01   1.2100000E-01   1.0700000E-02   1.0000000E+00   3.5256781E+02
   1.0000000E-01   1.2633334E-01   1.0700000E-02   1.0000000E+00   3.5256955E+02
   1.0000000E-01   1.3733333E-01   1.0700000E-02   1.0000000E+00   3.5256842E+02
   1.0000000E-01   1.5200000E-01   1.0700000E-02   1.0000000E+00   3.5255124E+02
   1.0000000E-01   8.0000004E-03   1.2660000E-02   1.0000000E+00   3.5265442E+02
   1.0000000E-01   2.2666667E-02   1.2660000E-02   1.0000000E+00   3.5323431E+02
   1.0000000E-01   3.3666667E-02   1.2660000E-02   1.0000000E+00   3.5978909E+02
   1.0000000E-01   3.8999997E-02   1.2660000E-02   1.0000000E+00   3.8059998E+02
   1.0000000E-01   4.1000001E-02   1.2660000E-02   1.0000000E+00   3.9297382E+02
   1.0000000E-01   4.2999998E-02   1.2660000E-02   1.0000000E+00   4.1143491E+02
   1.0000000E-01   4.5000002E-02   1.2660000E-02   1.0000000E+00   4.3793738E+02
   1.0000000E-01   4.6999998E-02   1.2660000E-02   1.0000000E+00   4.7491290E+02
   1.0000000E-01   4.9000002E-02   1.2660000E-02   1.0000000E+00   5.2526361E+02
   1.0000000E-01   5.0999999E-02   1.2660000E-02   1.0000000E+00   5.9232074E+02
   1.0000000E-01   5.3000003E-02   1.2660000E-02   1.0000000E+00   6.7985522E+02
   1.0000000E-01   5.5000000E-02   1.2660000E-02   1.0000000E+00   7.9240826E+02
   1.0000000E-01   5.7000000E-02   1.2660000E-02   1.0000000E+00   9.3702094E+02
   1.0000000E-01   5.9000000E-02   1.2660000E-02   1.0000000E+00   1.1309073E+03
   1.0000000E-01   6.0999997E-02   1.2660000E-02   3.4500194E-01   1.7130970E+03
   1.0000000E-01   6.3000001E-02   1.2660000E-02   0.0000000E+00   2.9300000E+02
   1.0000000E-01   6.4999998E-02   1.2660000E-02   0.0000000E+00   2.9300000E+02
   1.0000000E-01   6.7000002E-02   1.2660000E-02   0.0000000E+00   2.9300000E+02
   1.0000000E-01   6.9000006E-02   1.2660000E-02   0.0000000E+00   2.9300000E+02
   1.0000000E-01   7.0999995E-02   1.2660000E-02   0.0000000E+00   2.9300000E+02
   1.0000000E-01   7.2999999E-02   1.2660000E-02   0.0000000E+00   2.9300000E+02
   1.0000000E-01   7.5000003E-02   1.2660000E-02   0.0000000E+00   2.9300000E+02
   1.0000000E-01   7.7000000E-02   1.2660000E-02   1.3061253E-02   6.0280994E+02
   1.0000000E-01   7.8999996E-02   1.2660000E-02   6.5693891E-01   5.3340424E+02
   1.0000000E-01   8.1000000E-02   1.2660000E-02   1.0000000E+00   4.8484247E+02
   1.0000000E-01   8.3000004E-02   1.2660000E-02   1.0000000E+00   4.4704028E+02
   1.0000000E-01   8.5000001E-02   1.2660000E-02   1.0000000E+00   4.1807959E+02
   1.0000000E-01   8.6999997E-02   1.2660000E-02   1.0000000E+00   3.9681378E+02
   1.0000000E-01   8.9000002E-02   1.2660000E-02   1.0000000E+00   3.8173883E+02
   1.0000000E-01   9.1000006E-02   1.2660000E-02   1.0000000E+00   3.7137494E+02
   1.0000000E-01   9.2999995E-02   1.2660000E-02   1.0000000E+00   3.6444180E+02
   1.0000000E-01   9.4999999E-02   1.2660000E-02   1.0000000E+00   3.5991736E+02
   1.0000000E-01   9.7000003E-02   1.2660000E-02   1.0000000E+00   3.5703186E+02
   1.0000000E-01   9.8999999E-02   1.2660000E-02   1.0000000E+00   3.5523117E+02
   1.0000000E-01   1.0100000E-01   1.2660000E-02   1.0000000E+00   3.5413080E+02
   1.0000000E-01   1.0300000E-01   1.2660000E-02   1.0000000E+00   3.5347226E+02
   1.0000000E-01   1.0500000E-01   1.2660000E-02   1.0000000E+00   3.5308640E+02
   1.0000000E-01   1.0700000E-01   1.2660000E-02   1.0000000E+00   3.5286542E+02
   1.0000000E-01   1.0900000E-01   1.2660000E-02   1.0000000E+00   3.5274203E+02
   1.0000000E-01   1.1100000E-01   1.2660000E-02   1.0000000E+00   3.5267523E+02
   1.0000000E-01   1.1300001E-01   1.2660000E-02   1.0000000E+00   3.5264056E+02
   1.0000000E-01   1.1499999E-01   1.2660000E-02   1.0000000E+00   3.5262363E+02
   1.0000000E-01   1.1700000E-01   1.2660000E-02   1.0000000E+00   3.5261624E+02
   1.0000000E-01   1.1900000E-01   1.2660000E-02   1.0000000E+00   3.5261374E+02
   1.0000000E-01   1.2100000E-01   1.2660000E-02   1.0000000E+00   3.5261365E+02
   1.0000000E-01   1.2633334E-01   1.2660000E-02   1.0000000E+00   3.5261649E+02
   1.0000000E-01   1.3733333E-01   1.2660000E-02   1.0000000E+00   3.5261633E+02
   1.0000000E-01   1.5200000E-01   1.2660000E-02   1.0000000E+00   3.5260190E+02
   1.0000000E-01   8.0000004E-03   1.4620000E-02   1.0000000E+00   3.5268552E+02
   1.0000000E-01   2.2666667E-02   1.4620000E-02   1.0000000E+00   3.5316037E+02
   1.0000000E-01   3.3666667E-02   1.4620000E-02   1.0000000E+00   3.5847470E+02
   1.0000000E-01   3.8999997E-02   1.4620000E-02   1.0000000E+00   3.7513715E+02
   1.0000000E-01   4.1000001E-02   1.4620000E-02   1.0000000E+00   3.8499634E+02
   1.0000000E-01   4.2999998E-02   1.4620000E-02   1.0000000E+00   3.9964532E+02
   1.0000000E-01   4.5000002E-02   1.4620000E-02   1.0000000E+00   4.2057376E+02
   1.0000000E-01   4.6999998E-02   1.4620000E-02   1.0000000E+00   4.4957333E+02
   1.0000000E-01   4.9000002E-02   1.4620000E-02   1.0000000E+00   4.8865674E+02
   1.0000000E-01   5.0999999E-02   1.4620000E-02   1.0000000E+00   5.3985291E+02
   1.0000000E-01   5.3000003E-02   1.4620000E-02   1.0000000E+00   6.0476740E+02
   1.0000000E-01   5.5000000E-02   1.4620000E-02   1.0000000E+00   6.8355841E+02
   1.0000000E-01   5.7000000E-02   1.4620000E-02   1.0000000E+00   7.7204395E+02
   1.0000000E-01   5.9000000E-02   1.4620000E-02   1.0000000E+00   8.5179535E+02
   1.0000000E-01   6.0999997E-02   1.4620000E-02   0.0000000E+00   2.9300000E+02
   1.0000000E-01   6.3000001E-02   1.4620000E-02   0.0000000E+00   2.9300000E+02
   1.0000000E-01   6.4999998E-02   1.4620000E-02   0.0000000E+00   2.9300000E+02
   1.0000000E-01   6.7000002E-02   1.4620000E-02   0.0000000E+00   2.9300000E+02
   1.0000000E-01   6.9000006E-02   1.4620000E-02   0.0000000E+00   2.9300000E+02
   1.0000000E-01   7.0999995E-02   1.4620000E-02   0.0000000E+00   2.9300000E+02
   1.0000000E-01   7.2999999E-02   1.4620000E-02   0.0000000E+00   2.9300000E+02
   1.0000000E-01   7.5000003E-02   1.4620000E-02   0.0000000E+00   2.9300000E+02
   1.0000000E-01   7.7000000E-02   1.4620000E-02   0.0000000E+00   2.9300000E+02
   1.0000000E-01   7.8999996E-02   1.4620000E-02   1.6530646E-02   4.8877219E+02
   1.0000000E-01   8.1000000E-02   1.4620000E-02   6.7346954E-01   4.4955252E+02
   1.0000000E-01   8.3000004E-02   1.4620000E-02   1.0000000E+00   4.2252609E+02
   1.0000000E-01   8.5000001E-02   1.4620000E-02   1.0000000E+00   4.0186823E+02
   1.0000000E-01   8.6999997E-02   1.4620000E-02   1.0000000E+00   3.8631412E+02
   1.0000000E-01   8.9000002E-02   1.4620000E-02   1.0000000E+00   3.7507312E+02
   1.0000000E-01   9.1000006E-02   1.4620000E-02   1.0000000E+00   3.6722540E+02
   1.0000000E-01   9.2999995E-02   1.4620000E-02   1.0000000E+00   3.6190891E+02
   1.0000000E-01   9.4999999E-02   1.4620000E-02   1.0000000E+00   3.5840265E+02
   1.0000000E-01   9.7000003E-02   1.4620000E-02   1.0000000E+00   3.5614639E+02
   1.0000000E-01   9.8999999E-02   1.4620000E-02   1.0000000E+00   3.5472766E+02
   1.0000000E-01   1.0100000E-01   1.4620000E-02   1.0000000E+00   3.5385526E+02
   1.0000000E-01   1.0300000E-01   1.4620000E-02   1.0000000E+00   3.5333051E+02
   1.0000000E-01   1.0500000E-01   1.4620000E-02   1.0000000E+00   3.5302197E+02
   1.0000000E-01   1.0700000E-01   1.4620000E-02   1.0000000E+00   3.5284503E+02
   1.0000000E-01   1.0900000E-01   1.4620000E-02   1.0000000E+00   3.5274643E+02
   1.0000000E-01   1.1100000E-01   1.4620000E-02   1.0000000E+00   3.5269342E+02
   1.0000000E-01   1.1300001E-01   1.4620000E-02   1.0000000E+00   3.5266635E+02
   1.0000000E-01   1.1499999E-01   1.4620000E-02   1.0000000E+00   3.5265363E+02
   1.0000000E-01   1.1700000E-01   1.4620000E-02   1.0000000E+00   3.5264853E+02
   1.0000000E-01   1.1900000E-01   1.4620000E-02   1.0000000E+00   3.5264737E+02
   1.0000000E-01   1.2100000E-01   1.4620000E-02   1.0000000E+00   3.5264804E+02
   1.0000000E-01   1.2633334E-01   1.4620000E-02   1.0000000E+00   3.5265201E+02
   1.0000000E-01   1.3733333E-01   1.4620000E-02   1.0000000E+00   3.5265289E+02
   1.0000000E-01   1.5200000E-01   1.4620000E-02   1.0000000E+00   3.5264075E+02
   1.0000000E-01   8.0000004E-03   1.6580001E-02   1.0000000E+00   3.5270575E+02
   1.0000000E-01   2.2666667E-02   1.6580001E-02   1.0000000E+00   3.5308450E+02
   1.0000000E-01   3.3666667E-02   1.6580001E-02   1.0000000E+00   3.5728067E+02
   1.0000000E-01   3.8999997E-02   1.6580001E-02   1.0000000E+00   3.7023892E+02
   1.0000000E-01   4.1000001E-02   1.6580001E-02   1.0000000E+00   3.7784341E+02
   1.0000000E-01   4.2999998E-02   1.6580001E-02   1.0000000E+00   3.8905832E+02
   1.0000000E-01   4.5000002E-02   1.6580001E-02   1.0000000E+00   4.0494055E+02
   1.0000000E-01   4.6999998E-02   1.6580001E-02   1.0000000E+00   4.2669327E+02
   1.0000000E-01   4.9000002E-02   1.6580001E-02   1.0000000E+00   4.5553302E+02
   1.0000000E-01   5.0999999E-02   1.6580001E-02   1.0000000E+00   4.9240051E+02
   1.0000000E-01   5.3000003E-02   1.6580001E-02   1.0000000E+00   5.3738257E+02
   1.0000000E-01   5.5000000E-02   1.6580001E-02   1.0000000E+00   5.8857306E+02
   1.0000000E-01   5.7000000E-02   1.6580001E-02   1.0000000E+00   6.3984344E+02
   1.0000000E-01   5.9000000E-02   1.6580001E-02   1.0000000E+00   6.7699384E+02
   1.0000000E-01   6.0999997E-02   1.6580001E-02   0.0000000E+00   2.9300000E+02
   1.0000000E-01   6.3000001E-02   1.6580001E-02   0.0000000E+00   2.9300000E+02
   1.0000000E-01   6.4999998E-02   1.6580001E-02   0.0000000E+00   2.9300000E+02
   1.0000000E-01   6.7000002E-02   1.6580001E-02   0.0000000E+00   2.9300000E+02
   1.0000000E-01   6.9000006E-02   1.6580001E-02   0.0000000E+00   2.9300000E+02
   1.0000000E-01   7.0999995E-02   1.6580001E-02   0.0000000E+00   2.9300000E+02
   1.0000000E-01   7.2999999E-02   1.6580001E-02   0.0000000E+00   2.9300000E+02
   1.0000000E-01   7.5000003E-02   1.6580001E-02   0.0000000E+00   2.9300000E+02
   1.0000000E-01   7.7000000E-02   1.6580001E-02   0.0000000E+00   2.9300000E+02
   1.0000000E-01   7.8999996E-02   1.6580001E-02   0.0000000E+00   2.9300000E+02
   1.0000000E-01   8.1000000E-02   1.6580001E-02   2.0408200E-02   4.2394794E+02
   1.0000000E-01   8.3000004E-02   1.6580001E-02   6.8959200E-01   4.0243954E+02
   1.0000000E-01   8.5000001E-02   1.6580001E-02   1.0000000E+00   3.8801819E+02
   1.0000000E-01   8.6999997E-02   1.6580001E-02   1.0000000E+00   3.7721481E+02
   1.0000000E-01   8.9000002E-02   1.6580001E-02   1.0000000E+00   3.6922974E+02
   1.0000000E-01   9.1000006E-02   1.6580001E-02   1.0000000E+00   3.6355139E+02
   1.0000000E-01   9.2999995E-02   1.6580001E-02   1.0000000E+00   3.5964529E+02
   1.0000000E-01   9.4999999E-02   1.6580001E-02   1.0000000E+00   3.5703598E+02
   1.0000000E-01   9.7000003E-02   1.6580001E-02   1.0000000E+00   3.5533878E+02
   1.0000000E-01   9.8999999E-02   1.6580001E-02   1.0000000E+00   3.5426196E+02
   1.0000000E-01   1.0100000E-01   1.6580001E-02   1.0000000E+00   3.5359494E+02
   1.0000000E-01   1.0300000E-01   1.6580001E-02   1.0000000E+00   3.5319153E+02
   1.0000000E-01   1.0500000E-01   1.6580001E-02   1.0000000E+00   3.5295358E+02
   1.0000000E-01   1.0700000E-01   1.6580001E-02   1.0000000E+00   3.5281708E+02
   1.0000000E-01   1.0900000E-01   1.6580001E-02   1.0000000E+00   3.5274130E+02
   1.0000000E-01   1.1100000E-01   1.6580001E-02   1.0000000E+00   3.5270111E+02
   1.0000000E-01   1.1300001E-01   1.6580001E-02   1.0000000E+00   3.5268115E+02
   1.0000000E-01   1.1499999E-01   1.6580001E-02   1.0000000E+00   3.5267239E+02
   1.0000000E-01   1.1700000E-01   1.6580001E-02   1.0000000E+00   3.5266956E+02
   1.0000000E-01   1.1900000E-01   1.6580001E-02   1.0000000E+00   3.5266965E+02
   1.0000000E-01   1.2100000E-01   1.6580001E-02   1.0000000E+00   3.5267108E+02
   1.0000000E-01   1.2633334E-01   1.6580001E-02   1.0000000E+00   3.5267624E+02
   1.0000000E-01   1.3733333E-01   1.6580001E-02   1.0000000E+00   3.5267816E+02
   1.0000000E-01   1.5200000E-01   1.6580001E-02   1.0000000E+00   3.5266791E+02
   1.0000000E-01   8.0000004E-03   1.8539999E-02   1.0000000E+00   3.5271533E+02
   1.0000000E-01   2.2666667E-02   1.8539999E-02   1.0000000E+00   3.5300946E+02
   1.0000000E-01   3.3666667E-02   1.8539999E-02   1.0000000E+00   3.5623557E+02
   1.0000000E-01   3.8999997E-02   1.8539999E-02   1.0000000E+00   3.6602066E+02
   1.0000000E-01   4.1000001E-02   1.8539999E-02   1.0000000E+00   3.7169910E+02
   1.0000000E-01   4.2999998E-02   1.8539999E-02   1.0000000E+00   3.7998828E+02
   1.0000000E-01   4.5000002E-02   1.8539999E-02   1.0000000E+00   3.9158948E+02
   1.0000000E-01   4.6999998E-02   1.8539999E-02   1.0000000E+00   4.0724240E+02
   1.0000000E-01   4.9000002E-02   1.8539999E-02   1.0000000E+00   4.2758499E+02
   1.0000000E-01   5.0999999E-02   1.8539999E-02   1.0000000E+00   4.5288373E+02
   1.0000000E-01   5.3000003E-02   1.8539999E-02   1.0000000E+00   4.8256284E+02
   1.0000000E-01   5.5000000E-02   1.8539999E-02   1.0000000E+00   5.1445569E+02
   1.0000000E-01   5.7000000E-02   1.8539999E-02   1.0000000E+00   5.4380573E+02
   1.0000000E-01   5.9000000E-02   1.8539999E-02   1.0000000E+00   5.6260760E+02
   1.0000000E-01   6.0999997E-02   1.8539999E-02   0.0000000E+00   2.9300000E+02
   1.0000000E-01   6.3000001E-02   1.8539999E-02   0.0000000E+00   2.9300000E+02
   1.0000000E-01   6.4999998E-02   1.8539999E-02   0.0000000E+00   2.9300000E+02
   1.0000000E-01   6.7000002E-02   1.8539999E-02   0.0000000E+00   2.9300000E+02
   1.0000000E-01   6.9000006E-02   1.8539999E-02   0.0000000E+00   2.9300000E+02
   1.0000000E-01   7.0999995E-02   1.8539999E-02   0.0000000E+00   2.9300000E+02
   1.0000000E-01   7.2999999E-02   1.8539999E-02   0.0000000E+00   2.9300000E+02
   1.0000000E-01   7.5000003E-02   1.8539999E-02   0.0000000E+00   2.9300000E+02
   1.0000000E-01   7.7000000E-02   1.8539999E-02   0.0000000E+00   2.9300000E+02
   1.0000000E-01   7.8999996E-02   1.8539999E-02   0.0000000E+00   2.9300000E+02
   1.0000000E-01   8.1000000E-02   1.8539999E-02   0.0000000E+00   2.9300000E+02
   1.0000000E-01   8.3000004E-02   1.8539999E-02   2.4693917E-02   3.8845074E+02
   1.0000000E-01   8.5000001E-02   1.8539999E-02   7.0530623E-01   3.7716608E+02
   1.0000000E-01   8.6999997E-02   1.8539999E-02   1.0000000E+00   3.6981384E+02
   1.0000000E-01   8.9000002E-02   1.8539999E-02   1.0000000E+00   3.6440668E+02
   1.0000000E-01   9.1000006E-02   1.8539999E-02   1.0000000E+00   3.6047925E+02
   1.0000000E-01   9.2999995E-02   1.8539999E-02   1.0000000E+00   3.5772949E+02
   1.0000000E-01   9.4999999E-02   1.8539999E-02   1.0000000E+00   3.5586530E+02
   1.0000000E-01   9.7000003E-02   1.8539999E-02   1.0000000E+00   3.5463770E+02
   1.0000000E-01   9.8999999E-02   1.8539999E-02   1.0000000E+00   3.5385098E+02
   1.0000000E-01   1.0100000E-01   1.8539999E-02   1.0000000E+00   3.5335977E+02
   1.0000000E-01   1.0300000E-01   1.8539999E-02   1.0000000E+00   3.5306107E+02
   1.0000000E-01   1.0500000E-01   1.8539999E-02   1.0000000E+00   3.5288443E+02
   1.0000000E-01   1.0700000E-01   1.8539999E-02   1.0000000E+00   3.5278333E+02
   1.0000000E-01   1.0900000E-01   1.8539999E-02   1.0000000E+00   3.5272772E+02
   1.0000000E-01   1.1100000E-01   1.8539999E-02   1.0000000E+00   3.5269891E+02
   1.0000000E-01   1.1300001E-01   1.8539999E-02   1.0000000E+00   3.5268536E+02
   1.0000000E-01   1.1499999E-01   1.8539999E-02   1.0000000E+00   3.5268021E+02
   1.0000000E-01   1.1700000E-01   1.8539999E-02   1.0000000E+00   3.5267944E+02
   1.0000000E-01   1.1900000E-01   1.8539999E-02   1.0000000E+00   3.5268076E+02
   1.0000000E-01   1.2100000E-01   1.8539999E-02   1.0000000E+00   3.5268292E+02
   1.0000000E-01   1.2633334E-01   1.8539999E-02   1.0000000E+00   3.5268927E+02
   1.0000000E-01   1.3733333E-01   1.8539999E-02   1.0000000E+00   3.5269223E+02
   1.0000000E-01   1.5200000E-01   1.8539999E-02   1.0000000E+00   3.5268344E+02
   1.0000000E-01   8.0000004E-03   2.0500001E-02   1.0000000E+00   3.5271445E+02
   1.0000000E-01   2.2666667E-02   2.0500001E-02   1.0000000E+00   3.5293658E+02
   1.0000000E-01   3.3666667E-02   2.0500001E-02   1.0000000E+00   3.5535132E+02
   1.0000000E-01   3.8999997E-02   2.0500001E-02   1.0000000E+00   3.6252771E+02
   1.0000000E-01   4.1000001E-02   2.0500001E-02   1.0000000E+00   3.6663669E+02
   1.0000000E-01   4.2999998E-02   2.0500001E-02   1.0000000E+00   3.7256174E+02
   1.0000000E-01   4.5000002E-02   2.0500001E-02   1.0000000E+00   3.8074048E+02
   1.0000000E-01   4.6999998E-02   2.0500001E-02   1.0000000E+00   3.9159061E+02
   1.0000000E-01   4.9000002E-02   2.0500001E-02   1.0000000E+00   4.0539261E+02
   1.0000000E-01   5.0999999E-02   2.0500001E-02   1.0000000E+00   4.2208893E+02
   1.0000000E-01   5.3000003E-02   2.0500001E-02   1.0000000E+00   4.4098001E+02
   1.0000000E-01   5.5000000E-02   2.0500001E-02   1.0000000E+00   4.6034009E+02
   1.0000000E-01   5.7000000E-02   2.0500001E-02   1.0000000E+00   4.7710440E+02
   1.0000000E-01   5.9000000E-02   2.0500001E-02   1.0000000E+00   4.8708167E+02
   1.0000000E-01   6.0999997E-02   2.0500001E-02   0.0000000E+00   2.9300000E+02
   1.0000000E-01   6.3000001E-02   2.0500001E-02   0.0000000E+00   2.9300000E+02
   1.0000000E-01   6.4999998E-02   2.0500001E-02   0.0000000E+00   2.9300000E+02
   1.0000000E-01   6.7000002E-02   2.0500001E-02   0.0000000E+00   2.9300000E+02
   1.0000000E-01   6.9000006E-02   2.0500001E-02   0.0000000E+00   2.9300000E+02
   1.0000000E-01   7.0999995E-02   2.0500001E-02   0.0000000E+00   2.9300000E+02
   1.0000000E-01   7.2999999E-02   2.0500001E-02   0.0000000E+00   2.9300000E+02
   1.0000000E-01   7.5000003E-02   2.0500001E-02   0.0000000E+00   2.9300000E+02
   1.0000000E-01   7.7000000E-02   2.0500001E-02   0.0000000E+00   2.9300000E+02
   1.0000000E-01   7.8999996E-02   2.0500001E-02   0.0000000E+00   2.9300000E+02
   1.0000000E-01   8.1000000E-02   2.0500001E-02   0.0000000E+00   2.9300000E+02
   1.0000000E-01   8.3000004E-02   2.0500001E-02   0.0000000E+00   2.9300000E+02
   1.0000000E-01   8.5000001E-02   2.0500001E-02   2.9387798E-02   3.6988205E+02
   1.0000000E-01   8.6999997E-02   2.0500001E-02   7.2061241E-01   3.6422067E+02
   1.0000000E-01   8.9000002E-02   2.0500001E-02   1.0000000E+00   3.6063379E+02
   1.0000000E-01   9.1000006E-02   2.0500001E-02   1.0000000E+00   3.5803867E+02
   1.0000000E-01   9.2999995E-02   2.0500001E-02   1.0000000E+00   3.5618503E+02
   1.0000000E-01   9.4999999E-02   2.0500001E-02   1.0000000E+00   3.5490738E+02
   1.0000000E-01   9.7000003E-02   2.0500001E-02   1.0000000E+00   3.5405457E+02
   1.0000000E-01   9.8999999E-02   2.0500001E-02   1.0000000E+00   3.5350208E+02
   1.0000000E-01   1.0100000E-01   2.0500001E-02   1.0000000E+00   3.5315436E+02
   1.0000000E-01   1.0300000E-01   2.0500001E-02   1.0000000E+00   3.5294189E+02
   1.0000000E-01   1.0500000E-01   2.0500001E-02   1.0000000E+00   3.5281625E+02
   1.0000000E-01   1.0700000E-01   2.0500001E-02   1.0000000E+00   3.5274478E+02
   1.0000000E-01   1.0900000E-01   2.0500001E-02   1.0000000E+00   3.5270627E+02
   1.0000000E-01   1.1100000E-01   2.0500001E-02   1.0000000E+00   3.5268719E+02
   1.0000000E-01   1.1300001E-01   2.0500001E-02   1.0000000E+00   3.5267920E+02
   1.0000000E-01   1.1499999E-01   2.0500001E-02   1.0000000E+00   3.5267722E+02
   1.0000000E-01   1.1700000E-01   2.0500001E-02   1.0000000E+00   3.5267831E+02
   1.0000000E-01   1.1900000E-01   2.0500001E-02   1.0000000E+00   3.5268073E+02
   1.0000000E-01   1.2100000E-01   2.0500001E-02   1.0000000E+00   3.5268359E+02
   1.0000000E-01   1.2633334E-01   2.0500001E-02   1.0000000E+00   3.5269113E+02
   1.0000000E-01   1.3733333E-01   2.0500001E-02   1.0000000E+00   3.5269510E+02
   1.0000000E-01   1.5200000E-01   2.0500001E-02   1.0000000E+00   3.5268744E+02
   1.0000000E-01   8.0000004E-03   2.2459999E-02   1.0000000E+00   3.5270306E+02
   1.0000000E-01   2.2666667E-02   2.2459999E-02   1.0000000E+00   3.5286600E+02
   1.0000000E-01   3.3666667E-02   2.2459999E-02   1.0000000E+00   3.5462527E+02
   1.0000000E-01   3.8999997E-02   2.2459999E-02   1.0000000E+00   3.5974020E+02
   1.0000000E-01   4.1000001E-02   2.2459999E-02   1.0000000E+00   3.6262552E+02
   1.0000000E-01   4.2999998E-02   2.2459999E-02   1.0000000E+00   3.6673010E+02
   1.0000000E-01   4.5000002E-02   2.2459999E-02   1.0000000E+00   3.7231213E+02
   1.0000000E-01   4.6999998E-02   2.2459999E-02   1.0000000E+00   3.7958774E+02
   1.0000000E-01   4.9000002E-02   2.2459999E-02   1.0000000E+00   3.8864624E+02
   1.0000000E-01   5.0999999E-02   2.2459999E-02   1.0000000E+00   3.9932050E+02
   1.0000000E-01   5.3000003E-02   2.2459999E-02   1.0000000E+00   4.1101746E+02
   1.0000000E-01   5.5000000E-02   2.2459999E-02   1.0000000E+00   4.2255258E+02
   1.0000000E-01   5.7000000E-02   2.2459999E-02   1.0000000E+00   4.3210693E+02
   1.0000000E-01   5.9000000E-02   2.2459999E-02   1.0000000E+00   4.3752463E+02
   1.0000000E-01   6.0999997E-02   2.2459999E-02   0.0000000E+00   2.9300000E+02
   1.0000000E-01   6.3000001E-02   2.2459999E-02   0.0000000E+00   2.9300000E+02
   1.0000000E-01   6.4999998E-02   2.2459999E-02   0.0000000E+00   2.9300000E+02
   1.0000000E-01   6.7000002E-02   2.2459999E-02   0.0000000E+00   2.9300000E+02
   1.0000000E-01   6.9000006E-02   2.2459999E-02   0.0000000E+00   2.9300000E+02
   1.0000000E-01   7.0999995E-02   2.2459999E-02   0.0000000E+00   2.9300000E+02
   1.0000000E-01   7.2999999E-02   2.2459999E-02   0.0000000E+00   2.9300000E+02
   1.0000000E-01   7.5000003E-02   2.2459999E-02   0.0000000E+00   2.9300000E+02
   1.0000000E-01   7.7000000E-02   2.2459999E-02   0.0000000E+00   2.9300000E+02
   1.0000000E-01   7.8999996E-02   2.2459999E-02   0.0000000E+00   2.9300000E+02
   1.0000000E-01   8.1000000E-02   2.2459999E-02   0.0000000E+00   2.9300000E+02
   1.0000000E-01   8.3000004E-02   2.2459999E-02   0.0000000E+00   2.9300000E+02
   1.0000000E-01   8.5000001E-02   2.2459999E-02   0.0000000E+00   2.9300000E+02
   1.0000000E-01   8.6999997E-02   2.2459999E-02   3.4489844E-02   3.6058450E+02
   1.0000000E-01   8.9000002E-02   2.2459999E-02   7.3551035E-01   3.5786099E+02
   1.0000000E-01   9.1000006E-02   2.2459999E-02   1.0000000E+00   3.5618600E+02
   1.0000000E-01   9.2999995E-02   2.2459999E-02   1.0000000E+00   3.5499216E+02
   1.0000000E-01   9.4999999E-02   2.2459999E-02   1.0000000E+00   3.5415402E+02
   1.0000000E-01   9.7000003E-02   2.2459999E-02   1.0000000E+00   3.5358636E+02
   1.0000000E-01   9.8999999E-02   2.2459999E-02   1.0000000E+00   3.5321448E+02
   1.0000000E-01   1.0100000E-01   2.2459999E-02   1.0000000E+00   3.5297873E+02
   1.0000000E-01   1.0300000E-01   2.2459999E-02   1.0000000E+00   3.5283429E+02
   1.0000000E-01   1.0500000E-01   2.2459999E-02   1.0000000E+00   3.5274927E+02
   1.0000000E-01   1.0700000E-01   2.2459999E-02   1.0000000E+00   3.5270172E+02
   1.0000000E-01   1.0900000E-01   2.2459999E-02   1.0000000E+00   3.5267709E+02
   1.0000000E-01   1.1100000E-01   2.2459999E-02   1.0000000E+00   3.5266608E+02
   1.0000000E-01   1.1300001E-01   2.2459999E-02   1.0000000E+00   3.5266272E+02
   1.0000000E-01   1.1499999E-01   2.2459999E-02   1.0000000E+00   3.5266348E+02
   1.0000000E-01   1.1700000E-01   2.2459999E-02   1.0000000E+00   3.5266620E+02
   1.0000000E-01   1.1900000E-01   2.2459999E-02   1.0000000E+00   3.5266968E+02
   1.0000000E-01   1.2100000E-01   2.2459999E-02   1.0000000E+00   3.5267319E+02
   1.0000000E-01   1.2633334E-01   2.2459999E-02   1.0000000E+00   3.5268188E+02
   1.0000000E-01   1.3733333E-01   2.2459999E-02   1.0000000E+00   3.5268680E+02
   1.0000000E-01   1.5200000E-01   2.2459999E-02   1.0000000E+00   3.5267990E+02
   1.0000000E-01   8.0000004E-03   2.4420001E-02   1.0000000E+00   3.5268115E+02
   1.0000000E-01   2.2666667E-02   2.4420001E-02   1.0000000E+00   3.5279688E+02
   1.0000000E-01   3.3666667E-02   2.4420001E-02   1.0000000E+00   3.5404391E+02
   1.0000000E-01   3.8999997E-02   2.4420001E-02   1.0000000E+00   3.5758926E+02
   1.0000000E-01   4.1000001E-02   2.4420001E-02   1.0000000E+00   3.5955820E+02
   1.0000000E-01   4.2999998E-02   2.4420001E-02   1.0000000E+00   3.6231985E+02
   1.0000000E-01   4.5000002E-02   2.4420001E-02   1.0000000E+00   3.6601877E+02
   1.0000000E-01   4.6999998E-02   2.4420001E-02   1.0000000E+00   3.7075592E+02
   1.0000000E-01   4.9000002E-02   2.4420001E-02   1.0000000E+00   3.7653342E+02
   1.0000000E-01   5.0999999E-02   2.4420001E-02   1.0000000E+00   3.8317880E+02
   1.0000000E-01   5.3000003E-02   2.4420001E-02   1.0000000E+00   3.9026019E+02
   1.0000000E-01   5.5000000E-02   2.4420001E-02   1.0000000E+00   3.9702716E+02
   1.0000000E-01   5.7000000E-02   2.4420001E-02   1.0000000E+00   4.0244461E+02
   1.0000000E-01   5.9000000E-02   2.4420001E-02   1.0000000E+00   4.0540411E+02
   1.0000000E-01   6.0999997E-02   2.4420001E-02   0.0000000E+00   2.9300000E+02
   1.0000000E-01   6.3000001E-02   2.4420001E-02   0.0000000E+00   2.9300000E+02
   1.0000000E-01   6.4999998E-02   2.4420001E-02   0.0000000E+00   2.9300000E+02
   1.0000000E-01   6.7000002E-02   2.4420001E-02   0.0000000E+00   2.9300000E+02
   1.0000000E-01   6.9000006E-02   2.4420001E-02   0.0000000E+00   2.9300000E+02
   1.0000000E-01   7.0999995E-02   2.4420001E-02   0.0000000E+00   2.9300000E+02
   1.0000000E-01   7.2999999E-02   2.4420001E-02   0.0000000E+00   2.9300000E+02
   1.0000000E-01   7.5000003E-02   2.4420001E-02   0.0000000E+00   2.9300000E+02
   1.0000000E-01   7.7000000E-02   2.4420001E-02   0.0000000E+00   2.9300000E+02
   1.0000000E-01   7.8999996E-02   2.4420001E-02   0.0000000E+00   2.9300000E+02
   1.0000000E-01   8.1000000E-02   2.4420001E-02   0.0000000E+00   2.9300000E+02
   1.0000000E-01   8.3000004E-02   2.4420001E-02   0.0000000E+00   2.9300000E+02
   1.0000000E-01   8.5000001E-02   2.4420001E-02   0.0000000E+00   2.9300000E+02
   1.0000000E-01   8.6999997E-02   2.4420001E-02   0.0000000E+00   2.9300000E+02
   1.0000000E-01   8.9000002E-02   2.4420001E-02   4.0000051E-02   3.5610715E+02
   1.0000000E-01   9.1000006E-02   2.4420001E-02   7.5000012E-01   3.5484888E+02
   1.0000000E-01   9.2999995E-02   2.4420001E-02   1.0000000E+00   3.5410385E+02
   1.0000000E-01   9.4999999E-02   2.4420001E-02   1.0000000E+00   3.5358029E+02
   1.0000000E-01   9.7000003E-02   2.4420001E-02   1.0000000E+00   3.5322012E+02
   1.0000000E-01   9.8999999E-02   2.4420001E-02   1.0000000E+00   3.5298160E+02
   1.0000000E-01   1.0100000E-01   2.4420001E-02   1.0000000E+00   3.5282959E+02
   1.0000000E-01   1.0300000E-01   2.4420001E-02   1.0000000E+00   3.5273666E+02
   1.0000000E-01   1.0500000E-01   2.4420001E-02   1.0000000E+00   3.5268274E+02
   1.0000000E-01   1.0700000E-01   2.4420001E-02   1.0000000E+00   3.5265372E+02
   1.0000000E-01   1.0900000E-01   2.4420001E-02   1.0000000E+00   3.5264005E+02
   1.0000000E-01   1.1100000E-01   2.4420001E-02   1.0000000E+00   3.5263547E+02
   1.0000000E-01   1.1300001E-01   2.4420001E-02   1.0000000E+00   3.5263596E+02
   1.0000000E-01   1.1499999E-01   2.4420001E-02   1.0000000E+00   3.5263901E+02
   1.0000000E-01   1.1700000E-01   2.4420001E-02   1.0000000E+00   3.5264316E+02
   1.0000000E-01   1.1900000E-01   2.4420001E-02   1.0000000E+00   3.5264755E+02
   1.0000000E-01   1.2100000E-01   2.4420001E-02   1.0000000E+00   3.5265167E+02
   1.0000000E-01   1.2633334E-01   2.4420001E-02   1.0000000E+00   3.5266150E+02
   1.0000000E-01   1.3733333E-01   2.4420001E-02   1.0000000E+00   3.5266730E+02
   1.0000000E-01   1.5200000E-01   2.4420001E-02   1.0000000E+00   3.5266086E+02
   1.0000000E-01   8.0000004E-03   2.6379999E-02   1.0000000E+00   3.5264859E+02
   1.0000000E-01   2.2666667E-02   2.6379999E-02   1.0000000E+00   3.5272778E+02
   1.0000000E-01   3.3666667E-02   2.6379999E-02   1.0000000E+00   3.5358685E+02
   1.0000000E-01   3.8999997E-02   2.6379999E-02   1.0000000E+00   3.5597791E+02
   1.0000000E-01   4.1000001E-02   2.6379999E-02   1.0000000E+00   3.5728513E+02
   1.0000000E-01   4.2999998E-02   2.6379999E-02   1.0000000E+00   3.5909290E+02
   1.0000000E-01   4.5000002E-02   2.6379999E-02   1.0000000E+00   3.6147815E+02
   1.0000000E-01   4.6999998E-02   2.6379999E-02   1.0000000E+00   3.6448160E+02
   1.0000000E-01   4.9000002E-02   2.6379999E-02   1.0000000E+00   3.6807440E+02
   1.0000000E-01   5.0999999E-02   2.6379999E-02   1.0000000E+00   3.7211710E+02
   1.0000000E-01   5.3000003E-02   2.6379999E-02   1.0000000E+00   3.7632074E+02
   1.0000000E-01   5.5000000E-02   2.6379999E-02   1.0000000E+00   3.8023233E+02
   1.0000000E-01   5.7000000E-02   2.6379999E-02   1.0000000E+00   3.8327634E+02
   1.0000000E-01   5.9000000E-02   2.6379999E-02   1.0000000E+00   3.8488040E+02
   1.0000000E-01   6.0999997E-02   2.6379999E-02   0.0000000E+00   2.9300000E+02
   1.0000000E-01   6.3000001E-02   2.6379999E-02   0.0000000E+00   2.9300000E+02
   1.0000000E-01   6.4999998E-02   2.6379999E-02   0.0000000E+00   2.9300000E+02
   1.0000000E-01   6.7000002E-02   2.6379999E-02   0.0000000E+00   2.9300000E+02
   1.0000000E-01   6.9000006E-02   2.6379999E-02   0.0000000E+00   2.9300000E+02
   1.0000000E-01   7.0999995E-02   2.6379999E-02   0.0000000E+00   2.9300000E+02
   1.0000000E-01   7.2999999E-02   2.6379999E-02   0.0000000E+00   2.9300000E+02
   1.0000000E-01   7.5000003E-02   2.6379999E-02   0.0000000E+00   2.9300000E+02
   1.0000000E-01   7.7000000E-02   2.6379999E-02   0.0000000E+00   2.9300000E+02
   1.0000000E-01   7.8999996E-02   2.6379999E-02   0.0000000E+00   2.9300000E+02
   1.0000000E-01   8.1000000E-02   2.6379999E-02   0.0000000E+00   2.9300000E+02
   1.0000000E-01   8.3000004E-02   2.6379999E-02   0.0000000E+00   2.9300000E+02
   1.0000000E-01   8.5000001E-02   2.6379999E-02   0.0000000E+00   2.9300000E+02
   1.0000000E-01   8.6999997E-02   2.6379999E-02   0.0000000E+00   2.9300000E+02
   1.0000000E-01   8.9000002E-02   2.6379999E-02   0.0000000E+00   2.9300000E+02
   1.0000000E-01   9.1000006E-02   2.6379999E-02   4.5918424E-02   3.5402176E+02
   1.0000000E-01   9.2999995E-02   2.6379999E-02   7.6408178E-01   3.5346384E+02
   1.0000000E-01   9.4999999E-02   2.6379999E-02   1.0000000E+00   3.5315314E+02
   1.0000000E-01   9.7000003E-02   2.6379999E-02   1.0000000E+00   3.5293768E+02
   1.0000000E-01   9.8999999E-02   2.6379999E-02   1.0000000E+00   3.5279367E+02
   1.0000000E-01   1.0100000E-01   2.6379999E-02   1.0000000E+00   3.5270178E+02
   1.0000000E-01   1.0300000E-01   2.6379999E-02   1.0000000E+00   3.5264627E+02
   1.0000000E-01   1.0500000E-01   2.6379999E-02   1.0000000E+00   3.5261520E+02
   1.0000000E-01   1.0700000E-01   2.6379999E-02   1.0000000E+00   3.5260004E+02
   1.0000000E-01   1.0900000E-01   2.6379999E-02   1.0000000E+00   3.5259470E+02
   1.0000000E-01   1.1100000E-01   2.6379999E-02   1.0000000E+00   3.5259515E+02
   1.0000000E-01   1.1300001E-01   2.6379999E-02   1.0000000E+00   3.5259872E+02
   1.0000000E-01   1.1499999E-01   2.6379999E-02   1.0000000E+00   3.5260373E+02
   1.0000000E-01   1.1700000E-01   2.6379999E-02   1.0000000E+00   3.5260913E+02
   1.0000000E-01   1.1900000E-01   2.6379999E-02   1.0000000E+00   3.5261432E+02
   1.0000000E-01   1.2100000E-01   2.6379999E-02   1.0000000E+00   3.5261905E+02
   1.0000000E-01   1.2633334E-01   2.6379999E-02   1.0000000E+00   3.5262991E+02
   1.0000000E-01   1.3733333E-01   2.6379999E-02   1.0000000E+00   3.5263654E+02
   1.0000000E-01   1.5200000E-01   2.6379999E-02   1.0000000E+00   3.5263022E+02
   1.0000000E-01   8.0000004E-03   2.8340001E-02   1.0000000E+00   3.5260522E+02
   1.0000000E-01   2.2666667E-02   2.8340001E-02   1.0000000E+00   3.5265695E+02
   1.0000000E-01   3.3666667E-02   2.8340001E-02   1.0000000E+00   3.5323093E+02
   1.0000000E-01   3.8999997E-02   2.8340001E-02   1.0000000E+00   3.5480002E+02
   1.0000000E-01   4.1000001E-02   2.8340001E-02   1.0000000E+00   3.5564499E+02
   1.0000000E-01   4.2999998E-02   2.8340001E-02   1.0000000E+00   3.5679758E+02
   1.0000000E-01   4.5000002E-02   2.8340001E-02   1.0000000E+00   3.5829660E+02
   1.0000000E-01   4.6999998E-02   2.8340001E-02   1.0000000E+00   3.6015424E+02
   1.0000000E-01   4.9000002E-02   2.8340001E-02   1.0000000E+00   3.6233688E+02
   1.0000000E-01   5.0999999E-02   2.8340001E-02   1.0000000E+00   3.6474420E+02
   1.0000000E-01   5.3000003E-02   2.8340001E-02   1.0000000E+00   3.6719312E+02
   1.0000000E-01   5.5000000E-02   2.8340001E-02   1.0000000E+00   3.6941840E+02
   1.0000000E-01   5.7000000E-02   2.8340001E-02   1.0000000E+00   3.7110419E+02
   1.0000000E-01   5.9000000E-02   2.8340001E-02   1.0000000E+00   3.7195328E+02
   1.0000000E-01   6.0999997E-02   2.8340001E-02   0.0000000E+00   2.9300000E+02
   1.0000000E-01   6.3000001E-02   2.8340001E-02   0.0000000E+00   2.9300000E+02
   1.0000000E-01   6.4999998E-02   2.8340001E-02   0.0000000E+00   2.9300000E+02
   1.0000000E-01   6.7000002E-02   2.8340001E-02   0.0000000E+00   2.9300000E+02
   1.0000000E-01   6.9000006E-02   2.8340001E-02   0.0000000E+00   2.9300000E+02
   1.0000000E-01   7.0999995E-02   2.8340001E-02   0.0000000E+00   2.9300000E+02
   1.0000000E-01   7.2999999E-02   2.8340001E-02   0.0000000E+00   2.9300000E+02
   1.0000000E-01   7.5000003E-02   2.8340001E-02   0.0000000E+00   2.9300000E+02
   1.0000000E-01   7.7000000E-02   2.8340001E-02   0.0000000E+00   2.9300000E+02
   1.0000000E-01   7.8999996E-02   2.8340001E-02   0.0000000E+00   2.9300000E+02
   1.0000000E-01   8.1000000E-02   2.8340001E-02   0.0000000E+00   2.9300000E+02
   1.0000000E-01   8.3000004E-02   2.8340001E-02   0.0000000E+00   2.9300000E+02
   1.0000000E-01   8.5000001E-02   2.8340001E-02   0.0000000E+00   2.9300000E+02
   1.0000000E-01   8.6999997E-02   2.8340001E-02   0.0000000E+00   2.9300000E+02
   1.0000000E-01   8.9000002E-02   2.8340001E-02   0.0000000E+00   2.9300000E+02
   1.0000000E-01   9.1000006E-02   2.8340001E-02   0.0000000E+00   2.9300000E+02
   1.0000000E-01   9.2999995E-02   2.8340001E-02   5.2244958E-02   3.5307297E+02
   1.0000000E-01   9.4999999E-02   2.8340001E-02   7.7775520E-01   3.5283585E+02
   1.0000000E-01   9.7000003E-02   2.8340001E-02   1.0000000E+00   3.5271960E+02
   1.0000000E-01   9.8999999E-02   2.8340001E-02   1.0000000E+00   3.5263980E+02
   1.0000000E-01   1.0100000E-01   2.8340001E-02   1.0000000E+00   3.5258926E+02
   1.0000000E-01   1.0300000E-01   2.8340001E-02   1.0000000E+00   3.5255975E+02
   1.0000000E-01   1.0500000E-01   2.8340001E-02   1.0000000E+00   3.5254480E+02
   1.0000000E-01   1.0700000E-01   2.8340001E-02   1.0000000E+00   3.5253958E+02
   1.0000000E-01   1.0900000E-01   2.8340001E-02   1.0000000E+00   3.5254047E+02
   1.0000000E-01   1.1100000E-01   2.8340001E-02   1.0000000E+00   3.5254483E+02
   1.0000000E-01   1.1300001E-01   2.8340001E-02   1.0000000E+00   3.5255090E+02
   1.0000000E-01   1.1499999E-01   2.8340001E-02   1.0000000E+00   3.5255756E+02
   1.0000000E-01   1.1700000E-01   2.8340001E-02   1.0000000E+00   3.5256403E+02
   1.0000000E-01   1.1900000E-01   2.8340001E-02   1.0000000E+00   3.5256998E+02
   1.0000000E-01   1.2100000E-01   2.8340001E-02   1.0000000E+00   3.5257523E+02
   1.0000000E-01   1.2633334E-01   2.8340001E-02   1.0000000E+00   3.5258710E+02
   1.0000000E-01   1.3733333E-01   2.8340001E-02   1.0000000E+00   3.5259445E+02
   1.0000000E-01   1.5200000E-01   2.8340001E-02   1.0000000E+00   3.5258792E+02
   1.0000000E-01   8.0000004E-03   3.0299999E-02   1.0000000E+00   3.5255087E+02
   1.0000000E-01   2.2666667E-02   3.0299999E-02   1.0000000E+00   3.5258252E+02
   1.0000000E-01   3.3666667E-02   3.0299999E-02   1.0000000E+00   3.5295316E+02
   1.0000000E-01   3.8999997E-02   3.0299999E-02   1.0000000E+00   3.5395480E+02
   1.0000000E-01   4.1000001E-02   3.0299999E-02   1.0000000E+00   3.5448660E+02
   1.0000000E-01   4.2999998E-02   3.0299999E-02   1.0000000E+00   3.5520270E+02
   1.0000000E-01   4.5000002E-02   3.0299999E-02   1.0000000E+00   3.5612143E+02
   1.0000000E-01   4.6999998E-02   3.0299999E-02   1.0000000E+00   3.5724310E+02
   1.0000000E-01   4.9000002E-02   3.0299999E-02   1.0000000E+00   3.5853922E+02
   1.0000000E-01   5.0999999E-02   3.0299999E-02   1.0000000E+00   3.5994250E+02
   1.0000000E-01   5.3000003E-02   3.0299999E-02   1.0000000E+00   3.6134103E+02
   1.0000000E-01   5.5000000E-02   3.0299999E-02   1.0000000E+00   3.6258255E+02
   1.0000000E-01   5.7000000E-02   3.0299999E-02   1.0000000E+00   3.6349484E+02
   1.0000000E-01   5.9000000E-02   3.0299999E-02   1.0000000E+00   3.6392245E+02
   1.0000000E-01   6.0999997E-02   3.0299999E-02   0.0000000E+00   2.9300000E+02
   1.0000000E-01   6.3000001E-02   3.0299999E-02   0.0000000E+00   2.9300000E+02
   1.0000000E-01   6.4999998E-02   3.0299999E-02   0.0000000E+00   2.9300000E+02
   1.0000000E-01   6.7000002E-02   3.0299999E-02   0.0000000E+00   2.9300000E+02
   1.0000000E-01   6.9000006E-02   3.0299999E-02   0.0000000E+00   2.9300000E+02
   1.0000000E-01   7.0999995E-02   3.0299999E-02   0.0000000E+00   2.9300000E+02
   1.0000000E-01   7.2999999E-02   3.0299999E-02   0.0000000E+00   2.9300000E+02
   1.0000000E-01   7.5000003E-02   3.0299999E-02   0.0000000E+00   2.9300000E+02
   1.0000000E-01   7.7000000E-02   3.0299999E-02   0.0000000E+00   2.9300000E+02
   1.0000000E-01   7.8999996E-02   3.0299999E-02   0.0000000E+00   2.9300000E+02
   1.0000000E-01   8.1000000E-02   3.0299999E-02   0.0000000E+00   2.9300000E+02
   1.0000000E-01   8.3000004E-02   3.0299999E-02   0.0000000E+00   2.9300000E+02
   1.0000000E-01   8.5000001E-02   3.0299999E-02   0.0000000E+00   2.9300000E+02
   1.0000000E-01   8.6999997E-02   3.0299999E-02   0.0000000E+00   2.9300000E+02
   1.0000000E-01   8.9000002E-02   3.0299999E-02   0.0000000E+00   2.9300000E+02
   1.0000000E-01   9.1000006E-02   3.0299999E-02   0.0000000E+00   2.9300000E+02
   1.0000000E-01   9.2999995E-02   3.0299999E-02   0.0000000E+00   2.9300000E+02
   1.0000000E-01   9.4999999E-02   3.0299999E-02   5.8979653E-02   3.5264050E+02
   1.0000000E-01   9.7000003E-02   3.0299999E-02   7.9102051E-01   3.5254337E+02
   1.0000000E-01   9.8999999E-02   3.0299999E-02   1.0000000E+00   3.5250967E+02
   1.0000000E-01   1.0100000E-01   3.0299999E-02   1.0000000E+00   3.5248624E+02
   1.0000000E-01   1.0300000E-01   3.0299999E-02   1.0000000E+00   3.5247379E+02
   1.0000000E-01   1.0500000E-01   3.0299999E-02   1.0000000E+00   3.5246951E+02
   1.0000000E-01   1.0700000E-01   3.0299999E-02   1.0000000E+00   3.5247122E+02
   1.0000000E-01   1.0900000E-01   3.0299999E-02   1.0000000E+00   3.5247672E+02
   1.0000000E-01   1.1100000E-01   3.0299999E-02   1.0000000E+00   3.5248416E+02
   1.0000000E-01   1.1300001E-01   3.0299999E-02   1.0000000E+00   3.5249234E+02
   1.0000000E-01   1.1499999E-01   3.0299999E-02   1.0000000E+00   3.5250037E+02
   1.0000000E-01   1.1700000E-01   3.0299999E-02   1.0000000E+00   3.5250781E+02
   1.0000000E-01   1.1900000E-01   3.0299999E-02   1.0000000E+00   3.5251447E+02
   1.0000000E-01   1.2100000E-01   3.0299999E-02   1.0000000E+00   3.5252017E+02
   1.0000000E-01   1.2633334E-01   3.0299999E-02   1.0000000E+00   3.5253299E+02
   1.0000000E-01   1.3733333E-01   3.0299999E-02   1.0000000E+00   3.5254092E+02
   1.0000000E-01   1.5200000E-01   3.0299999E-02   1.0000000E+00   3.5253387E+02
   1.0000000E-01   8.0000004E-03   3.2260001E-02   1.0000000E+00   3.5248532E+02
   1.0000000E-01   2.2666667E-02   3.2260001E-02   1.0000000E+00   3.5250281E+02
   1.0000000E-01   3.3666667E-02   3.2260001E-02   1.0000000E+00   3.5273291E+02
   1.0000000E-01   3.8999997E-02   3.2260001E-02   1.0000000E+00   3.5335498E+02
   1.0000000E-01   4.1000001E-02   3.2260001E-02   1.0000000E+00   3.5368106E+02
   1.0000000E-01   4.2999998E-02   3.2260001E-02   1.0000000E+00   3.5411493E+02
   1.0000000E-01   4.5000002E-02   3.2260001E-02   1.0000000E+00   3.5466452E+02
   1.0000000E-01   4.6999998E-02   3.2260001E-02   1.0000000E+00   3.5532605E+02
   1.0000000E-01   4.9000002E-02   3.2260001E-02   1.0000000E+00   3.5607843E+02
   1.0000000E-01   5.0999999E-02   3.2260001E-02   1.0000000E+00   3.5687845E+02
   1.0000000E-01   5.3000003E-02   3.2260001E-02   1.0000000E+00   3.5765924E+02
   1.0000000E-01   5.5000000E-02   3.2260001E-02   1.0000000E+00   3.5833441E+02
   1.0000000E-01   5.7000000E-02   3.2260001E-02   1.0000000E+00   3.5881000E+02
   1.0000000E-01   5.9000000E-02   3.2260001E-02   1.0000000E+00   3.5900351E+02
   1.0000000E-01   6.0999997E-02   3.2260001E-02   0.0000000E+00   2.9300000E+02
   1.0000000E-01   6.3000001E-02   3.2260001E-02   0.0000000E+00   2.9300000E+02
   1.0000000E-01   6.4999998E-02   3.2260001E-02   0.0000000E+00   2.9300000E+02
   1.0000000E-01   6.7000002E-02   3.2260001E-02   0.0000000E+00   2.9300000E+02
   1.0000000E-01   6.9000006E-02   3.2260001E-02   0.0000000E+00   2.9300000E+02
   1.0000000E-01   7.0999995E-02   3.2260001E-02   0.0000000E+00   2.9300000E+02
   1.0000000E-01   7.2999999E-02   3.2260001E-02   0.0000000E+00   2.9300000E+02
   1.0000000E-01   7.5000003E-02   3.2260001E-02   0.0000000E+00   2.9300000E+02
   1.0000000E-01   7.7000000E-02   3.2260001E-02   0.0000000E+00   2.9300000E+02
   1.0000000E-01   7.8999996E-02   3.2260001E-02   0.0000000E+00   2.9300000E+02
   1.0000000E-01   8.1000000E-02   3.2260001E-02   0.0000000E+00   2.9300000E+02
   1.0000000E-01   8.3000004E-02   3.2260001E-02   0.0000000E+00   2.9300000E+02
   1.0000000E-01   8.5000001E-02   3.2260001E-02   0.0000000E+00   2.9300000E+02
   1.0000000E-01   8.6999997E-02   3.2260001E-02   0.0000000E+00   2.9300000E+02
   1.0000000E-01   8.9000002E-02   3.2260001E-02   0.0000000E+00   2.9300000E+02
   1.0000000E-01   9.1000006E-02   3.2260001E-02   0.0000000E+00   2.9300000E+02
   1.0000000E-01   9.2999995E-02   3.2260001E-02   0.0000000E+00   2.9300000E+02
   1.0000000E-01   9.4999999E-02   3.2260001E-02   0.0000000E+00   2.9300000E+02
   1.0000000E-01   9.7000003E-02   3.2260001E-02   6.6122517E-02   3.5242981E+02
   1.0000000E-01   9.8999999E-02   3.2260001E-02   8.0387765E-01   3.5238943E+02
   1.0000000E-01   1.0100000E-01   3.2260001E-02   1.0000000E+00   3.5238763E+02
   1.0000000E-01   1.0300000E-01   3.2260001E-02   1.0000000E+00   3.5238525E+02
   1.0000000E-01   1.0500000E-01   3.2260001E-02   1.0000000E+00   3.5238718E+02
   1.0000000E-01   1.0700000E-01   3.2260001E-02   1.0000000E+00   3.5239365E+02
   1.0000000E-01   1.0900000E-01   3.2260001E-02   1.0000000E+00   3.5240277E+02
   1.0000000E-01   1.1100000E-01   3.2260001E-02   1.0000000E+00   3.5241284E+02
   1.0000000E-01   1.1300001E-01   3.2260001E-02   1.0000000E+00   3.5242282E+02
   1.0000000E-01   1.1499999E-01   3.2260001E-02   1.0000000E+00   3.5243213E+02
   1.0000000E-01   1.1700000E-01   3.2260001E-02   1.0000000E+00   3.5244043E+02
   1.0000000E-01   1.1900000E-01   3.2260001E-02   1.0000000E+00   3.5244769E+02
   1.0000000E-01   1.2100000E-01   3.2260001E-02   1.0000000E+00   3.5245386E+02
   1.0000000E-01   1.2633334E-01   3.2260001E-02   1.0000000E+00   3.5246750E+02
   1.0000000E-01   1.3733333E-01   3.2260001E-02   1.0000000E+00   3.5247592E+02
   1.0000000E-01   1.5200000E-01   3.2260001E-02   1.0000000E+00   3.5246796E+02
   1.0000000E-01   8.0000004E-03   3.4220003E-02   1.0000000E+00   3.5240845E+02
   1.0000000E-01   2.2666667E-02   3.4220003E-02   1.0000000E+00   3.5241629E+02
   1.0000000E-01   3.3666667E-02   3.4220003E-02   1.0000000E+00   3.5255307E+02
   1.0000000E-01   3.8999997E-02   3.4220003E-02   1.0000000E+00   3.5293069E+02
   1.0000000E-01   4.1000001E-02   3.4220003E-02   1.0000000E+00   3.5312650E+02
   1.0000000E-01   4.2999998E-02   3.4220003E-02   1.0000000E+00   3.5338416E+02
   1.0000000E-01   4.5000002E-02   3.4220003E-02   1.0000000E+00   3.5370660E+02
   1.0000000E-01   4.6999998E-02   3.4220003E-02   1.0000000E+00   3.5408942E+02
   1.0000000E-01   4.9000002E-02   3.4220003E-02   1.0000000E+00   3.5451779E+02
   1.0000000E-01   5.0999999E-02   3.4220003E-02   1.0000000E+00   3.5496463E+02
   1.0000000E-01   5.3000003E-02   3.4220003E-02   1.0000000E+00   3.5539041E+02
   1.0000000E-01   5.5000000E-02   3.4220003E-02   1.0000000E+00   3.5574612E+02
   1.0000000E-01   5.7000000E-02   3.4220003E-02   1.0000000E+00   3.5598001E+02
   1.0000000E-01   5.9000000E-02   3.4220003E-02   1.0000000E+00   3.5604672E+02
   1.0000000E-01   6.0999997E-02   3.4220003E-02   0.0000000E+00   2.9300000E+02
   1.0000000E-01   6.3000001E-02   3.4220003E-02   0.0000000E+00   2.9300000E+02
   1.0000000E-01   6.4999998E-02   3.4220003E-02   0.0000000E+00   2.9300000E+02
   1.0000000E-01   6.7000002E-02   3.4220003E-02   0.0000000E+00   2.9300000E+02
   1.0000000E-01   6.9000006E-02   3.4220003E-02   0.0000000E+00   2.9300000E+02
   1.0000000E-01   7.0999995E-02   3.4220003E-02   0.0000000E+00   2.9300000E+02
   1.0000000E-01   7.2999999E-02   3.4220003E-02   0.0000000E+00   2.9300000E+02
   1.0000000E-01   7.5000003E-02   3.4220003E-02   0.0000000E+00   2.9300000E+02
   1.0000000E-01   7.7000000E-02   3.4220003E-02   0.0000000E+00   2.9300000E+02
   1.0000000E-01   7.8999996E-02   3.4220003E-02   0.0000000E+00   2.9300000E+02
   1.0000000E-01   8.1000000E-02   3.4220003E-02   0.0000000E+00   2.9300000E+02
   1.0000000E-01   8.3000004E-02   3.4220003E-02   0.0000000E+00   2.9300000E+02
   1.0000000E-01   8.5000001E-02   3.4220003E-02   0.0000000E+00   2.9300000E+02
   1.0000000E-01   8.6999997E-02   3.4220003E-02   0.0000000E+00   2.9300000E+02
   1.0000000E-01   8.9000002E-02   3.4220003E-02   0.0000000E+00   2.9300000E+02
   1.0000000E-01   9.1000006E-02   3.4220003E-02   0.0000000E+00   2.9300000E+02
   1.0000000E-01   9.2999995E-02   3.4220003E-02   0.0000000E+00   2.9300000E+02
   1.0000000E-01   9.4999999E-02   3.4220003E-02   0.0000000E+00   2.9300000E+02
   1.0000000E-01   9.7000003E-02   3.4220003E-02   0.0000000E+00   2.9300000E+02
   1.0000000E-01   9.8999999E-02   3.4220003E-02   7.3673539E-02   3.5230536E+02
   1.0000000E-01   1.0100000E-01   3.4220003E-02   8.1632662E-01   3.5228415E+02
   1.0000000E-01   1.0300000E-01   3.4220003E-02   1.0000000E+00   3.5229132E+02
   1.0000000E-01   1.0500000E-01   3.4220003E-02   1.0000000E+00   3.5229517E+02
   1.0000000E-01   1.0700000E-01   3.4220003E-02   1.0000000E+00   3.5230548E+02
   1.0000000E-01   1.0900000E-01   3.4220003E-02   1.0000000E+00   3.5231808E+02
   1.0000000E-01   1.1100000E-01   3.4220003E-02   1.0000000E+00   3.5233069E+02
   1.0000000E-01   1.1300001E-01   3.4220003E-02   1.0000000E+00   3.5234238E+02
   1.0000000E-01   1.1499999E-01   3.4220003E-02   1.0000000E+00   3.5235278E+02
   1.0000000E-01   1.1700000E-01   3.4220003E-02   1.0000000E+00   3.5236188E+02
   1.0000000E-01   1.1900000E-01   3.4220003E-02   1.0000000E+00   3.5236966E+02
   1.0000000E-01   1.2100000E-01   3.4220003E-02   1.0000000E+00   3.5237619E+02
   1.0000000E-01   1.2633334E-01   3.4220003E-02   1.0000000E+00   3.5239050E+02
   1.0000000E-01   1.3733333E-01   3.4220003E-02   1.0000000E+00   3.5239932E+02
   1.0000000E-01   1.5200000E-01   3.4220003E-02   1.0000000E+00   3.5239008E+02
   1.0000000E-01   8.0000004E-03   3.6180001E-02   1.0000000E+00   3.5232004E+02
   1.0000000E-01   2.2666667E-02   3.6180001E-02   1.0000000E+00   3.5232181E+02
   1.0000000E-01   3.3666667E-02   3.6180001E-02   1.0000000E+00   3.5240048E+02
   1.0000000E-01   3.8999997E-02   3.6180001E-02   1.0000000E+00   3.5263007E+02
   1.0000000E-01   4.1000001E-02   3.6180001E-02   1.0000000E+00   3.5274802E+02
   1.0000000E-01   4.2999998E-02   3.6180001E-02   1.0000000E+00   3.5290173E+02
   1.0000000E-01   4.5000002E-02   3.6180001E-02   1.0000000E+00   3.5309183E+02
   1.0000000E-01   4.6999998E-02   3.6180001E-02   1.0000000E+00   3.5331427E+02
   1.0000000E-01   4.9000002E-02   3.6180001E-02   1.0000000E+00   3.5355884E+02
   1.0000000E-01   5.0999999E-02   3.6180001E-02   1.0000000E+00   3.5380832E+02
   1.0000000E-01   5.3000003E-02   3.6180001E-02   1.0000000E+00   3.5403897E+02
   1.0000000E-01   5.5000000E-02   3.6180001E-02   1.0000000E+00   3.5422269E+02
   1.0000000E-01   5.7000000E-02   3.6180001E-02   1.0000000E+00   3.5433063E+02
   1.0000000E-01   5.9000000E-02   3.6180001E-02   1.0000000E+00   3.5433633E+02
   1.0000000E-01   6.0999997E-02   3.6180001E-02   0.0000000E+00   2.9300000E+02
   1.0000000E-01   6.3000001E-02   3.6180001E-02   0.0000000E+00   2.9300000E+02
   1.0000000E-01   6.4999998E-02   3.6180001E-02   0.0000000E+00   2.9300000E+02
   1.0000000E-01   6.7000002E-02   3.6180001E-02   0.0000000E+00   2.9300000E+02
   1.0000000E-01   6.9000006E-02   3.6180001E-02   0.0000000E+00   2.9300000E+02
   1.0000000E-01   7.0999995E-02   3.6180001E-02   0.0000000E+00   2.9300000E+02
   1.0000000E-01   7.2999999E-02   3.6180001E-02   0.0000000E+00   2.9300000E+02
   1.0000000E-01   7.5000003E-02   3.6180001E-02   0.0000000E+00   2.9300000E+02
   1.0000000E-01   7.7000000E-02   3.6180001E-02   0.0000000E+00   2.9300000E+02
   1.0000000E-01   7.8999996E-02   3.6180001E-02   0.0000000E+00   2.9300000E+02
   1.0000000E-01   8.1000000E-02   3.6180001E-02   0.0000000E+00   2.9300000E+02
   1.0000000E-01   8.3000004E-02   3.6180001E-02   0.0000000E+00   2.9300000E+02
   1.0000000E-01   8.5000001E-02   3.6180001E-02   0.0000000E+00   2.9300000E+02
   1.0000000E-01   8.6999997E-02   3.6180001E-02   0.0000000E+00   2.9300000E+02
   1.0000000E-01   8.9000002E-02   3.6180001E-02   0.0000000E+00   2.9300000E+02
   1.0000000E-01   9.1000006E-02   3.6180001E-02   0.0000000E+00   2.9300000E+02
   1.0000000E-01   9.2999995E-02   3.6180001E-02   0.0000000E+00   2.9300000E+02
   1.0000000E-01   9.4999999E-02   3.6180001E-02   0.0000000E+00   2.9300000E+02
   1.0000000E-01   9.7000003E-02   3.6180001E-02   0.0000000E+00   2.9300000E+02
   1.0000000E-01   9.8999999E-02   3.6180001E-02   0.0000000E+00   2.9300000E+02
   1.0000000E-01   1.0100000E-01   3.6180001E-02   8.1632726E-02   3.5220453E+02
   1.0000000E-01   1.0300000E-01   3.6180001E-02   8.2836747E-01   3.5218420E+02
   1.0000000E-01   1.0500000E-01   3.6180001E-02   1.0000000E+00   3.5218887E+02
   1.0000000E-01   1.0700000E-01   3.6180001E-02   1.0000000E+00   3.5220532E+02
   1.0000000E-01   1.0900000E-01   3.6180001E-02   1.0000000E+00   3.5222256E+02
   1.0000000E-01   1.1100000E-01   3.6180001E-02   1.0000000E+00   3.5223785E+02
   1.0000000E-01   1.1300001E-01   3.6180001E-02   1.0000000E+00   3.5225107E+02
   1.0000000E-01   1.1499999E-01   3.6180001E-02   1.0000000E+00   3.5226245E+02
   1.0000000E-01   1.1700000E-01   3.6180001E-02   1.0000000E+00   3.5227216E+02
   1.0000000E-01   1.1900000E-01   3.6180001E-02   1.0000000E+00   3.5228036E+02
   1.0000000E-01   1.2100000E-01   3.6180001E-02   1.0000000E+00   3.5228717E+02
   1.0000000E-01   1.2633334E-01   3.6180001E-02   1.0000000E+00   3.5230200E+02
   1.0000000E-01   1.3733333E-01   3.6180001E-02   1.0000000E+00   3.5231110E+02
   1.0000000E-01   1.5200000E-01   3.6180001E-02   1.0000000E+00   3.5230011E+02
   1.0000000E-01   8.0000004E-03   3.8139999E-02   1.0000000E+00   3.5222006E+02
   1.0000000E-01   2.2666667E-02   3.8139999E-02   1.0000000E+00   3.5221851E+02
   1.0000000E-01   3.3666667E-02   3.8139999E-02   1.0000000E+00   3.5226605E+02
   1.0000000E-01   3.8999997E-02   3.8139999E-02   1.0000000E+00   3.5241788E+02
   1.0000000E-01   4.1000001E-02   3.8139999E-02   1.0000000E+00   3.5249539E+02
   1.0000000E-01   4.2999998E-02   3.8139999E-02   1.0000000E+00   3.5259561E+02
   1.0000000E-01   4.5000002E-02   3.8139999E-02   1.0000000E+00   3.5271826E+02
   1.0000000E-01   4.6999998E-02   3.8139999E-02   1.0000000E+00   3.5285977E+02
   1.0000000E-01   4.9000002E-02   3.8139999E-02   1.0000000E+00   3.5301254E+02
   1.0000000E-01   5.0999999E-02   3.8139999E-02   1.0000000E+00   3.5316473E+02
   1.0000000E-01   5.3000003E-02   3.8139999E-02   1.0000000E+00   3.5330081E+02
   1.0000000E-01   5.5000000E-02   3.8139999E-02   1.0000000E+00   3.5340384E+02
   1.0000000E-01   5.7000000E-02   3.8139999E-02   1.0000000E+00   3.5345868E+02
   1.0000000E-01   5.9000000E-02   3.8139999E-02   1.0000000E+00   3.5345734E+02
   1.0000000E-01   6.0999997E-02   3.8139999E-02   0.0000000E+00   2.9300000E+02
   1.0000000E-01   6.3000001E-02   3.8139999E-02   0.0000000E+00   2.9300000E+02
   1.0000000E-01   6.4999998E-02   3.8139999E-02   0.0000000E+00   2.9300000E+02
   1.0000000E-01   6.7000002E-02   3.8139999E-02   0.0000000E+00   2.9300000E+02
   1.0000000E-01   6.9000006E-02   3.8139999E-02   0.0000000E+00   2.9300000E+02
   1.0000000E-01   7.0999995E-02   3.8139999E-02   0.0000000E+00   2.9300000E+02
   1.0000000E-01   7.2999999E-02   3.8139999E-02   0.0000000E+00   2.9300000E+02
   1.0000000E-01   7.5000003E-02   3.8139999E-02   0.0000000E+00   2.9300000E+02
   1.0000000E-01   7.7000000E-02   3.8139999E-02   0.0000000E+00   2.9300000E+02
   1.0000000E-01   7.8999996E-02   3.8139999E-02   0.0000000E+00   2.9300000E+02
   1.0000000E-01   8.1000000E-02   3.8139999E-02   0.0000000E+00   2.9300000E+02
   1.0000000E-01   8.3000004E-02   3.8139999E-02   0.0000000E+00   2.9300000E+02
   1.0000000E-01   8.5000001E-02   3.8139999E-02   0.0000000E+00   2.9300000E+02
   1.0000000E-01   8.6999997E-02   3.8139999E-02   0.0000000E+00   2.9300000E+02
   1.0000000E-01   8.9000002E-02   3.8139999E-02   0.0000000E+00   2.9300000E+02
   1.0000000E-01   9.1000006E-02   3.8139999E-02   0.0000000E+00   2.9300000E+02
   1.0000000E-01   9.2999995E-02   3.8139999E-02   0.0000000E+00   2.9300000E+02
   1.0000000E-01   9.4999999E-02   3.8139999E-02   0.0000000E+00   2.9300000E+02
   1.0000000E-01   9.7000003E-02   3.8139999E-02   0.0000000E+00   2.9300000E+02
   1.0000000E-01   9.8999999E-02   3.8139999E-02   0.0000000E+00   2.9300000E+02
   1.0000000E-01   1.0100000E-01   3.8139999E-02   0.0000000E+00   2.9300000E+02
   1.0000000E-01   1.0300000E-01   3.8139999E-02   9.0000078E-02   3.5208743E+02
   1.0000000E-01   1.0500000E-01   3.8139999E-02   8.4000009E-01   3.5204877E+02
   1.0000000E-01   1.0700000E-01   3.8139999E-02   1.0000000E+00   3.5209351E+02
   1.0000000E-01   1.0900000E-01   3.8139999E-02   1.0000000E+00   3.5211731E+02
   1.0000000E-01   1.1100000E-01   3.8139999E-02   1.0000000E+00   3.5213492E+02
   1.0000000E-01   1.1300001E-01   3.8139999E-02   1.0000000E+00   3.5214926E+02
   1.0000000E-01   1.1499999E-01   3.8139999E-02   1.0000000E+00   3.5216125E+02
   1.0000000E-01   1.1700000E-01   3.8139999E-02   1.0000000E+00   3.5217136E+02
   1.0000000E-01   1.1900000E-01   3.8139999E-02   1.0000000E+00   3.5217981E+02
   1.0000000E-01   1.2100000E-01   3.8139999E-02   1.0000000E+00   3.5218680E+02
   1.0000000E-01   1.2633334E-01   3.8139999E-02   1.0000000E+00   3.5220193E+02
   1.0000000E-01   1.3733333E-01   3.8139999E-02   1.0000000E+00   3.5221118E+02
   1.0000000E-01   1.5200000E-01   3.8139999E-02   1.0000000E+00   3.5219800E+02
   1.0000000E-01   8.0000004E-03   4.0100001E-02   4.4897914E-01   3.5214389E+02
   1.0000000E-01   2.2666667E-02   4.0100001E-02   4.4897914E-01   3.5214078E+02
   1.0000000E-01   3.3666667E-02   4.0100001E-02   4.4897914E-01   3.5217392E+02
   1.0000000E-01   3.8999997E-02   4.0100001E-02   4.4897914E-01   3.5229031E+02
   1.0000000E-01   4.1000001E-02   4.0100001E-02   4.4897914E-01   3.5234958E+02
   1.0000000E-01   4.2999998E-02   4.0100001E-02   4.4897914E-01   3.5242578E+02
   1.0000000E-01   4.5000002E-02   4.0100001E-02   4.4897914E-01   3.5251840E+02
   1.0000000E-01   4.6999998E-02   4.0100001E-02   4.4897914E-01   3.5262418E+02
   1.0000000E-01   4.9000002E-02   4.0100001E-02   4.4897914E-01   3.5273679E+02
   1.0000000E-01   5.0999999E-02   4.0100001E-02   4.4897914E-01   3.5284692E+02
   1.0000000E-01   5.3000003E-02   4.0100001E-02   4.4897914E-01   3.5294308E+02
   1.0000000E-01   5.5000000E-02   4.0100001E-02   4.4897914E-01   3.5301422E+02
   1.0000000E-01   5.7000000E-02   4.0100001E-02   4.4897914E-01   3.5305472E+02
   1.0000000E-01   5.9000000E-02   4.0100001E-02   2.2448942E-01   3.5308493E+02
   1.0000000E-01   6.0999997E-02   4.0100001E-02   0.0000000E+00   2.9300000E+02
   1.0000000E-01   6.3000001E-02   4.0100001E-02   0.0000000E+00   2.9300000E+02
   1.0000000E-01   6.4999998E-02   4.0100001E-02   0.0000000E+00   2.9300000E+02
   1.0000000E-01   6.7000002E-02   4.0100001E-02   0.0000000E+00   2.9300000E+02
   1.0000000E-01   6.9000006E-02   4.0100001E-02   0.0000000E+00   2.9300000E+02
   1.0000000E-01   7.0999995E-02   4.0100001E-02   0.0000000E+00   2.9300000E+02
   1.0000000E-01   7.2999999E-02   4.0100001E-02   0.0000000E+00   2.9300000E+02
   1.0000000E-01   7.5000003E-02   4.0100001E-02   0.0000000E+00   2.9300000E+02
   1.0000000E-01   7.7000000E-02   4.0100001E-02   0.0000000E+00   2.9300000E+02
   1.0000000E-01   7.8999996E-02   4.0100001E-02   0.0000000E+00   2.9300000E+02
   1.0000000E-01   8.1000000E-02   4.0100001E-02   0.0000000E+00   2.9300000E+02
   1.0000000E-01   8.3000004E-02   4.0100001E-02   0.0000000E+00   2.9300000E+02
   1.0000000E-01   8.5000001E-02   4.0100001E-02   0.0000000E+00   2.9300000E+02
   1.0000000E-01   8.6999997E-02   4.0100001E-02   0.0000000E+00   2.9300000E+02
   1.0000000E-01   8.9000002E-02   4.0100001E-02   0.0000000E+00   2.9300000E+02
   1.0000000E-01   9.1000006E-02   4.0100001E-02   0.0000000E+00   2.9300000E+02
   1.0000000E-01   9.2999995E-02   4.0100001E-02   0.0000000E+00   2.9300000E+02
   1.0000000E-01   9.4999999E-02   4.0100001E-02   0.0000000E+00   2.9300000E+02
   1.0000000E-01   9.7000003E-02   4.0100001E-02   0.0000000E+00   2.9300000E+02
   1.0000000E-01   9.8999999E-02   4.0100001E-02   0.0000000E+00   2.9300000E+02
   1.0000000E-01   1.0100000E-01   4.0100001E-02   0.0000000E+00   2.9300000E+02
   1.0000000E-01   1.0300000E-01   4.0100001E-02   0.0000000E+00   2.9300000E+02
   1.0000000E-01   1.0500000E-01   4.0100001E-02   9.8775446E-02   3.5201385E+02
   1.0000000E-01   1.0700000E-01   4.0100001E-02   4.4897914E-01   3.5202539E+02
   1.0000000E-01   1.0900000E-01   4.0100001E-02   4.4897914E-01   3.5204169E+02
   1.0000000E-01   1.1100000E-01   4.0100001E-02   4.4897914E-01   3.5205801E+02
   1.0000000E-01   1.1300001E-01   4.0100001E-02   4.4897914E-01   3.5207233E+02
   1.0000000E-01   1.1499999E-01   4.0100001E-02   4.4897914E-01   3.5208453E+02
   1.0000000E-01   1.1700000E-01   4.0100001E-02   4.4897914E-01   3.5209479E+02
   1.0000000E-01   1.1900000E-01   4.0100001E-02   4.4897914E-01   3.5210336E+02
   1.0000000E-01   1.2100000E-01   4.0100001E-02   4.4897914E-01   3.5211044E+02
   1.0000000E-01   1.2633334E-01   4.0100001E-02   4.4897914E-01   3.5212576E+02
   1.0000000E-01   1.3733333E-01   4.0100001E-02   4.4897914E-01   3.5213519E+02
   1.0000000E-01   1.5200000E-01   4.0100001E-02   2.2448952E-01   3.5213379E+02
   1.0000000E-01   8.0000004E-03   4.2060003E-02   0.0000000E+00   2.9300000E+02
   1.0000000E-01   2.2666667E-02   4.2060003E-02   0.0000000E+00   2.9300000E+02
   1.0000000E-01   3.3666667E-02   4.2060003E-02   0.0000000E+00   2.9300000E+02
   1.0000000E-01   3.8999997E-02   4.2060003E-02   0.0000000E+00   2.9300000E+02
   1.0000000E-01   4.1000001E-02   4.2060003E-02   0.0000000E+00   2.9300000E+02
   1.0000000E-01   4.2999998E-02   4.2060003E-02   0.0000000E+00   2.9300000E+02
   1.0000000E-01   4.5000002E-02   4.2060003E-02   0.0000000E+00   2.9300000E+02
   1.0000000E-01   4.6999998E-02   4.2060003E-02   0.0000000E+00   2.9300000E+02
   1.0000000E-01   4.9000002E-02   4.2060003E-02   0.0000000E+00   2.9300000E+02
   1.0000000E-01   5.0999999E-02   4.2060003E-02   0.0000000E+00   2.9300000E+02
   1.0000000E-01   5.3000003E-02   4.2060003E-02   0.0000000E+00   2.9300000E+02
   1.0000000E-01   5.5000000E-02   4.2060003E-02   0.0000000E+00   2.9300000E+02
   1.0000000E-01   5.7000000E-02   4.2060003E-02   0.0000000E+00   2.9300000E+02
   1.0000000E-01   5.9000000E-02   4.2060003E-02   0.0000000E+00   2.9300000E+02
   1.0000000E-01   6.0999997E-02   4.2060003E-02   0.0000000E+00   2.9300000E+02
   1.0000000E-01   6.3000001E-02   4.2060003E-02   0.0000000E+00   2.9300000E+02
   1.0000000E-01   6.4999998E-02   4.2060003E-02   0.0000000E+00   2.9300000E+02
   1.0000000E-01   6.7000002E-02   4.2060003E-02   0.0000000E+00   2.9300000E+02
   1.0000000E-01   6.9000006E-02   4.2060003E-02   0.0000000E+00   2.9300000E+02
   1.0000000E-01   7.0999995E-02   4.2060003E-02   0.0000000E+00   2.9300000E+02
   1.0000000E-01   7.2999999E-02   4.2060003E-02   0.0000000E+00   2.9300000E+02
   1.0000000E-01   7.5000003E-02   4.2060003E-02   0.0000000E+00   2.9300000E+02
   1.0000000E-01   7.7000000E-02   4.2060003E-02   0.0000000E+00   2.9300000E+02
   1.0000000E-01   7.8999996E-02   4.2060003E-02   0.0000000E+00   2.9300000E+02
   1.0000000E-01   8.1000000E-02   4.2060003E-02   0.0000000E+00   2.9300000E+02
   1.0000000E-01   8.3000004E-02   4.2060003E-02   0.0000000E+00   2.9300000E+02
   1.0000000E-01   8.5000001E-02   4.2060003E-02   0.0000000E+00   2.9300000E+02
   1.0000000E-01   8.6999997E-02   4.2060003E-02   0.0000000E+00   2.9300000E+02
   1.0000000E-01   8.9000002E-02   4.2060003E-02   0.0000000E+00   2.9300000E+02
   1.0000000E-01   9.1000006E-02   4.2060003E-02   0.0000000E+00   2.9300000E+02
   1.0000000E-01   9.2999995E-02   4.2060003E-02   0.0000000E+00   2.9300000E+02
   1.0000000E-01   9.4999999E-02   4.2060003E-02   0.0000000E+00   2.9300000E+02
   1.0000000E-01   9.7000003E-02   4.2060003E-02   0.0000000E+00   2.9300000E+02
   1.0000000E-01   9.8999999E-02   4.2060003E-02   0.0000000E+00   2.9300000E+02
   1.0000000E-01   1.0100000E-01   4.2060003E-02   0.0000000E+00   2.9300000E+02
   1.0000000E-01   1.0300000E-01   4.2060003E-02   0.0000000E+00   2.9300000E+02
   1.0000000E-01   1.0500000E-01   4.2060003E-02   0.0000000E+00   2.9300000E+02
   1.0000000E-01   1.0700000E-01   4.2060003E-02   0.0000000E+00   2.9300000E+02
   1.0000000E-01   1.0900000E-01   4.2060003E-02   0.0000000E+00   2.9300000E+02
   1.0000000E-01   1.1100000E-01   4.2060003E-02   0.0000000E+00   2.9300000E+02
   1.0000000E-01   1.1300001E-01   4.2060003E-02   0.0000000E+00   2.9300000E+02
   1.0000000E-01   1.1499999E-01   4.2060003E-02   0.0000000E+00   2.9300000E+02
   1.0000000E-01   1.1700000E-01   4.2060003E-02   0.0000000E+00   2.9300000E+02
   1.0000000E-01   1.1900000E-01   4.2060003E-02   0.0000000E+00   2.9300000E+02
   1.0000000E-01   1.2100000E-01   4.2060003E-02   0.0000000E+00   2.9300000E+02
   1.0000000E-01   1.2633334E-01   4.2060003E-02   0.0000000E+00   2.9300000E+02
   1.0000000E-01   1.3733333E-01   4.2060003E-02   0.0000000E+00   2.9300000E+02
   1.0000000E-01   1.5200000E-01   4.2060003E-02   0.0000000E+00   2.9300000E+02
   1.0000000E-01   8.0000004E-03   4.4020001E-02   0.0000000E+00   2.9300000E+02
   1.0000000E-01   2.2666667E-02   4.4020001E-02   0.0000000E+00   2.9300000E+02
   1.0000000E-01   3.3666667E-02   4.4020001E-02   0.0000000E+00   2.9300000E+02
   1.0000000E-01   3.8999997E-02   4.4020001E-02   0.0000000E+00   2.9300000E+02
   1.0000000E-01   4.1000001E-02   4.4020001E-02   0.0000000E+00   2.9300000E+02
   1.0000000E-01   4.2999998E-02   4.4020001E-02   0.0000000E+00   2.9300000E+02
   1.0000000E-01   4.5000002E-02   4.4020001E-02   0.0000000E+00   2.9300000E+02
   1.0000000E-01   4.6999998E-02   4.4020001E-02   0.0000000E+00   2.9300000E+02
   1.0000000E-01   4.9000002E-02   4.4020001E-02   0.0000000E+00   2.9300000E+02
   1.0000000E-01   5.0999999E-02   4.4020001E-02   0.0000000E+00   2.9300000E+02
   1.0000000E-01   5.3000003E-02   4.4020001E-02   0.0000000E+00   2.9300000E+02
   1.0000000E-01   5.5000000E-02   4.4020001E-02   0.0000000E+00   2.9300000E+02
   1.0000000E-01   5.7000000E-02   4.4020001E-02   0.0000000E+00   2.9300000E+02
   1.0000000E-01   5.9000000E-02   4.4020001E-02   0.0000000E+00   2.9300000E+02
   1.0000000E-01   6.0999997E-02   4.4020001E-02   0.0000000E+00   2.9300000E+02
   1.0000000E-01   6.3000001E-02   4.4020001E-02   0.0000000E+00   2.9300000E+02
   1.0000000E-01   6.4999998E-02   4.4020001E-02   0.0000000E+00   2.9300000E+02
   1.0000000E-01   6.7000002E-02   4.4020001E-02   0.0000000E+00   2.9300000E+02
   1.0000000E-01   6.9000006E-02   4.4020001E-02   0.0000000E+00   2.9300000E+02
   1.0000000E-01   7.0999995E-02   4.4020001E-02   0.0000000E+00   2.9300000E+02
   1.0000000E-01   7.2999999E-02   4.4020001E-02   0.0000000E+00   2.9300000E+02
   1.0000000E-01   7.5000003E-02   4.4020001E-02   0.0000000E+00   2.9300000E+02
   1.0000000E-01   7.7000000E-02   4.4020001E-02   0.0000000E+00   2.9300000E+02
   1.0000000E-01   7.8999996E-02   4.4020001E-02   0.0000000E+00   2.9300000E+02
   1.0000000E-01   8.1000000E-02   4.4020001E-02   0.0000000E+00   2.9300000E+02
   1.0000000E-01   8.3000004E-02   4.4020001E-02   0.0000000E+00   2.9300000E+02
   1.0000000E-01   8.5000001E-02   4.4020001E-02   0.0000000E+00   2.9300000E+02
   1.0000000E-01   8.6999997E-02   4.4020001E-02   0.0000000E+00   2.9300000E+02
   1.0000000E-01   8.9000002E-02   4.4020001E-02   0.0000000E+00   2.9300000E+02
   1.0000000E-01   9.1000006E-02   4.4020001E-02   0.0000000E+00   2.9300000E+02
   1.0000000E-01   9.2999995E-02   4.4020001E-02   0.0000000E+00   2.9300000E+02
   1.0000000E-01   9.4999999E-02   4.4020001E-02   0.0000000E+00   2.9300000E+02
   1.0000000E-01   9.7000003E-02   4.4020001E-02   0.0000000E+00   2.9300000E+02
   1.0000000E-01   9.8999999E-02   4.4020001E-02   0.0000000E+00   2.9300000E+02
   1.0000000E-01   1.0100000E-01   4.4020001E-02   0.0000000E+00   2.9300000E+02
   1.0000000E-01   1.0300000E-01   4.4020001E-02   0.0000000E+00   2.9300000E+02
   1.0000000E-01   1.0500000E-01   4.4020001E-02   0.0000000E+00   2.9300000E+02
   1.0000000E-01   1.0700000E-01   4.4020001E-02   0.0000000E+00   2.9300000E+02
   1.0000000E-01   1.0900000E-01   4.4020001E-02   0.0000000E+00   2.9300000E+02
   1.0000000E-01   1.1100000E-01   4.4020001E-02   0.0000000E+00   2.9300000E+02
   1.0000000E-01   1.1300001E-01   4.4020001E-02   0.0000000E+00   2.9300000E+02
   1.0000000E-01   1.1499999E-01   4.4020001E-02   0.0000000E+00   2.9300000E+02
   1.0000000E-01   1.1700000E-01   4.4020001E-02   0.0000000E+00   2.9300000E+02
   1.0000000E-01   1.1900000E-01   4.4020001E-02   0.0000000E+00   2.9300000E+02
   1.0000000E-01   1.2100000E-01   4.4020001E-02   0.0000000E+00   2.9300000E+02
   1.0000000E-01   1.2633334E-01   4.4020001E-02   0.0000000E+00   2.9300000E+02
   1.0000000E-01   1.3733333E-01   4.4020001E-02   0.0000000E+00   2.9300000E+02
   1.0000000E-01   1.5200000E-01   4.4020001E-02   0.0000000E+00   2.9300000E+02
