1.0000000E-01   8.0000004E-03  -3.0200002E-03   0.0000000E+00   2.9300000E+02
   1.0000000E-01   2.2666667E-02  -3.0200002E-03   0.0000000E+00   2.9300000E+02
   1.0000000E-01   3.3666667E-02  -3.0200002E-03   0.0000000E+00   2.9300000E+02
   1.0000000E-01   3.8999997E-02  -3.0200002E-03   0.0000000E+00   2.9300000E+02
   1.0000000E-01   4.1000001E-02  -3.0200002E-03   0.0000000E+00   2.9300000E+02
   1.0000000E-01   4.2999998E-02  -3.0200002E-03   4.9999928E-01   6.4830273E+02
   1.0000000E-01   4.5000002E-02  -3.0200002E-03   1.0000000E+00   6.8140649E+02
   1.0000000E-01   4.6999998E-02  -3.0200002E-03   1.0000000E+00   7.3620245E+02
   1.0000000E-01   4.9000002E-02  -3.0200002E-03   1.0000000E+00   8.1716876E+02
   1.0000000E-01   5.0999999E-02  -3.0200002E-03   1.0000000E+00   9.2002069E+02
   1.0000000E-01   5.3000003E-02  -3.0200002E-03   1.0000000E+00   1.0404113E+03
   1.0000000E-01   5.5000000E-02  -3.0200002E-03   1.0000000E+00   1.1725459E+03
   1.0000000E-01   5.7000000E-02  -3.0200002E-03   1.0000000E+00   1.3080634E+03
   1.0000000E-01   5.9000000E-02  -3.0200002E-03   1.0000000E+00   1.4350510E+03
   1.0000000E-01   6.0999997E-02  -3.0200002E-03   9.9864578E-01   1.5377916E+03
   1.0000000E-01   6.3000001E-02  -3.0200002E-03   9.9775648E-01   1.5987775E+03
   1.0000000E-01   6.4999998E-02  -3.0200002E-03   9.9863273E-01   1.6036794E+03
   1.0000000E-01   6.7000002E-02  -3.0200002E-03   9.9937141E-01   1.5553539E+03
   1.0000000E-01   6.9000006E-02  -3.0200002E-03   1.0000000E+00   1.4702980E+03
   1.0000000E-01   7.0999995E-02  -3.0200002E-03   1.0000000E+00   1.3609843E+03
   1.0000000E-01   7.2999999E-02  -3.0200002E-03   1.0000000E+00   1.2385052E+03
   1.0000000E-01   7.5000003E-02  -3.0200002E-03   1.0000000E+00   1.1140361E+03
   1.0000000E-01   7.7000000E-02  -3.0200002E-03   1.0000000E+00   9.9823645E+02
   1.0000000E-01   7.8999996E-02  -3.0200002E-03   1.0000000E+00   9.0071844E+02
   1.0000000E-01   8.1000000E-02  -3.0200002E-03   1.0000000E+00   8.3072009E+02
   1.0000000E-01   8.3000004E-02  -3.0200002E-03   5.4590148E-01   7.8712195E+02
   1.0000000E-01   8.5000001E-02  -3.0200002E-03   0.0000000E+00   2.9300000E+02
   1.0000000E-01   8.6999997E-02  -3.0200002E-03   0.0000000E+00   2.9300000E+02
   1.0000000E-01   8.9000002E-02  -3.0200002E-03   0.0000000E+00   2.9300000E+02
   1.0000000E-01   9.1000006E-02  -3.0200002E-03   0.0000000E+00   2.9300000E+02
   1.0000000E-01   9.2999995E-02  -3.0200002E-03   0.0000000E+00   2.9300000E+02
   1.0000000E-01   9.4999999E-02  -3.0200002E-03   0.0000000E+00   2.9300000E+02
   1.0000000E-01   9.7000003E-02  -3.0200002E-03   0.0000000E+00   2.9300000E+02
   1.0000000E-01   9.8999999E-02  -3.0200002E-03   0.0000000E+00   2.9300000E+02
   1.0000000E-01   1.0100000E-01  -3.0200002E-03   0.0000000E+00   2.9300000E+02
   1.0000000E-01   1.0300000E-01  -3.0200002E-03   0.0000000E+00   2.9300000E+02
   1.0000000E-01   1.0500000E-01  -3.0200002E-03   0.0000000E+00   2.9300000E+02
   1.0000000E-01   1.0700000E-01  -3.0200002E-03   0.0000000E+00   2.9300000E+02
   1.0000000E-01   1.0900000E-01  -3.0200002E-03   0.0000000E+00   2.9300000E+02
   1.0000000E-01   1.1100000E-01  -3.0200002E-03   0.0000000E+00   2.9300000E+02
   1.0000000E-01   1.1300001E-01  -3.0200002E-03   0.0000000E+00   2.9300000E+02
   1.0000000E-01   1.1499999E-01  -3.0200002E-03   0.0000000E+00   2.9300000E+02
   1.0000000E-01   1.1700000E-01  -3.0200002E-03   0.0000000E+00   2.9300000E+02
   1.0000000E-01   1.1900000E-01  -3.0200002E-03   0.0000000E+00   2.9300000E+02
   1.0000000E-01   1.2100000E-01  -3.0200002E-03   0.0000000E+00   2.9300000E+02
   1.0000000E-01   1.2633334E-01  -3.0200002E-03   0.0000000E+00   2.9300000E+02
   1.0000000E-01   1.3733333E-01  -3.0200002E-03   0.0000000E+00   2.9300000E+02
   1.0000000E-01   1.5200000E-01  -3.0200002E-03   0.0000000E+00   2.9300000E+02
   1.0000000E-01   8.0000004E-03  -1.0599999E-03   0.0000000E+00   2.9300000E+02
   1.0000000E-01   2.2666667E-02  -1.0599999E-03   0.0000000E+00   2.9300000E+02
   1.0000000E-01   3.3666667E-02  -1.0599999E-03   0.0000000E+00   2.9300000E+02
   1.0000000E-01   3.8999997E-02  -1.0599999E-03   0.0000000E+00   2.9300000E+02
   1.0000000E-01   4.1000001E-02  -1.0599999E-03   0.0000000E+00   2.9300000E+02
   1.0000000E-01   4.2999998E-02  -1.0599999E-03   4.9999928E-01   6.2420789E+02
   1.0000000E-01   4.5000002E-02  -1.0599999E-03   1.0000000E+00   6.6791205E+02
   1.0000000E-01   4.6999998E-02  -1.0599999E-03   1.0000000E+00   7.2815088E+02
   1.0000000E-01   4.9000002E-02  -1.0599999E-03   1.0000000E+00   8.1223395E+02
   1.0000000E-01   5.0999999E-02  -1.0599999E-03   1.0000000E+00   9.1719464E+02
   1.0000000E-01   5.3000003E-02  -1.0599999E-03   1.0000000E+00   1.0397775E+03
   1.0000000E-01   5.5000000E-02  -1.0599999E-03   1.0000000E+00   1.1750590E+03
   1.0000000E-01   5.7000000E-02  -1.0599999E-03   1.0000000E+00   1.3154214E+03
   1.0000000E-01   5.9000000E-02  -1.0599999E-03   1.0000000E+00   1.4493114E+03
   1.0000000E-01   6.0999997E-02  -1.0599999E-03   9.9847263E-01   1.5602126E+03
   1.0000000E-01   6.3000001E-02  -1.0599999E-03   9.9857008E-01   1.6286899E+03
   1.0000000E-01   6.4999998E-02  -1.0599999E-03   9.9881661E-01   1.6340903E+03
   1.0000000E-01   6.7000002E-02  -1.0599999E-03   9.9978453E-01   1.5815496E+03
   1.0000000E-01   6.9000006E-02  -1.0599999E-03   1.0000000E+00   1.4932312E+03
   1.0000000E-01   7.0999995E-02  -1.0599999E-03   1.0000000E+00   1.3800905E+03
   1.0000000E-01   7.2999999E-02  -1.0599999E-03   1.0000000E+00   1.2524216E+03
   1.0000000E-01   7.5000003E-02  -1.0599999E-03   1.0000000E+00   1.1219408E+03
   1.0000000E-01   7.7000000E-02  -1.0599999E-03   1.0000000E+00   9.9984064E+02
   1.0000000E-01   7.8999996E-02  -1.0599999E-03   1.0000000E+00   8.9518671E+02
   1.0000000E-01   8.1000000E-02  -1.0599999E-03   1.0000000E+00   8.1570679E+02
   1.0000000E-01   8.3000004E-02  -1.0599999E-03   5.4590148E-01   7.5671814E+02
   1.0000000E-01   8.5000001E-02  -1.0599999E-03   0.0000000E+00   2.9300000E+02
   1.0000000E-01   8.6999997E-02  -1.0599999E-03   0.0000000E+00   2.9300000E+02
   1.0000000E-01   8.9000002E-02  -1.0599999E-03   0.0000000E+00   2.9300000E+02
   1.0000000E-01   9.1000006E-02  -1.0599999E-03   0.0000000E+00   2.9300000E+02
   1.0000000E-01   9.2999995E-02  -1.0599999E-03   0.0000000E+00   2.9300000E+02
   1.0000000E-01   9.4999999E-02  -1.0599999E-03   0.0000000E+00   2.9300000E+02
   1.0000000E-01   9.7000003E-02  -1.0599999E-03   0.0000000E+00   2.9300000E+02
   1.0000000E-01   9.8999999E-02  -1.0599999E-03   0.0000000E+00   2.9300000E+02
   1.0000000E-01   1.0100000E-01  -1.0599999E-03   0.0000000E+00   2.9300000E+02
   1.0000000E-01   1.0300000E-01  -1.0599999E-03   0.0000000E+00   2.9300000E+02
   1.0000000E-01   1.0500000E-01  -1.0599999E-03   0.0000000E+00   2.9300000E+02
   1.0000000E-01   1.0700000E-01  -1.0599999E-03   0.0000000E+00   2.9300000E+02
   1.0000000E-01   1.0900000E-01  -1.0599999E-03   0.0000000E+00   2.9300000E+02
   1.0000000E-01   1.1100000E-01  -1.0599999E-03   0.0000000E+00   2.9300000E+02
   1.0000000E-01   1.1300001E-01  -1.0599999E-03   0.0000000E+00   2.9300000E+02
   1.0000000E-01   1.1499999E-01  -1.0599999E-03   0.0000000E+00   2.9300000E+02
   1.0000000E-01   1.1700000E-01  -1.0599999E-03   0.0000000E+00   2.9300000E+02
   1.0000000E-01   1.1900000E-01  -1.0599999E-03   0.0000000E+00   2.9300000E+02
   1.0000000E-01   1.2100000E-01  -1.0599999E-03   0.0000000E+00   2.9300000E+02
   1.0000000E-01   1.2633334E-01  -1.0599999E-03   0.0000000E+00   2.9300000E+02
   1.0000000E-01   1.3733333E-01  -1.0599999E-03   0.0000000E+00   2.9300000E+02
   1.0000000E-01   1.5200000E-01  -1.0599999E-03   0.0000000E+00   2.9300000E+02
   1.0000000E-01   8.0000004E-03   8.9999998E-04   9.5918369E-01   3.5236935E+02
   1.0000000E-01   2.2666667E-02   8.9999998E-04   9.5918369E-01   3.5616302E+02
   1.0000000E-01   3.3666667E-02   8.9999998E-04   9.5918369E-01   3.8792102E+02
   1.0000000E-01   3.8999997E-02   8.9999998E-04   9.5918369E-01   4.6634442E+02
   1.0000000E-01   4.1000001E-02   8.9999998E-04   9.5918369E-01   5.1054333E+02
   1.0000000E-01   4.2999998E-02   8.9999998E-04   9.8979592E-01   5.7528552E+02
   1.0000000E-01   4.5000002E-02   8.9999998E-04   1.0000000E+00   6.3935223E+02
   1.0000000E-01   4.6999998E-02   8.9999998E-04   1.0000000E+00   7.1094098E+02
   1.0000000E-01   4.9000002E-02   8.9999998E-04   1.0000000E+00   7.9956952E+02
   1.0000000E-01   5.0999999E-02   8.9999998E-04   1.0000000E+00   9.0709137E+02
   1.0000000E-01   5.3000003E-02   8.9999998E-04   1.0000000E+00   1.0324275E+03
   1.0000000E-01   5.5000000E-02   8.9999998E-04   1.0000000E+00   1.1722037E+03
   1.0000000E-01   5.7000000E-02   8.9999998E-04   1.0000000E+00   1.3201726E+03
   1.0000000E-01   5.9000000E-02   8.9999998E-04   9.9883562E-01   1.4655594E+03
   1.0000000E-01   6.0999997E-02   8.9999998E-04   9.9929553E-01   1.5901086E+03
   1.0000000E-01   6.3000001E-02   8.9999998E-04   9.9951136E-01   1.6737826E+03
   1.0000000E-01   6.4999998E-02   8.9999998E-04   9.9939525E-01   1.6770635E+03
   1.0000000E-01   6.7000002E-02   8.9999998E-04   9.9990386E-01   1.6205055E+03
   1.0000000E-01   6.9000006E-02   8.9999998E-04   1.0000000E+00   1.5293669E+03
   1.0000000E-01   7.0999995E-02   8.9999998E-04   1.0000000E+00   1.4104364E+03
   1.0000000E-01   7.2999999E-02   8.9999998E-04   1.0000000E+00   1.2729744E+03
   1.0000000E-01   7.5000003E-02   8.9999998E-04   1.0000000E+00   1.1310496E+03
   1.0000000E-01   7.7000000E-02   8.9999998E-04   1.0000000E+00   9.9784711E+02
   1.0000000E-01   7.8999996E-02   8.9999998E-04   1.0000000E+00   8.8115576E+02
   1.0000000E-01   8.1000000E-02   8.9999998E-04   1.0000000E+00   7.8228986E+02
   1.0000000E-01   8.3000004E-02   8.9999998E-04   1.0000000E+00   6.9130017E+02
   1.0000000E-01   8.5000001E-02   8.9999998E-04   9.5918369E-01   5.9436414E+02
   1.0000000E-01   8.6999997E-02   8.9999998E-04   9.5918369E-01   5.2359198E+02
   1.0000000E-01   8.9000002E-02   8.9999998E-04   9.5918369E-01   4.7222162E+02
   1.0000000E-01   9.1000006E-02   8.9999998E-04   9.5918369E-01   4.3511685E+02
   1.0000000E-01   9.2999995E-02   8.9999998E-04   9.5918369E-01   4.0864673E+02
   1.0000000E-01   9.4999999E-02   8.9999998E-04   9.5918369E-01   3.9004782E+02
   1.0000000E-01   9.7000003E-02   8.9999998E-04   9.5918369E-01   3.7718851E+02
   1.0000000E-01   9.8999999E-02   8.9999998E-04   9.5918369E-01   3.6844150E+02
   1.0000000E-01   1.0100000E-01   8.9999998E-04   9.5918369E-01   3.6258749E+02
   1.0000000E-01   1.0300000E-01   8.9999998E-04   9.5918369E-01   3.5873181E+02
   1.0000000E-01   1.0500000E-01   8.9999998E-04   9.5918369E-01   3.5623196E+02
   1.0000000E-01   1.0700000E-01   8.9999998E-04   9.5918369E-01   3.5463599E+02
   1.0000000E-01   1.0900000E-01   8.9999998E-04   9.5918369E-01   3.5363254E+02
   1.0000000E-01   1.1100000E-01   8.9999998E-04   9.5918369E-01   3.5301108E+02
   1.0000000E-01   1.1300001E-01   8.9999998E-04   9.5918369E-01   3.5263214E+02
   1.0000000E-01   1.1499999E-01   8.9999998E-04   9.5918369E-01   3.5240479E+02
   1.0000000E-01   1.1700000E-01   8.9999998E-04   9.5918369E-01   3.5227097E+02
   1.0000000E-01   1.1900000E-01   8.9999998E-04   9.5918369E-01   3.5219431E+02
   1.0000000E-01   1.2100000E-01   8.9999998E-04   9.5918369E-01   3.5215262E+02
   1.0000000E-01   1.2633334E-01   8.9999998E-04   9.5918369E-01   3.5210022E+02
   1.0000000E-01   1.3733333E-01   8.9999998E-04   9.5918369E-01   3.5208722E+02
   1.0000000E-01   1.5200000E-01   8.9999998E-04   4.7959173E-01   3.5207764E+02
   1.0000000E-01   8.0000004E-03   2.8599999E-03   1.0000000E+00   3.5246677E+02
   1.0000000E-01   2.2666667E-02   2.8599999E-03   1.0000000E+00   3.5617270E+02
   1.0000000E-01   3.3666667E-02   2.8599999E-03   1.0000000E+00   3.8700998E+02
   1.0000000E-01   3.8999997E-02   2.8599999E-03   1.0000000E+00   4.6148325E+02
   1.0000000E-01   4.1000001E-02   2.8599999E-03   1.0000000E+00   5.0129977E+02
   1.0000000E-01   4.2999998E-02   2.8599999E-03   1.0000000E+00   5.5450354E+02
   1.0000000E-01   4.5000002E-02   2.8599999E-03   1.0000000E+00   6.1680560E+02
   1.0000000E-01   4.6999998E-02   2.8599999E-03   1.0000000E+00   6.9087836E+02
   1.0000000E-01   4.9000002E-02   2.8599999E-03   1.0000000E+00   7.8115930E+02
   1.0000000E-01   5.0999999E-02   2.8599999E-03   1.0000000E+00   8.8988715E+02
   1.0000000E-01   5.3000003E-02   2.8599999E-03   1.0000000E+00   1.0172710E+03
   1.0000000E-01   5.5000000E-02   2.8599999E-03   1.0000000E+00   1.1615232E+03
   1.0000000E-01   5.7000000E-02   2.8599999E-03   1.0000000E+00   1.3181882E+03
   1.0000000E-01   5.9000000E-02   2.8599999E-03   1.0000000E+00   1.4778217E+03
   1.0000000E-01   6.0999997E-02   2.8599999E-03   9.9976635E-01   1.6185865E+03
   1.0000000E-01   6.3000001E-02   2.8599999E-03   9.9971777E-01   1.6849081E+03
   1.0000000E-01   6.4999998E-02   2.8599999E-03   9.9964315E-01   1.6880499E+03
   1.0000000E-01   6.7000002E-02   2.8599999E-03   9.9990654E-01   1.6755067E+03
   1.0000000E-01   6.9000006E-02   2.8599999E-03   9.9000317E-01   1.5800963E+03
   1.0000000E-01   7.0999995E-02   2.8599999E-03   1.0000000E+00   1.4527396E+03
   1.0000000E-01   7.2999999E-02   2.8599999E-03   1.0000000E+00   1.2989382E+03
   1.0000000E-01   7.5000003E-02   2.8599999E-03   1.0000000E+00   1.1388433E+03
   1.0000000E-01   7.7000000E-02   2.8599999E-03   1.0000000E+00   9.9138947E+02
   1.0000000E-01   7.8999996E-02   2.8599999E-03   1.0000000E+00   8.6415839E+02
   1.0000000E-01   8.1000000E-02   2.8599999E-03   1.0000000E+00   7.5672137E+02
   1.0000000E-01   8.3000004E-02   2.8599999E-03   1.0000000E+00   6.6400745E+02
   1.0000000E-01   8.5000001E-02   2.8599999E-03   1.0000000E+00   5.8189508E+02
   1.0000000E-01   8.6999997E-02   2.8599999E-03   1.0000000E+00   5.1721582E+02
   1.0000000E-01   8.9000002E-02   2.8599999E-03   1.0000000E+00   4.6855899E+02
   1.0000000E-01   9.1000006E-02   2.8599999E-03   1.0000000E+00   4.3289221E+02
   1.0000000E-01   9.2999995E-02   2.8599999E-03   1.0000000E+00   4.0727362E+02
   1.0000000E-01   9.4999999E-02   2.8599999E-03   1.0000000E+00   3.8920850E+02
   1.0000000E-01   9.7000003E-02   2.8599999E-03   1.0000000E+00   3.7669168E+02
   1.0000000E-01   9.8999999E-02   2.8599999E-03   1.0000000E+00   3.6816556E+02
   1.0000000E-01   1.0100000E-01   2.8599999E-03   1.0000000E+00   3.6245340E+02
   1.0000000E-01   1.0300000E-01   2.8599999E-03   1.0000000E+00   3.5868808E+02
   1.0000000E-01   1.0500000E-01   2.8599999E-03   1.0000000E+00   3.5624512E+02
   1.0000000E-01   1.0700000E-01   2.8599999E-03   1.0000000E+00   3.5468457E+02
   1.0000000E-01   1.0900000E-01   2.8599999E-03   1.0000000E+00   3.5370288E+02
   1.0000000E-01   1.1100000E-01   2.8599999E-03   1.0000000E+00   3.5309470E+02
   1.0000000E-01   1.1300001E-01   2.8599999E-03   1.0000000E+00   3.5272366E+02
   1.0000000E-01   1.1499999E-01   2.8599999E-03   1.0000000E+00   3.5250104E+02
   1.0000000E-01   1.1700000E-01   2.8599999E-03   1.0000000E+00   3.5236996E+02
   1.0000000E-01   1.1900000E-01   2.8599999E-03   1.0000000E+00   3.5229489E+02
   1.0000000E-01   1.2100000E-01   2.8599999E-03   1.0000000E+00   3.5225409E+02
   1.0000000E-01   1.2633334E-01   2.8599999E-03   1.0000000E+00   3.5220285E+02
   1.0000000E-01   1.3733333E-01   2.8599999E-03   1.0000000E+00   3.5218991E+02
   1.0000000E-01   1.5200000E-01   2.8599999E-03   1.0000000E+00   3.5215564E+02
   1.0000000E-01   8.0000004E-03   4.8199999E-03   1.0000000E+00   3.5254953E+02
   1.0000000E-01   2.2666667E-02   4.8199999E-03   1.0000000E+00   3.5608139E+02
   1.0000000E-01   3.3666667E-02   4.8199999E-03   1.0000000E+00   3.8520575E+02
   1.0000000E-01   3.8999997E-02   4.8199999E-03   1.0000000E+00   4.5393814E+02
   1.0000000E-01   4.1000001E-02   4.8199999E-03   1.0000000E+00   4.8979663E+02
   1.0000000E-01   4.2999998E-02   4.8199999E-03   1.0000000E+00   5.3709924E+02
   1.0000000E-01   4.5000002E-02   4.8199999E-03   1.0000000E+00   5.9601050E+02
   1.0000000E-01   4.6999998E-02   4.8199999E-03   1.0000000E+00   6.6854028E+02
   1.0000000E-01   4.9000002E-02   4.8199999E-03   1.0000000E+00   7.5755096E+02
   1.0000000E-01   5.0999999E-02   4.8199999E-03   1.0000000E+00   8.6526935E+02
   1.0000000E-01   5.3000003E-02   4.8199999E-03   1.0000000E+00   9.9284271E+02
   1.0000000E-01   5.5000000E-02   4.8199999E-03   1.0000000E+00   1.1400483E+03
   1.0000000E-01   5.7000000E-02   4.8199999E-03   1.0000000E+00   1.3045137E+03
   1.0000000E-01   5.9000000E-02   4.8199999E-03   1.0000000E+00   1.4793339E+03
   1.0000000E-01   6.0999997E-02   4.8199999E-03   9.9983764E-01   1.6422350E+03
   1.0000000E-01   6.3000001E-02   4.8199999E-03   9.9969143E-01   1.6918295E+03
   1.0000000E-01   6.4999998E-02   4.8199999E-03   9.9977911E-01   1.6957511E+03
   1.0000000E-01   6.7000002E-02   4.8199999E-03   9.9992818E-01   1.6921027E+03
   1.0000000E-01   6.9000006E-02   4.8199999E-03   9.9999595E-01   1.6415100E+03
   1.0000000E-01   7.0999995E-02   4.8199999E-03   9.9710828E-01   1.5069613E+03
   1.0000000E-01   7.2999999E-02   4.8199999E-03   1.0000000E+00   1.3258868E+03
   1.0000000E-01   7.5000003E-02   4.8199999E-03   1.0000000E+00   1.1376058E+03
   1.0000000E-01   7.7000000E-02   4.8199999E-03   1.0000000E+00   9.7424536E+02
   1.0000000E-01   7.8999996E-02   4.8199999E-03   1.0000000E+00   8.4027899E+02
   1.0000000E-01   8.1000000E-02   4.8199999E-03   1.0000000E+00   7.3076917E+02
   1.0000000E-01   8.3000004E-02   4.8199999E-03   1.0000000E+00   6.4040625E+02
   1.0000000E-01   8.5000001E-02   4.8199999E-03   1.0000000E+00   5.6576648E+02
   1.0000000E-01   8.6999997E-02   4.8199999E-03   1.0000000E+00   5.0675208E+02
   1.0000000E-01   8.9000002E-02   4.8199999E-03   1.0000000E+00   4.6179865E+02
   1.0000000E-01   9.1000006E-02   4.8199999E-03   1.0000000E+00   4.2852417E+02
   1.0000000E-01   9.2999995E-02   4.8199999E-03   1.0000000E+00   4.0446616E+02
   1.0000000E-01   9.4999999E-02   4.8199999E-03   1.0000000E+00   3.8742596E+02
   1.0000000E-01   9.7000003E-02   4.8199999E-03   1.0000000E+00   3.7558212E+02
   1.0000000E-01   9.8999999E-02   4.8199999E-03   1.0000000E+00   3.6749545E+02
   1.0000000E-01   1.0100000E-01   4.8199999E-03   1.0000000E+00   3.6206763E+02
   1.0000000E-01   1.0300000E-01   4.8199999E-03   1.0000000E+00   3.5848425E+02
   1.0000000E-01   1.0500000E-01   4.8199999E-03   1.0000000E+00   3.5615634E+02
   1.0000000E-01   1.0700000E-01   4.8199999E-03   1.0000000E+00   3.5466763E+02
   1.0000000E-01   1.0900000E-01   4.8199999E-03   1.0000000E+00   3.5373026E+02
   1.0000000E-01   1.1100000E-01   4.8199999E-03   1.0000000E+00   3.5314902E+02
   1.0000000E-01   1.1300001E-01   4.8199999E-03   1.0000000E+00   3.5279425E+02
   1.0000000E-01   1.1499999E-01   4.8199999E-03   1.0000000E+00   3.5258127E+02
   1.0000000E-01   1.1700000E-01   4.8199999E-03   1.0000000E+00   3.5245587E+02
   1.0000000E-01   1.1900000E-01   4.8199999E-03   1.0000000E+00   3.5238406E+02
   1.0000000E-01   1.2100000E-01   4.8199999E-03   1.0000000E+00   3.5234506E+02
   1.0000000E-01   1.2633334E-01   4.8199999E-03   1.0000000E+00   3.5229620E+02
   1.0000000E-01   1.3733333E-01   4.8199999E-03   1.0000000E+00   3.5228394E+02
   1.0000000E-01   1.5200000E-01   4.8199999E-03   1.0000000E+00   3.5225507E+02
   1.0000000E-01   8.0000004E-03   6.7799999E-03   1.0000000E+00   3.5261581E+02
   1.0000000E-01   2.2666667E-02   6.7799999E-03   1.0000000E+00   3.5590228E+02
   1.0000000E-01   3.3666667E-02   6.7799999E-03   1.0000000E+00   3.8273773E+02
   1.0000000E-01   3.8999997E-02   6.7799999E-03   1.0000000E+00   4.4497955E+02
   1.0000000E-01   4.1000001E-02   6.7799999E-03   1.0000000E+00   4.7725040E+02
   1.0000000E-01   4.2999998E-02   6.7799999E-03   1.0000000E+00   5.2003003E+02
   1.0000000E-01   4.5000002E-02   6.7799999E-03   1.0000000E+00   5.7474677E+02
   1.0000000E-01   4.6999998E-02   6.7799999E-03   1.0000000E+00   6.4345306E+02
   1.0000000E-01   4.9000002E-02   6.7799999E-03   1.0000000E+00   7.2862250E+02
   1.0000000E-01   5.0999999E-02   6.7799999E-03   1.0000000E+00   8.3262622E+02
   1.0000000E-01   5.3000003E-02   6.7799999E-03   1.0000000E+00   9.5746875E+02
   1.0000000E-01   5.5000000E-02   6.7799999E-03   1.0000000E+00   1.1046013E+03
   1.0000000E-01   5.7000000E-02   6.7799999E-03   1.0000000E+00   1.2743580E+03
   1.0000000E-01   5.9000000E-02   6.7799999E-03   1.0000000E+00   1.4644156E+03
   1.0000000E-01   6.0999997E-02   6.7799999E-03   9.9968666E-01   1.6688535E+03
   1.0000000E-01   6.3000001E-02   6.7799999E-03   9.9913055E-01   1.6952693E+03
   1.0000000E-01   6.4999998E-02   6.7799999E-03   9.9971223E-01   1.7023481E+03
   1.0000000E-01   6.7000002E-02   6.7799999E-03   9.9995500E-01   1.7016815E+03
   1.0000000E-01   6.9000006E-02   6.7799999E-03   9.9999303E-01   1.6927592E+03
   1.0000000E-01   7.0999995E-02   6.7799999E-03   9.9986136E-01   1.5612233E+03
   1.0000000E-01   7.2999999E-02   6.7799999E-03   9.9003601E-01   1.3410085E+03
   1.0000000E-01   7.5000003E-02   6.7799999E-03   1.0000000E+00   1.1087870E+03
   1.0000000E-01   7.7000000E-02   6.7799999E-03   1.0000000E+00   9.3416119E+02
   1.0000000E-01   7.8999996E-02   6.7799999E-03   1.0000000E+00   8.0281104E+02
   1.0000000E-01   8.1000000E-02   6.7799999E-03   1.0000000E+00   6.9849432E+02
   1.0000000E-01   8.3000004E-02   6.7799999E-03   1.0000000E+00   6.1428430E+02
   1.0000000E-01   8.5000001E-02   6.7799999E-03   1.0000000E+00   5.4653735E+02
   1.0000000E-01   8.6999997E-02   6.7799999E-03   1.0000000E+00   4.9331714E+02
   1.0000000E-01   8.9000002E-02   6.7799999E-03   1.0000000E+00   4.5266980E+02
   1.0000000E-01   9.1000006E-02   6.7799999E-03   1.0000000E+00   4.2243304E+02
   1.0000000E-01   9.2999995E-02   6.7799999E-03   1.0000000E+00   4.0046487E+02
   1.0000000E-01   9.4999999E-02   6.7799999E-03   1.0000000E+00   3.8483994E+02
   1.0000000E-01   9.7000003E-02   6.7799999E-03   1.0000000E+00   3.7394199E+02
   1.0000000E-01   9.8999999E-02   6.7799999E-03   1.0000000E+00   3.6647946E+02
   1.0000000E-01   1.0100000E-01   6.7799999E-03   1.0000000E+00   3.6145819E+02
   1.0000000E-01   1.0300000E-01   6.7799999E-03   1.0000000E+00   3.5813614E+02
   1.0000000E-01   1.0500000E-01   6.7799999E-03   1.0000000E+00   3.5597400E+02
   1.0000000E-01   1.0700000E-01   6.7799999E-03   1.0000000E+00   3.5458905E+02
   1.0000000E-01   1.0900000E-01   6.7799999E-03   1.0000000E+00   3.5371579E+02
   1.0000000E-01   1.1100000E-01   6.7799999E-03   1.0000000E+00   3.5317371E+02
   1.0000000E-01   1.1300001E-01   6.7799999E-03   1.0000000E+00   3.5284253E+02
   1.0000000E-01   1.1499999E-01   6.7799999E-03   1.0000000E+00   3.5264359E+02
   1.0000000E-01   1.1700000E-01   6.7799999E-03   1.0000000E+00   3.5252646E+02
   1.0000000E-01   1.1900000E-01   6.7799999E-03   1.0000000E+00   3.5245941E+02
   1.0000000E-01   1.2100000E-01   6.7799999E-03   1.0000000E+00   3.5242303E+02
   1.0000000E-01   1.2633334E-01   6.7799999E-03   1.0000000E+00   3.5237769E+02
   1.0000000E-01   1.3733333E-01   6.7799999E-03   1.0000000E+00   3.5236655E+02
   1.0000000E-01   1.5200000E-01   6.7799999E-03   1.0000000E+00   3.5234229E+02
   1.0000000E-01   8.0000004E-03   8.7400004E-03   1.0000000E+00   3.5266675E+02
   1.0000000E-01   2.2666667E-02   8.7400004E-03   1.0000000E+00   3.5565640E+02
   1.0000000E-01   3.3666667E-02   8.7400004E-03   1.0000000E+00   3.7983643E+02
   1.0000000E-01   3.8999997E-02   8.7400004E-03   1.0000000E+00   4.3526822E+02
   1.0000000E-01   4.1000001E-02   8.7400004E-03   1.0000000E+00   4.6403928E+02
   1.0000000E-01   4.2999998E-02   8.7400004E-03   1.0000000E+00   5.0243256E+02
   1.0000000E-01   4.5000002E-02   8.7400004E-03   1.0000000E+00   5.5219324E+02
   1.0000000E-01   4.6999998E-02   8.7400004E-03   1.0000000E+00   6.1537952E+02
   1.0000000E-01   4.9000002E-02   8.7400004E-03   1.0000000E+00   6.9432062E+02
   1.0000000E-01   5.0999999E-02   8.7400004E-03   1.0000000E+00   7.9147858E+02
   1.0000000E-01   5.3000003E-02   8.7400004E-03   1.0000000E+00   9.0946783E+02
   1.0000000E-01   5.5000000E-02   8.7400004E-03   1.0000000E+00   1.0513121E+03
   1.0000000E-01   5.7000000E-02   8.7400004E-03   1.0000000E+00   1.2210315E+03
   1.0000000E-01   5.9000000E-02   8.7400004E-03   1.0000000E+00   1.4255208E+03
   1.0000000E-01   6.0999997E-02   8.7400004E-03   9.9002421E-01   1.6838041E+03
   1.0000000E-01   6.3000001E-02   8.7400004E-03   9.9432456E-01   1.7027025E+03
   1.0000000E-01   6.4999998E-02   8.7400004E-03   9.9950993E-01   1.7120240E+03
   1.0000000E-01   6.7000002E-02   8.7400004E-03   7.1401590E-01   1.7158508E+03
   1.0000000E-01   6.9000006E-02   8.7400004E-03   4.7558171E-01   1.7155963E+03
   1.0000000E-01   7.0999995E-02   8.7400004E-03   2.5603756E-01   1.7057870E+03
   1.0000000E-01   7.2999999E-02   8.7400004E-03   0.0000000E+00   2.9300000E+02
   1.0000000E-01   7.5000003E-02   8.7400004E-03   6.2265325E-01   9.8486548E+02
   1.0000000E-01   7.7000000E-02   8.7400004E-03   1.0000000E+00   8.5465015E+02
   1.0000000E-01   7.8999996E-02   8.7400004E-03   1.0000000E+00   7.4745227E+02
   1.0000000E-01   8.1000000E-02   8.7400004E-03   1.0000000E+00   6.5754608E+02
   1.0000000E-01   8.3000004E-02   8.7400004E-03   1.0000000E+00   5.8374310E+02
   1.0000000E-01   8.5000001E-02   8.7400004E-03   1.0000000E+00   5.2431335E+02
   1.0000000E-01   8.6999997E-02   8.7400004E-03   1.0000000E+00   4.7759586E+02
   1.0000000E-01   8.9000002E-02   8.7400004E-03   1.0000000E+00   4.4181265E+02
   1.0000000E-01   9.1000006E-02   8.7400004E-03   1.0000000E+00   4.1508493E+02
   1.0000000E-01   9.2999995E-02   8.7400004E-03   1.0000000E+00   3.9558096E+02
   1.0000000E-01   9.4999999E-02   8.7400004E-03   1.0000000E+00   3.8165060E+02
   1.0000000E-01   9.7000003E-02   8.7400004E-03   1.0000000E+00   3.7189755E+02
   1.0000000E-01   9.8999999E-02   8.7400004E-03   1.0000000E+00   3.6519626E+02
   1.0000000E-01   1.0100000E-01   8.7400004E-03   1.0000000E+00   3.6067352E+02
   1.0000000E-01   1.0300000E-01   8.7400004E-03   1.0000000E+00   3.5767325E+02
   1.0000000E-01   1.0500000E-01   8.7400004E-03   1.0000000E+00   3.5571585E+02
   1.0000000E-01   1.0700000E-01   8.7400004E-03   1.0000000E+00   3.5445947E+02
   1.0000000E-01   1.0900000E-01   8.7400004E-03   1.0000000E+00   3.5366583E+02
   1.0000000E-01   1.1100000E-01   8.7400004E-03   1.0000000E+00   3.5317242E+02
   1.0000000E-01   1.1300001E-01   8.7400004E-03   1.0000000E+00   3.5287067E+02
   1.0000000E-01   1.1499999E-01   8.7400004E-03   1.0000000E+00   3.5268927E+02
   1.0000000E-01   1.1700000E-01   8.7400004E-03   1.0000000E+00   3.5258243E+02
   1.0000000E-01   1.1900000E-01   8.7400004E-03   1.0000000E+00   3.5252136E+02
   1.0000000E-01   1.2100000E-01   8.7400004E-03   1.0000000E+00   3.5248831E+02
   1.0000000E-01   1.2633334E-01   8.7400004E-03   1.0000000E+00   3.5244739E+02
   1.0000000E-01   1.3733333E-01   8.7400004E-03   1.0000000E+00   3.5243774E+02
   1.0000000E-01   1.5200000E-01   8.7400004E-03   1.0000000E+00   3.5241733E+02
   1.0000000E-01   8.0000004E-03   1.0700000E-02   1.0000000E+00   3.5270367E+02
   1.0000000E-01   2.2666667E-02   1.0700000E-02   1.0000000E+00   3.5536490E+02
   1.0000000E-01   3.3666667E-02   1.0700000E-02   1.0000000E+00   3.7669559E+02
   1.0000000E-01   3.8999997E-02   1.0700000E-02   1.0000000E+00   4.2519260E+02
   1.0000000E-01   4.1000001E-02   1.0700000E-02   1.0000000E+00   4.5042416E+02
   1.0000000E-01   4.2999998E-02   1.0700000E-02   1.0000000E+00   4.8424597E+02
   1.0000000E-01   4.5000002E-02   1.0700000E-02   1.0000000E+00   5.2835651E+02
   1.0000000E-01   4.6999998E-02   1.0700000E-02   1.0000000E+00   5.8464813E+02
   1.0000000E-01   4.9000002E-02   1.0700000E-02   1.0000000E+00   6.5518018E+02
   1.0000000E-01   5.0999999E-02   1.0700000E-02   1.0000000E+00   7.4215057E+02
   1.0000000E-01   5.3000003E-02   1.0700000E-02   1.0000000E+00   8.4803314E+02
   1.0000000E-01   5.5000000E-02   1.0700000E-02   1.0000000E+00   9.7617029E+02
   1.0000000E-01   5.7000000E-02   1.0700000E-02   1.0000000E+00   1.1329238E+03
   1.0000000E-01   5.9000000E-02   1.0700000E-02   1.0000000E+00   1.3370396E+03
   1.0000000E-01   6.0999997E-02   1.0700000E-02   8.5677141E-01   1.6857609E+03
   1.0000000E-01   6.3000001E-02   1.0700000E-02   4.7660804E-01   1.7131316E+03
   1.0000000E-01   6.4999998E-02   1.0700000E-02   3.7004668E-02   1.7141169E+03
   1.0000000E-01   6.7000002E-02   1.0700000E-02   0.0000000E+00   2.9300000E+02
   1.0000000E-01   6.9000006E-02   1.0700000E-02   0.0000000E+00   2.9300000E+02
   1.0000000E-01   7.0999995E-02   1.0700000E-02   0.0000000E+00   2.9300000E+02
   1.0000000E-01   7.2999999E-02   1.0700000E-02   0.0000000E+00   2.9300000E+02
   1.0000000E-01   7.5000003E-02   1.0700000E-02   1.0000026E-02   8.7865747E+02
   1.0000000E-01   7.7000000E-02   1.0700000E-02   6.4000016E-01   7.6758240E+02
   1.0000000E-01   7.8999996E-02   1.0700000E-02   1.0000000E+00   6.8315210E+02
   1.0000000E-01   8.1000000E-02   1.0700000E-02   1.0000000E+00   6.1094305E+02
   1.0000000E-01   8.3000004E-02   1.0700000E-02   1.0000000E+00   5.4985669E+02
   1.0000000E-01   8.5000001E-02   1.0700000E-02   1.0000000E+00   4.9994260E+02
   1.0000000E-01   8.6999997E-02   1.0700000E-02   1.0000000E+00   4.6037296E+02
   1.0000000E-01   8.9000002E-02   1.0700000E-02   1.0000000E+00   4.2986911E+02
   1.0000000E-01   9.1000006E-02   1.0700000E-02   1.0000000E+00   4.0695349E+02
   1.0000000E-01   9.2999995E-02   1.0700000E-02   1.0000000E+00   3.9014200E+02
   1.0000000E-01   9.4999999E-02   1.0700000E-02   1.0000000E+00   3.7807547E+02
   1.0000000E-01   9.7000003E-02   1.0700000E-02   1.0000000E+00   3.6958932E+02
   1.0000000E-01   9.8999999E-02   1.0700000E-02   1.0000000E+00   3.6373474E+02
   1.0000000E-01   1.0100000E-01   1.0700000E-02   1.0000000E+00   3.5976901E+02
   1.0000000E-01   1.0300000E-01   1.0700000E-02   1.0000000E+00   3.5712958E+02
   1.0000000E-01   1.0500000E-01   1.0700000E-02   1.0000000E+00   3.5540259E+02
   1.0000000E-01   1.0700000E-01   1.0700000E-02   1.0000000E+00   3.5429126E+02
   1.0000000E-01   1.0900000E-01   1.0700000E-02   1.0000000E+00   3.5358768E+02
   1.0000000E-01   1.1100000E-01   1.0700000E-02   1.0000000E+00   3.5314951E+02
   1.0000000E-01   1.1300001E-01   1.0700000E-02   1.0000000E+00   3.5288113E+02
   1.0000000E-01   1.1499999E-01   1.0700000E-02   1.0000000E+00   3.5271973E+02
   1.0000000E-01   1.1700000E-01   1.0700000E-02   1.0000000E+00   3.5262469E+02
   1.0000000E-01   1.1900000E-01   1.0700000E-02   1.0000000E+00   3.5257043E+02
   1.0000000E-01   1.2100000E-01   1.0700000E-02   1.0000000E+00   3.5254120E+02
   1.0000000E-01   1.2633334E-01   1.0700000E-02   1.0000000E+00   3.5250537E+02
   1.0000000E-01   1.3733333E-01   1.0700000E-02   1.0000000E+00   3.5249747E+02
   1.0000000E-01   1.5200000E-01   1.0700000E-02   1.0000000E+00   3.5248035E+02
   1.0000000E-01   8.0000004E-03   1.2660000E-02   1.0000000E+00   3.5272794E+02
   1.0000000E-01   2.2666667E-02   1.2660000E-02   1.0000000E+00   3.5504733E+02
   1.0000000E-01   3.3666667E-02   1.2660000E-02   1.0000000E+00   3.7347687E+02
   1.0000000E-01   3.8999997E-02   1.2660000E-02   1.0000000E+00   4.1507501E+02
   1.0000000E-01   4.1000001E-02   1.2660000E-02   1.0000000E+00   4.3673822E+02
   1.0000000E-01   4.2999998E-02   1.2660000E-02   1.0000000E+00   4.6581909E+02
   1.0000000E-01   4.5000002E-02   1.2660000E-02   1.0000000E+00   5.0379333E+02
   1.0000000E-01   4.6999998E-02   1.2660000E-02   1.0000000E+00   5.5222461E+02
   1.0000000E-01   4.9000002E-02   1.2660000E-02   1.0000000E+00   6.1268390E+02
   1.0000000E-01   5.0999999E-02   1.2660000E-02   1.0000000E+00   6.8663373E+02
   1.0000000E-01   5.3000003E-02   1.2660000E-02   1.0000000E+00   7.7530579E+02
   1.0000000E-01   5.5000000E-02   1.2660000E-02   1.0000000E+00   8.7957562E+02
   1.0000000E-01   5.7000000E-02   1.2660000E-02   1.0000000E+00   1.0000140E+03
   1.0000000E-01   5.9000000E-02   1.2660000E-02   1.0000000E+00   1.1404752E+03
   1.0000000E-01   6.0999997E-02   1.2660000E-02   3.3065760E-01   1.5376910E+03
   1.0000000E-01   6.3000001E-02   1.2660000E-02   0.0000000E+00   2.9300000E+02
   1.0000000E-01   6.4999998E-02   1.2660000E-02   0.0000000E+00   2.9300000E+02
   1.0000000E-01   6.7000002E-02   1.2660000E-02   0.0000000E+00   2.9300000E+02
   1.0000000E-01   6.9000006E-02   1.2660000E-02   0.0000000E+00   2.9300000E+02
   1.0000000E-01   7.0999995E-02   1.2660000E-02   0.0000000E+00   2.9300000E+02
   1.0000000E-01   7.2999999E-02   1.2660000E-02   0.0000000E+00   2.9300000E+02
   1.0000000E-01   7.5000003E-02   1.2660000E-02   0.0000000E+00   2.9300000E+02
   1.0000000E-01   7.7000000E-02   1.2660000E-02   1.3061253E-02   6.9312885E+02
   1.0000000E-01   7.8999996E-02   1.2660000E-02   6.5693891E-01   6.2025958E+02
   1.0000000E-01   8.1000000E-02   1.2660000E-02   1.0000000E+00   5.6320648E+02
   1.0000000E-01   8.3000004E-02   1.2660000E-02   1.0000000E+00   5.1502771E+02
   1.0000000E-01   8.5000001E-02   1.2660000E-02   1.0000000E+00   4.7488986E+02
   1.0000000E-01   8.6999997E-02   1.2660000E-02   1.0000000E+00   4.4264630E+02
   1.0000000E-01   8.9000002E-02   1.2660000E-02   1.0000000E+00   4.1754141E+02
   1.0000000E-01   9.1000006E-02   1.2660000E-02   1.0000000E+00   3.9852740E+02
   1.0000000E-01   9.2999995E-02   1.2660000E-02   1.0000000E+00   3.8447995E+02
   1.0000000E-01   9.4999999E-02   1.2660000E-02   1.0000000E+00   3.7433459E+02
   1.0000000E-01   9.7000003E-02   1.2660000E-02   1.0000000E+00   3.6716010E+02
   1.0000000E-01   9.8999999E-02   1.2660000E-02   1.0000000E+00   3.6218594E+02
   1.0000000E-01   1.0100000E-01   1.2660000E-02   1.0000000E+00   3.5880170E+02
   1.0000000E-01   1.0300000E-01   1.2660000E-02   1.0000000E+00   3.5654041E+02
   1.0000000E-01   1.0500000E-01   1.2660000E-02   1.0000000E+00   3.5505569E+02
   1.0000000E-01   1.0700000E-01   1.2660000E-02   1.0000000E+00   3.5409735E+02
   1.0000000E-01   1.0900000E-01   1.2660000E-02   1.0000000E+00   3.5348907E+02
   1.0000000E-01   1.1100000E-01   1.2660000E-02   1.0000000E+00   3.5310950E+02
   1.0000000E-01   1.1300001E-01   1.2660000E-02   1.0000000E+00   3.5287668E+02
   1.0000000E-01   1.1499999E-01   1.2660000E-02   1.0000000E+00   3.5273657E+02
   1.0000000E-01   1.1700000E-01   1.2660000E-02   1.0000000E+00   3.5265414E+02
   1.0000000E-01   1.1900000E-01   1.2660000E-02   1.0000000E+00   3.5260721E+02
   1.0000000E-01   1.2100000E-01   1.2660000E-02   1.0000000E+00   3.5258209E+02
   1.0000000E-01   1.2633334E-01   1.2660000E-02   1.0000000E+00   3.5255176E+02
   1.0000000E-01   1.3733333E-01   1.2660000E-02   1.0000000E+00   3.5254578E+02
   1.0000000E-01   1.5200000E-01   1.2660000E-02   1.0000000E+00   3.5253140E+02
   1.0000000E-01   8.0000004E-03   1.4620000E-02   1.0000000E+00   3.5274063E+02
   1.0000000E-01   2.2666667E-02   1.4620000E-02   1.0000000E+00   3.5472076E+02
   1.0000000E-01   3.3666667E-02   1.4620000E-02   1.0000000E+00   3.7031494E+02
   1.0000000E-01   3.8999997E-02   1.4620000E-02   1.0000000E+00   4.0523080E+02
   1.0000000E-01   4.1000001E-02   1.4620000E-02   1.0000000E+00   4.2338739E+02
   1.0000000E-01   4.2999998E-02   1.4620000E-02   1.0000000E+00   4.4772031E+02
   1.0000000E-01   4.5000002E-02   1.4620000E-02   1.0000000E+00   4.7940305E+02
   1.0000000E-01   4.6999998E-02   1.4620000E-02   1.0000000E+00   5.1958661E+02
   1.0000000E-01   4.9000002E-02   1.4620000E-02   1.0000000E+00   5.6924847E+02
   1.0000000E-01   5.0999999E-02   1.4620000E-02   1.0000000E+00   6.2893762E+02
   1.0000000E-01   5.3000003E-02   1.4620000E-02   1.0000000E+00   6.9832288E+02
   1.0000000E-01   5.5000000E-02   1.4620000E-02   1.0000000E+00   7.7524762E+02
   1.0000000E-01   5.7000000E-02   1.4620000E-02   1.0000000E+00   8.5339722E+02
   1.0000000E-01   5.9000000E-02   1.4620000E-02   1.0000000E+00   9.1579974E+02
   1.0000000E-01   6.0999997E-02   1.4620000E-02   0.0000000E+00   2.9300000E+02
   1.0000000E-01   6.3000001E-02   1.4620000E-02   0.0000000E+00   2.9300000E+02
   1.0000000E-01   6.4999998E-02   1.4620000E-02   0.0000000E+00   2.9300000E+02
   1.0000000E-01   6.7000002E-02   1.4620000E-02   0.0000000E+00   2.9300000E+02
   1.0000000E-01   6.9000006E-02   1.4620000E-02   0.0000000E+00   2.9300000E+02
   1.0000000E-01   7.0999995E-02   1.4620000E-02   0.0000000E+00   2.9300000E+02
   1.0000000E-01   7.2999999E-02   1.4620000E-02   0.0000000E+00   2.9300000E+02
   1.0000000E-01   7.5000003E-02   1.4620000E-02   0.0000000E+00   2.9300000E+02
   1.0000000E-01   7.7000000E-02   1.4620000E-02   0.0000000E+00   2.9300000E+02
   1.0000000E-01   7.8999996E-02   1.4620000E-02   1.6530646E-02   5.6813483E+02
   1.0000000E-01   8.1000000E-02   1.4620000E-02   6.7346954E-01   5.1920709E+02
   1.0000000E-01   8.3000004E-02   1.4620000E-02   1.0000000E+00   4.8170917E+02
   1.0000000E-01   8.5000001E-02   1.4620000E-02   1.0000000E+00   4.5073447E+02
   1.0000000E-01   8.6999997E-02   1.4620000E-02   1.0000000E+00   4.2545810E+02
   1.0000000E-01   8.9000002E-02   1.4620000E-02   1.0000000E+00   4.0552878E+02
   1.0000000E-01   9.1000006E-02   1.4620000E-02   1.0000000E+00   3.9027655E+02
   1.0000000E-01   9.2999995E-02   1.4620000E-02   1.0000000E+00   3.7890790E+02
   1.0000000E-01   9.4999999E-02   1.4620000E-02   1.0000000E+00   3.7063394E+02
   1.0000000E-01   9.7000003E-02   1.4620000E-02   1.0000000E+00   3.6474332E+02
   1.0000000E-01   9.8999999E-02   1.4620000E-02   1.0000000E+00   3.6063501E+02
   1.0000000E-01   1.0100000E-01   1.4620000E-02   1.0000000E+00   3.5782520E+02
   1.0000000E-01   1.0300000E-01   1.4620000E-02   1.0000000E+00   3.5593900E+02
   1.0000000E-01   1.0500000E-01   1.4620000E-02   1.0000000E+00   3.5469553E+02
   1.0000000E-01   1.0700000E-01   1.4620000E-02   1.0000000E+00   3.5389011E+02
   1.0000000E-01   1.0900000E-01   1.4620000E-02   1.0000000E+00   3.5337741E+02
   1.0000000E-01   1.1100000E-01   1.4620000E-02   1.0000000E+00   3.5305676E+02
   1.0000000E-01   1.1300001E-01   1.4620000E-02   1.0000000E+00   3.5285983E+02
   1.0000000E-01   1.1499999E-01   1.4620000E-02   1.0000000E+00   3.5274130E+02
   1.0000000E-01   1.1700000E-01   1.4620000E-02   1.0000000E+00   3.5267169E+02
   1.0000000E-01   1.1900000E-01   1.4620000E-02   1.0000000E+00   3.5263223E+02
   1.0000000E-01   1.2100000E-01   1.4620000E-02   1.0000000E+00   3.5261130E+02
   1.0000000E-01   1.2633334E-01   1.4620000E-02   1.0000000E+00   3.5258667E+02
   1.0000000E-01   1.3733333E-01   1.4620000E-02   1.0000000E+00   3.5258267E+02
   1.0000000E-01   1.5200000E-01   1.4620000E-02   1.0000000E+00   3.5257062E+02
   1.0000000E-01   8.0000004E-03   1.6580001E-02   1.0000000E+00   3.5274283E+02
   1.0000000E-01   2.2666667E-02   1.6580001E-02   1.0000000E+00   3.5439905E+02
   1.0000000E-01   3.3666667E-02   1.6580001E-02   1.0000000E+00   3.6731918E+02
   1.0000000E-01   3.8999997E-02   1.6580001E-02   1.0000000E+00   3.9595975E+02
   1.0000000E-01   4.1000001E-02   1.6580001E-02   1.0000000E+00   4.1079266E+02
   1.0000000E-01   4.2999998E-02   1.6580001E-02   1.0000000E+00   4.3058246E+02
   1.0000000E-01   4.5000002E-02   1.6580001E-02   1.0000000E+00   4.5619156E+02
   1.0000000E-01   4.6999998E-02   1.6580001E-02   1.0000000E+00   4.8837143E+02
   1.0000000E-01   4.9000002E-02   1.6580001E-02   1.0000000E+00   5.2757452E+02
   1.0000000E-01   5.0999999E-02   1.6580001E-02   1.0000000E+00   5.7364471E+02
   1.0000000E-01   5.3000003E-02   1.6580001E-02   1.0000000E+00   6.2530530E+02
   1.0000000E-01   5.5000000E-02   1.6580001E-02   1.0000000E+00   6.7927728E+02
   1.0000000E-01   5.7000000E-02   1.6580001E-02   1.0000000E+00   7.2876984E+02
   1.0000000E-01   5.9000000E-02   1.6580001E-02   1.0000000E+00   7.6139075E+02
   1.0000000E-01   6.0999997E-02   1.6580001E-02   0.0000000E+00   2.9300000E+02
   1.0000000E-01   6.3000001E-02   1.6580001E-02   0.0000000E+00   2.9300000E+02
   1.0000000E-01   6.4999998E-02   1.6580001E-02   0.0000000E+00   2.9300000E+02
   1.0000000E-01   6.7000002E-02   1.6580001E-02   0.0000000E+00   2.9300000E+02
   1.0000000E-01   6.9000006E-02   1.6580001E-02   0.0000000E+00   2.9300000E+02
   1.0000000E-01   7.0999995E-02   1.6580001E-02   0.0000000E+00   2.9300000E+02
   1.0000000E-01   7.2999999E-02   1.6580001E-02   0.0000000E+00   2.9300000E+02
   1.0000000E-01   7.5000003E-02   1.6580001E-02   0.0000000E+00   2.9300000E+02
   1.0000000E-01   7.7000000E-02   1.6580001E-02   0.0000000E+00   2.9300000E+02
   1.0000000E-01   7.8999996E-02   1.6580001E-02   0.0000000E+00   2.9300000E+02
   1.0000000E-01   8.1000000E-02   1.6580001E-02   2.0408200E-02   4.8407822E+02
   1.0000000E-01   8.3000004E-02   1.6580001E-02   6.8959200E-01   4.5237354E+02
   1.0000000E-01   8.5000001E-02   1.6580001E-02   1.0000000E+00   4.2876834E+02
   1.0000000E-01   8.6999997E-02   1.6580001E-02   1.0000000E+00   4.0968866E+02
   1.0000000E-01   8.9000002E-02   1.6580001E-02   1.0000000E+00   3.9442535E+02
   1.0000000E-01   9.1000006E-02   1.6580001E-02   1.0000000E+00   3.8259918E+02
   1.0000000E-01   9.2999995E-02   1.6580001E-02   1.0000000E+00   3.7369061E+02
   1.0000000E-01   9.4999999E-02   1.6580001E-02   1.0000000E+00   3.6714755E+02
   1.0000000E-01   9.7000003E-02   1.6580001E-02   1.0000000E+00   3.6245209E+02
   1.0000000E-01   9.8999999E-02   1.6580001E-02   1.0000000E+00   3.5915451E+02
   1.0000000E-01   1.0100000E-01   1.6580001E-02   1.0000000E+00   3.5688535E+02
   1.0000000E-01   1.0300000E-01   1.6580001E-02   1.0000000E+00   3.5535400E+02
   1.0000000E-01   1.0500000E-01   1.6580001E-02   1.0000000E+00   3.5433978E+02
   1.0000000E-01   1.0700000E-01   1.6580001E-02   1.0000000E+00   3.5368027E+02
   1.0000000E-01   1.0900000E-01   1.6580001E-02   1.0000000E+00   3.5325912E+02
   1.0000000E-01   1.1100000E-01   1.6580001E-02   1.0000000E+00   3.5299515E+02
   1.0000000E-01   1.1300001E-01   1.6580001E-02   1.0000000E+00   3.5283289E+02
   1.0000000E-01   1.1499999E-01   1.6580001E-02   1.0000000E+00   3.5273529E+02
   1.0000000E-01   1.1700000E-01   1.6580001E-02   1.0000000E+00   3.5267813E+02
   1.0000000E-01   1.1900000E-01   1.6580001E-02   1.0000000E+00   3.5264597E+02
   1.0000000E-01   1.2100000E-01   1.6580001E-02   1.0000000E+00   3.5262918E+02
   1.0000000E-01   1.2633334E-01   1.6580001E-02   1.0000000E+00   3.5261020E+02
   1.0000000E-01   1.3733333E-01   1.6580001E-02   1.0000000E+00   3.5260818E+02
   1.0000000E-01   1.5200000E-01   1.6580001E-02   1.0000000E+00   3.5259802E+02
   1.0000000E-01   8.0000004E-03   1.8539999E-02   1.0000000E+00   3.5273526E+02
   1.0000000E-01   2.2666667E-02   1.8539999E-02   1.0000000E+00   3.5409262E+02
   1.0000000E-01   3.3666667E-02   1.8539999E-02   1.0000000E+00   3.6457257E+02
   1.0000000E-01   3.8999997E-02   1.8539999E-02   1.0000000E+00   3.8751501E+02
   1.0000000E-01   4.1000001E-02   1.8539999E-02   1.0000000E+00   3.9932101E+02
   1.0000000E-01   4.2999998E-02   1.8539999E-02   1.0000000E+00   4.1496619E+02
   1.0000000E-01   4.5000002E-02   1.8539999E-02   1.0000000E+00   4.3503967E+02
   1.0000000E-01   4.6999998E-02   1.8539999E-02   1.0000000E+00   4.5997104E+02
   1.0000000E-01   4.9000002E-02   1.8539999E-02   1.0000000E+00   4.8984775E+02
   1.0000000E-01   5.0999999E-02   1.8539999E-02   1.0000000E+00   5.2413861E+02
   1.0000000E-01   5.3000003E-02   1.8539999E-02   1.0000000E+00   5.6129572E+02
   1.0000000E-01   5.5000000E-02   1.8539999E-02   1.0000000E+00   5.9822430E+02
   1.0000000E-01   5.7000000E-02   1.8539999E-02   1.0000000E+00   6.2972461E+02
   1.0000000E-01   5.9000000E-02   1.8539999E-02   1.0000000E+00   6.4846515E+02
   1.0000000E-01   6.0999997E-02   1.8539999E-02   0.0000000E+00   2.9300000E+02
   1.0000000E-01   6.3000001E-02   1.8539999E-02   0.0000000E+00   2.9300000E+02
   1.0000000E-01   6.4999998E-02   1.8539999E-02   0.0000000E+00   2.9300000E+02
   1.0000000E-01   6.7000002E-02   1.8539999E-02   0.0000000E+00   2.9300000E+02
   1.0000000E-01   6.9000006E-02   1.8539999E-02   0.0000000E+00   2.9300000E+02
   1.0000000E-01   7.0999995E-02   1.8539999E-02   0.0000000E+00   2.9300000E+02
   1.0000000E-01   7.2999999E-02   1.8539999E-02   0.0000000E+00   2.9300000E+02
   1.0000000E-01   7.5000003E-02   1.8539999E-02   0.0000000E+00   2.9300000E+02
   1.0000000E-01   7.7000000E-02   1.8539999E-02   0.0000000E+00   2.9300000E+02
   1.0000000E-01   7.8999996E-02   1.8539999E-02   0.0000000E+00   2.9300000E+02
   1.0000000E-01   8.1000000E-02   1.8539999E-02   0.0000000E+00   2.9300000E+02
   1.0000000E-01   8.3000004E-02   1.8539999E-02   2.4693917E-02   4.2981091E+02
   1.0000000E-01   8.5000001E-02   1.8539999E-02   7.0530623E-01   4.1015826E+02
   1.0000000E-01   8.6999997E-02   1.8539999E-02   1.0000000E+00   3.9592847E+02
   1.0000000E-01   8.9000002E-02   1.8539999E-02   1.0000000E+00   3.8464542E+02
   1.0000000E-01   9.1000006E-02   1.8539999E-02   1.0000000E+00   3.7578009E+02
   1.0000000E-01   9.2999995E-02   1.8539999E-02   1.0000000E+00   3.6902075E+02
   1.0000000E-01   9.4999999E-02   1.8539999E-02   1.0000000E+00   3.6400400E+02
   1.0000000E-01   9.7000003E-02   1.8539999E-02   1.0000000E+00   3.6037100E+02
   1.0000000E-01   9.8999999E-02   1.8539999E-02   1.0000000E+00   3.5779926E+02
   1.0000000E-01   1.0100000E-01   1.8539999E-02   1.0000000E+00   3.5601733E+02
   1.0000000E-01   1.0300000E-01   1.8539999E-02   1.0000000E+00   3.5480756E+02
   1.0000000E-01   1.0500000E-01   1.8539999E-02   1.0000000E+00   3.5400220E+02
   1.0000000E-01   1.0700000E-01   1.8539999E-02   1.0000000E+00   3.5347629E+02
   1.0000000E-01   1.0900000E-01   1.8539999E-02   1.0000000E+00   3.5313940E+02
   1.0000000E-01   1.1100000E-01   1.8539999E-02   1.0000000E+00   3.5292783E+02
   1.0000000E-01   1.1300001E-01   1.8539999E-02   1.0000000E+00   3.5279770E+02
   1.0000000E-01   1.1499999E-01   1.8539999E-02   1.0000000E+00   3.5271960E+02
   1.0000000E-01   1.1700000E-01   1.8539999E-02   1.0000000E+00   3.5267413E+02
   1.0000000E-01   1.1900000E-01   1.8539999E-02   1.0000000E+00   3.5264886E+02
   1.0000000E-01   1.2100000E-01   1.8539999E-02   1.0000000E+00   3.5263599E+02
   1.0000000E-01   1.2633334E-01   1.8539999E-02   1.0000000E+00   3.5262241E+02
   1.0000000E-01   1.3733333E-01   1.8539999E-02   1.0000000E+00   3.5262234E+02
   1.0000000E-01   1.5200000E-01   1.8539999E-02   1.0000000E+00   3.5261374E+02
   1.0000000E-01   8.0000004E-03   2.0500001E-02   1.0000000E+00   3.5271854E+02
   1.0000000E-01   2.2666667E-02   2.0500001E-02   1.0000000E+00   3.5380859E+02
   1.0000000E-01   3.3666667E-02   2.0500001E-02   1.0000000E+00   3.6213043E+02
   1.0000000E-01   3.8999997E-02   2.0500001E-02   1.0000000E+00   3.8007486E+02
   1.0000000E-01   4.1000001E-02   2.0500001E-02   1.0000000E+00   3.8923276E+02
   1.0000000E-01   4.2999998E-02   2.0500001E-02   1.0000000E+00   4.0126620E+02
   1.0000000E-01   4.5000002E-02   2.0500001E-02   1.0000000E+00   4.1655066E+02
   1.0000000E-01   4.6999998E-02   2.0500001E-02   1.0000000E+00   4.3529099E+02
   1.0000000E-01   4.9000002E-02   2.0500001E-02   1.0000000E+00   4.5737173E+02
   1.0000000E-01   5.0999999E-02   2.0500001E-02   1.0000000E+00   4.8215137E+02
   1.0000000E-01   5.3000003E-02   2.0500001E-02   1.0000000E+00   5.0821133E+02
   1.0000000E-01   5.5000000E-02   2.0500001E-02   1.0000000E+00   5.3311407E+02
   1.0000000E-01   5.7000000E-02   2.0500001E-02   1.0000000E+00   5.5332837E+02
   1.0000000E-01   5.9000000E-02   2.0500001E-02   1.0000000E+00   5.6467926E+02
   1.0000000E-01   6.0999997E-02   2.0500001E-02   0.0000000E+00   2.9300000E+02
   1.0000000E-01   6.3000001E-02   2.0500001E-02   0.0000000E+00   2.9300000E+02
   1.0000000E-01   6.4999998E-02   2.0500001E-02   0.0000000E+00   2.9300000E+02
   1.0000000E-01   6.7000002E-02   2.0500001E-02   0.0000000E+00   2.9300000E+02
   1.0000000E-01   6.9000006E-02   2.0500001E-02   0.0000000E+00   2.9300000E+02
   1.0000000E-01   7.0999995E-02   2.0500001E-02   0.0000000E+00   2.9300000E+02
   1.0000000E-01   7.2999999E-02   2.0500001E-02   0.0000000E+00   2.9300000E+02
   1.0000000E-01   7.5000003E-02   2.0500001E-02   0.0000000E+00   2.9300000E+02
   1.0000000E-01   7.7000000E-02   2.0500001E-02   0.0000000E+00   2.9300000E+02
   1.0000000E-01   7.8999996E-02   2.0500001E-02   0.0000000E+00   2.9300000E+02
   1.0000000E-01   8.1000000E-02   2.0500001E-02   0.0000000E+00   2.9300000E+02
   1.0000000E-01   8.3000004E-02   2.0500001E-02   0.0000000E+00   2.9300000E+02
   1.0000000E-01   8.5000001E-02   2.0500001E-02   2.9387798E-02   3.9631866E+02
   1.0000000E-01   8.6999997E-02   2.0500001E-02   7.2061241E-01   3.8464151E+02
   1.0000000E-01   8.9000002E-02   2.0500001E-02   1.0000000E+00   3.7640002E+02
   1.0000000E-01   9.1000006E-02   2.0500001E-02   1.0000000E+00   3.6997488E+02
   1.0000000E-01   9.2999995E-02   2.0500001E-02   1.0000000E+00   3.6500931E+02
   1.0000000E-01   9.4999999E-02   2.0500001E-02   1.0000000E+00   3.6128046E+02
   1.0000000E-01   9.7000003E-02   2.0500001E-02   1.0000000E+00   3.5855249E+02
   1.0000000E-01   9.8999999E-02   2.0500001E-02   1.0000000E+00   3.5660431E+02
   1.0000000E-01   1.0100000E-01   2.0500001E-02   1.0000000E+00   3.5524402E+02
   1.0000000E-01   1.0300000E-01   2.0500001E-02   1.0000000E+00   3.5431442E+02
   1.0000000E-01   1.0500000E-01   2.0500001E-02   1.0000000E+00   3.5369217E+02
   1.0000000E-01   1.0700000E-01   2.0500001E-02   1.0000000E+00   3.5328406E+02
   1.0000000E-01   1.0900000E-01   2.0500001E-02   1.0000000E+00   3.5302182E+02
   1.0000000E-01   1.1100000E-01   2.0500001E-02   1.0000000E+00   3.5285690E+02
   1.0000000E-01   1.1300001E-01   2.0500001E-02   1.0000000E+00   3.5275562E+02
   1.0000000E-01   1.1499999E-01   2.0500001E-02   1.0000000E+00   3.5269510E+02
   1.0000000E-01   1.1700000E-01   2.0500001E-02   1.0000000E+00   3.5266019E+02
   1.0000000E-01   1.1900000E-01   2.0500001E-02   1.0000000E+00   3.5264117E+02
   1.0000000E-01   1.2100000E-01   2.0500001E-02   1.0000000E+00   3.5263190E+02
   1.0000000E-01   1.2633334E-01   2.0500001E-02   1.0000000E+00   3.5262338E+02
   1.0000000E-01   1.3733333E-01   2.0500001E-02   1.0000000E+00   3.5262518E+02
   1.0000000E-01   1.5200000E-01   2.0500001E-02   1.0000000E+00   3.5261774E+02
   1.0000000E-01   8.0000004E-03   2.2459999E-02   1.0000000E+00   3.5269287E+02
   1.0000000E-01   2.2666667E-02   2.2459999E-02   1.0000000E+00   3.5355075E+02
   1.0000000E-01   3.3666667E-02   2.2459999E-02   1.0000000E+00   3.6002075E+02
   1.0000000E-01   3.8999997E-02   2.2459999E-02   1.0000000E+00   3.7372897E+02
   1.0000000E-01   4.1000001E-02   2.2459999E-02   1.0000000E+00   3.8065765E+02
   1.0000000E-01   4.2999998E-02   2.2459999E-02   1.0000000E+00   3.8967450E+02
   1.0000000E-01   4.5000002E-02   2.2459999E-02   1.0000000E+00   4.0100235E+02
   1.0000000E-01   4.6999998E-02   2.2459999E-02   1.0000000E+00   4.1470831E+02
   1.0000000E-01   4.9000002E-02   2.2459999E-02   1.0000000E+00   4.3059421E+02
   1.0000000E-01   5.0999999E-02   2.2459999E-02   1.0000000E+00   4.4806131E+02
   1.0000000E-01   5.3000003E-02   2.2459999E-02   1.0000000E+00   4.6597403E+02
   1.0000000E-01   5.5000000E-02   2.2459999E-02   1.0000000E+00   4.8258121E+02
   1.0000000E-01   5.7000000E-02   2.2459999E-02   1.0000000E+00   4.9560617E+02
   1.0000000E-01   5.9000000E-02   2.2459999E-02   1.0000000E+00   5.0266370E+02
   1.0000000E-01   6.0999997E-02   2.2459999E-02   0.0000000E+00   2.9300000E+02
   1.0000000E-01   6.3000001E-02   2.2459999E-02   0.0000000E+00   2.9300000E+02
   1.0000000E-01   6.4999998E-02   2.2459999E-02   0.0000000E+00   2.9300000E+02
   1.0000000E-01   6.7000002E-02   2.2459999E-02   0.0000000E+00   2.9300000E+02
   1.0000000E-01   6.9000006E-02   2.2459999E-02   0.0000000E+00   2.9300000E+02
   1.0000000E-01   7.0999995E-02   2.2459999E-02   0.0000000E+00   2.9300000E+02
   1.0000000E-01   7.2999999E-02   2.2459999E-02   0.0000000E+00   2.9300000E+02
   1.0000000E-01   7.5000003E-02   2.2459999E-02   0.0000000E+00   2.9300000E+02
   1.0000000E-01   7.7000000E-02   2.2459999E-02   0.0000000E+00   2.9300000E+02
   1.0000000E-01   7.8999996E-02   2.2459999E-02   0.0000000E+00   2.9300000E+02
   1.0000000E-01   8.1000000E-02   2.2459999E-02   0.0000000E+00   2.9300000E+02
   1.0000000E-01   8.3000004E-02   2.2459999E-02   0.0000000E+00   2.9300000E+02
   1.0000000E-01   8.5000001E-02   2.2459999E-02   0.0000000E+00   2.9300000E+02
   1.0000000E-01   8.6999997E-02   2.2459999E-02   3.4489844E-02   3.7649261E+02
   1.0000000E-01   8.9000002E-02   2.2459999E-02   7.3551035E-01   3.6981793E+02
   1.0000000E-01   9.1000006E-02   2.2459999E-02   1.0000000E+00   3.6522043E+02
   1.0000000E-01   9.2999995E-02   2.2459999E-02   1.0000000E+00   3.6169058E+02
   1.0000000E-01   9.4999999E-02   2.2459999E-02   1.0000000E+00   3.5900510E+02
   1.0000000E-01   9.7000003E-02   2.2459999E-02   1.0000000E+00   3.5701816E+02
   1.0000000E-01   9.8999999E-02   2.2459999E-02   1.0000000E+00   3.5558530E+02
   1.0000000E-01   1.0100000E-01   2.2459999E-02   1.0000000E+00   3.5457645E+02
   1.0000000E-01   1.0300000E-01   2.2459999E-02   1.0000000E+00   3.5388208E+02
   1.0000000E-01   1.0500000E-01   2.2459999E-02   1.0000000E+00   3.5341461E+02
   1.0000000E-01   1.0700000E-01   2.2459999E-02   1.0000000E+00   3.5310672E+02
   1.0000000E-01   1.0900000E-01   2.2459999E-02   1.0000000E+00   3.5290842E+02
   1.0000000E-01   1.1100000E-01   2.2459999E-02   1.0000000E+00   3.5278372E+02
   1.0000000E-01   1.1300001E-01   2.2459999E-02   1.0000000E+00   3.5270740E+02
   1.0000000E-01   1.1499999E-01   2.2459999E-02   1.0000000E+00   3.5266220E+02
   1.0000000E-01   1.1700000E-01   2.2459999E-02   1.0000000E+00   3.5263663E+02
   1.0000000E-01   1.1900000E-01   2.2459999E-02   1.0000000E+00   3.5262317E+02
   1.0000000E-01   1.2100000E-01   2.2459999E-02   1.0000000E+00   3.5261710E+02
   1.0000000E-01   1.2633334E-01   2.2459999E-02   1.0000000E+00   3.5261316E+02
   1.0000000E-01   1.3733333E-01   2.2459999E-02   1.0000000E+00   3.5261667E+02
   1.0000000E-01   1.5200000E-01   2.2459999E-02   1.0000000E+00   3.5261011E+02
   1.0000000E-01   8.0000004E-03   2.4420001E-02   1.0000000E+00   3.5265845E+02
   1.0000000E-01   2.2666667E-02   2.4420001E-02   1.0000000E+00   3.5332013E+02
   1.0000000E-01   3.3666667E-02   2.4420001E-02   1.0000000E+00   3.5824689E+02
   1.0000000E-01   3.8999997E-02   2.4420001E-02   1.0000000E+00   3.6848175E+02
   1.0000000E-01   4.1000001E-02   2.4420001E-02   1.0000000E+00   3.7360046E+02
   1.0000000E-01   4.2999998E-02   2.4420001E-02   1.0000000E+00   3.8019312E+02
   1.0000000E-01   4.5000002E-02   2.4420001E-02   1.0000000E+00   3.8838181E+02
   1.0000000E-01   4.6999998E-02   2.4420001E-02   1.0000000E+00   3.9816022E+02
   1.0000000E-01   4.9000002E-02   2.4420001E-02   1.0000000E+00   4.0931985E+02
   1.0000000E-01   5.0999999E-02   2.4420001E-02   1.0000000E+00   4.2136899E+02
   1.0000000E-01   5.3000003E-02   2.4420001E-02   1.0000000E+00   4.3346805E+02
   1.0000000E-01   5.5000000E-02   2.4420001E-02   1.0000000E+00   4.4442410E+02
   1.0000000E-01   5.7000000E-02   2.4420001E-02   1.0000000E+00   4.5280612E+02
   1.0000000E-01   5.9000000E-02   2.4420001E-02   1.0000000E+00   4.5723410E+02
   1.0000000E-01   6.0999997E-02   2.4420001E-02   0.0000000E+00   2.9300000E+02
   1.0000000E-01   6.3000001E-02   2.4420001E-02   0.0000000E+00   2.9300000E+02
   1.0000000E-01   6.4999998E-02   2.4420001E-02   0.0000000E+00   2.9300000E+02
   1.0000000E-01   6.7000002E-02   2.4420001E-02   0.0000000E+00   2.9300000E+02
   1.0000000E-01   6.9000006E-02   2.4420001E-02   0.0000000E+00   2.9300000E+02
   1.0000000E-01   7.0999995E-02   2.4420001E-02   0.0000000E+00   2.9300000E+02
   1.0000000E-01   7.2999999E-02   2.4420001E-02   0.0000000E+00   2.9300000E+02
   1.0000000E-01   7.5000003E-02   2.4420001E-02   0.0000000E+00   2.9300000E+02
   1.0000000E-01   7.7000000E-02   2.4420001E-02   0.0000000E+00   2.9300000E+02
   1.0000000E-01   7.8999996E-02   2.4420001E-02   0.0000000E+00   2.9300000E+02
   1.0000000E-01   8.1000000E-02   2.4420001E-02   0.0000000E+00   2.9300000E+02
   1.0000000E-01   8.3000004E-02   2.4420001E-02   0.0000000E+00   2.9300000E+02
   1.0000000E-01   8.5000001E-02   2.4420001E-02   0.0000000E+00   2.9300000E+02
   1.0000000E-01   8.6999997E-02   2.4420001E-02   0.0000000E+00   2.9300000E+02
   1.0000000E-01   8.9000002E-02   2.4420001E-02   4.0000051E-02   3.6518976E+02
   1.0000000E-01   9.1000006E-02   2.4420001E-02   7.5000012E-01   3.6151007E+02
   1.0000000E-01   9.2999995E-02   2.4420001E-02   1.0000000E+00   3.5903769E+02
   1.0000000E-01   9.4999999E-02   2.4420001E-02   1.0000000E+00   3.5716599E+02
   1.0000000E-01   9.7000003E-02   2.4420001E-02   1.0000000E+00   3.5576364E+02
   1.0000000E-01   9.8999999E-02   2.4420001E-02   1.0000000E+00   3.5474149E+02
   1.0000000E-01   1.0100000E-01   2.4420001E-02   1.0000000E+00   3.5401520E+02
   1.0000000E-01   1.0300000E-01   2.4420001E-02   1.0000000E+00   3.5351157E+02
   1.0000000E-01   1.0500000E-01   2.4420001E-02   1.0000000E+00   3.5317056E+02
   1.0000000E-01   1.0700000E-01   2.4420001E-02   1.0000000E+00   3.5294513E+02
   1.0000000E-01   1.0900000E-01   2.4420001E-02   1.0000000E+00   3.5279984E+02
   1.0000000E-01   1.1100000E-01   2.4420001E-02   1.0000000E+00   3.5270871E+02
   1.0000000E-01   1.1300001E-01   2.4420001E-02   1.0000000E+00   3.5265338E+02
   1.0000000E-01   1.1499999E-01   2.4420001E-02   1.0000000E+00   3.5262119E+02
   1.0000000E-01   1.1700000E-01   2.4420001E-02   1.0000000E+00   3.5260355E+02
   1.0000000E-01   1.1900000E-01   2.4420001E-02   1.0000000E+00   3.5259488E+02
   1.0000000E-01   1.2100000E-01   2.4420001E-02   1.0000000E+00   3.5259164E+02
   1.0000000E-01   1.2633334E-01   2.4420001E-02   1.0000000E+00   3.5259177E+02
   1.0000000E-01   1.3733333E-01   2.4420001E-02   1.0000000E+00   3.5259683E+02
   1.0000000E-01   1.5200000E-01   2.4420001E-02   1.0000000E+00   3.5259079E+02
   1.0000000E-01   8.0000004E-03   2.6379999E-02   1.0000000E+00   3.5261517E+02
   1.0000000E-01   2.2666667E-02   2.6379999E-02   1.0000000E+00   3.5311551E+02
   1.0000000E-01   3.3666667E-02   2.6379999E-02   1.0000000E+00   3.5679230E+02
   1.0000000E-01   3.8999997E-02   2.6379999E-02   1.0000000E+00   3.6426862E+02
   1.0000000E-01   4.1000001E-02   2.6379999E-02   1.0000000E+00   3.6796637E+02
   1.0000000E-01   4.2999998E-02   2.6379999E-02   1.0000000E+00   3.7267795E+02
   1.0000000E-01   4.5000002E-02   2.6379999E-02   1.0000000E+00   3.7846365E+02
   1.0000000E-01   4.6999998E-02   2.6379999E-02   1.0000000E+00   3.8528519E+02
   1.0000000E-01   4.9000002E-02   2.6379999E-02   1.0000000E+00   3.9295914E+02
   1.0000000E-01   5.0999999E-02   2.6379999E-02   1.0000000E+00   4.0111194E+02
   1.0000000E-01   5.3000003E-02   2.6379999E-02   1.0000000E+00   4.0915421E+02
   1.0000000E-01   5.5000000E-02   2.6379999E-02   1.0000000E+00   4.1630029E+02
   1.0000000E-01   5.7000000E-02   2.6379999E-02   1.0000000E+00   4.2166312E+02
   1.0000000E-01   5.9000000E-02   2.6379999E-02   1.0000000E+00   4.2443512E+02
   1.0000000E-01   6.0999997E-02   2.6379999E-02   0.0000000E+00   2.9300000E+02
   1.0000000E-01   6.3000001E-02   2.6379999E-02   0.0000000E+00   2.9300000E+02
   1.0000000E-01   6.4999998E-02   2.6379999E-02   0.0000000E+00   2.9300000E+02
   1.0000000E-01   6.7000002E-02   2.6379999E-02   0.0000000E+00   2.9300000E+02
   1.0000000E-01   6.9000006E-02   2.6379999E-02   0.0000000E+00   2.9300000E+02
   1.0000000E-01   7.0999995E-02   2.6379999E-02   0.0000000E+00   2.9300000E+02
   1.0000000E-01   7.2999999E-02   2.6379999E-02   0.0000000E+00   2.9300000E+02
   1.0000000E-01   7.5000003E-02   2.6379999E-02   0.0000000E+00   2.9300000E+02
   1.0000000E-01   7.7000000E-02   2.6379999E-02   0.0000000E+00   2.9300000E+02
   1.0000000E-01   7.8999996E-02   2.6379999E-02   0.0000000E+00   2.9300000E+02
   1.0000000E-01   8.1000000E-02   2.6379999E-02   0.0000000E+00   2.9300000E+02
   1.0000000E-01   8.3000004E-02   2.6379999E-02   0.0000000E+00   2.9300000E+02
   1.0000000E-01   8.5000001E-02   2.6379999E-02   0.0000000E+00   2.9300000E+02
   1.0000000E-01   8.6999997E-02   2.6379999E-02   0.0000000E+00   2.9300000E+02
   1.0000000E-01   8.9000002E-02   2.6379999E-02   0.0000000E+00   2.9300000E+02
   1.0000000E-01   9.1000006E-02   2.6379999E-02   4.5918424E-02   3.5896289E+02
   1.0000000E-01   9.2999995E-02   2.6379999E-02   7.6408178E-01   3.5700339E+02
   1.0000000E-01   9.4999999E-02   2.6379999E-02   1.0000000E+00   3.5572293E+02
   1.0000000E-01   9.7000003E-02   2.6379999E-02   1.0000000E+00   3.5476584E+02
   1.0000000E-01   9.8999999E-02   2.6379999E-02   1.0000000E+00   3.5405978E+02
   1.0000000E-01   1.0100000E-01   2.6379999E-02   1.0000000E+00   3.5355310E+02
   1.0000000E-01   1.0300000E-01   2.6379999E-02   1.0000000E+00   3.5319901E+02
   1.0000000E-01   1.0500000E-01   2.6379999E-02   1.0000000E+00   3.5295792E+02
   1.0000000E-01   1.0700000E-01   2.6379999E-02   1.0000000E+00   3.5279822E+02
   1.0000000E-01   1.0900000E-01   2.6379999E-02   1.0000000E+00   3.5269550E+02
   1.0000000E-01   1.1100000E-01   2.6379999E-02   1.0000000E+00   3.5263159E+02
   1.0000000E-01   1.1300001E-01   2.6379999E-02   1.0000000E+00   3.5259348E+02
   1.0000000E-01   1.1499999E-01   2.6379999E-02   1.0000000E+00   3.5257199E+02
   1.0000000E-01   1.1700000E-01   2.6379999E-02   1.0000000E+00   3.5256100E+02
   1.0000000E-01   1.1900000E-01   2.6379999E-02   1.0000000E+00   3.5255637E+02
   1.0000000E-01   1.2100000E-01   2.6379999E-02   1.0000000E+00   3.5255551E+02
   1.0000000E-01   1.2633334E-01   2.6379999E-02   1.0000000E+00   3.5255917E+02
   1.0000000E-01   1.3733333E-01   2.6379999E-02   1.0000000E+00   3.5256561E+02
   1.0000000E-01   1.5200000E-01   2.6379999E-02   1.0000000E+00   3.5255981E+02
   1.0000000E-01   8.0000004E-03   2.8340001E-02   1.0000000E+00   3.5256287E+02
   1.0000000E-01   2.2666667E-02   2.8340001E-02   1.0000000E+00   3.5293405E+02
   1.0000000E-01   3.3666667E-02   2.8340001E-02   1.0000000E+00   3.5562668E+02
   1.0000000E-01   3.8999997E-02   2.8340001E-02   1.0000000E+00   3.6097858E+02
   1.0000000E-01   4.1000001E-02   2.8340001E-02   1.0000000E+00   3.6359561E+02
   1.0000000E-01   4.2999998E-02   2.8340001E-02   1.0000000E+00   3.6689392E+02
   1.0000000E-01   4.5000002E-02   2.8340001E-02   1.0000000E+00   3.7089862E+02
   1.0000000E-01   4.6999998E-02   2.8340001E-02   1.0000000E+00   3.7556296E+02
   1.0000000E-01   4.9000002E-02   2.8340001E-02   1.0000000E+00   3.8074069E+02
   1.0000000E-01   5.0999999E-02   2.8340001E-02   1.0000000E+00   3.8616260E+02
   1.0000000E-01   5.3000003E-02   2.8340001E-02   1.0000000E+00   3.9142938E+02
   1.0000000E-01   5.5000000E-02   2.8340001E-02   1.0000000E+00   3.9603543E+02
   1.0000000E-01   5.7000000E-02   2.8340001E-02   1.0000000E+00   3.9943558E+02
   1.0000000E-01   5.9000000E-02   2.8340001E-02   1.0000000E+00   4.0115326E+02
   1.0000000E-01   6.0999997E-02   2.8340001E-02   0.0000000E+00   2.9300000E+02
   1.0000000E-01   6.3000001E-02   2.8340001E-02   0.0000000E+00   2.9300000E+02
   1.0000000E-01   6.4999998E-02   2.8340001E-02   0.0000000E+00   2.9300000E+02
   1.0000000E-01   6.7000002E-02   2.8340001E-02   0.0000000E+00   2.9300000E+02
   1.0000000E-01   6.9000006E-02   2.8340001E-02   0.0000000E+00   2.9300000E+02
   1.0000000E-01   7.0999995E-02   2.8340001E-02   0.0000000E+00   2.9300000E+02
   1.0000000E-01   7.2999999E-02   2.8340001E-02   0.0000000E+00   2.9300000E+02
   1.0000000E-01   7.5000003E-02   2.8340001E-02   0.0000000E+00   2.9300000E+02
   1.0000000E-01   7.7000000E-02   2.8340001E-02   0.0000000E+00   2.9300000E+02
   1.0000000E-01   7.8999996E-02   2.8340001E-02   0.0000000E+00   2.9300000E+02
   1.0000000E-01   8.1000000E-02   2.8340001E-02   0.0000000E+00   2.9300000E+02
   1.0000000E-01   8.3000004E-02   2.8340001E-02   0.0000000E+00   2.9300000E+02
   1.0000000E-01   8.5000001E-02   2.8340001E-02   0.0000000E+00   2.9300000E+02
   1.0000000E-01   8.6999997E-02   2.8340001E-02   0.0000000E+00   2.9300000E+02
   1.0000000E-01   8.9000002E-02   2.8340001E-02   0.0000000E+00   2.9300000E+02
   1.0000000E-01   9.1000006E-02   2.8340001E-02   0.0000000E+00   2.9300000E+02
   1.0000000E-01   9.2999995E-02   2.8340001E-02   5.2244958E-02   3.5563617E+02
   1.0000000E-01   9.4999999E-02   2.8340001E-02   7.7775520E-01   3.5462686E+02
   1.0000000E-01   9.7000003E-02   2.8340001E-02   1.0000000E+00   3.5399023E+02
   1.0000000E-01   9.8999999E-02   2.8340001E-02   1.0000000E+00   3.5351947E+02
   1.0000000E-01   1.0100000E-01   2.8340001E-02   1.0000000E+00   3.5317783E+02
   1.0000000E-01   1.0300000E-01   2.8340001E-02   1.0000000E+00   3.5293707E+02
   1.0000000E-01   1.0500000E-01   2.8340001E-02   1.0000000E+00   3.5277243E+02
   1.0000000E-01   1.0700000E-01   2.8340001E-02   1.0000000E+00   3.5266348E+02
   1.0000000E-01   1.0900000E-01   2.8340001E-02   1.0000000E+00   3.5259402E+02
   1.0000000E-01   1.1100000E-01   2.8340001E-02   1.0000000E+00   3.5255164E+02
   1.0000000E-01   1.1300001E-01   2.8340001E-02   1.0000000E+00   3.5252725E+02
   1.0000000E-01   1.1499999E-01   2.8340001E-02   1.0000000E+00   3.5251443E+02
   1.0000000E-01   1.1700000E-01   2.8340001E-02   1.0000000E+00   3.5250885E+02
   1.0000000E-01   1.1900000E-01   2.8340001E-02   1.0000000E+00   3.5250757E+02
   1.0000000E-01   1.2100000E-01   2.8340001E-02   1.0000000E+00   3.5250873E+02
   1.0000000E-01   1.2633334E-01   2.8340001E-02   1.0000000E+00   3.5251535E+02
   1.0000000E-01   1.3733333E-01   2.8340001E-02   1.0000000E+00   3.5252301E+02
   1.0000000E-01   1.5200000E-01   2.8340001E-02   1.0000000E+00   3.5251709E+02
   1.0000000E-01   8.0000004E-03   3.0299999E-02   1.0000000E+00   3.5250122E+02
   1.0000000E-01   2.2666667E-02   3.0299999E-02   1.0000000E+00   3.5277200E+02
   1.0000000E-01   3.3666667E-02   3.0299999E-02   1.0000000E+00   3.5471222E+02
   1.0000000E-01   3.8999997E-02   3.0299999E-02   1.0000000E+00   3.5847772E+02
   1.0000000E-01   4.1000001E-02   3.0299999E-02   1.0000000E+00   3.6029791E+02
   1.0000000E-01   4.2999998E-02   3.0299999E-02   1.0000000E+00   3.6256686E+02
   1.0000000E-01   4.5000002E-02   3.0299999E-02   1.0000000E+00   3.6529111E+02
   1.0000000E-01   4.6999998E-02   3.0299999E-02   1.0000000E+00   3.6842712E+02
   1.0000000E-01   4.9000002E-02   3.0299999E-02   1.0000000E+00   3.7186520E+02
   1.0000000E-01   5.0999999E-02   3.0299999E-02   1.0000000E+00   3.7541833E+02
   1.0000000E-01   5.3000003E-02   3.0299999E-02   1.0000000E+00   3.7882285E+02
   1.0000000E-01   5.5000000E-02   3.0299999E-02   1.0000000E+00   3.8175833E+02
   1.0000000E-01   5.7000000E-02   3.0299999E-02   1.0000000E+00   3.8389133E+02
   1.0000000E-01   5.9000000E-02   3.0299999E-02   1.0000000E+00   3.8493839E+02
   1.0000000E-01   6.0999997E-02   3.0299999E-02   0.0000000E+00   2.9300000E+02
   1.0000000E-01   6.3000001E-02   3.0299999E-02   0.0000000E+00   2.9300000E+02
   1.0000000E-01   6.4999998E-02   3.0299999E-02   0.0000000E+00   2.9300000E+02
   1.0000000E-01   6.7000002E-02   3.0299999E-02   0.0000000E+00   2.9300000E+02
   1.0000000E-01   6.9000006E-02   3.0299999E-02   0.0000000E+00   2.9300000E+02
   1.0000000E-01   7.0999995E-02   3.0299999E-02   0.0000000E+00   2.9300000E+02
   1.0000000E-01   7.2999999E-02   3.0299999E-02   0.0000000E+00   2.9300000E+02
   1.0000000E-01   7.5000003E-02   3.0299999E-02   0.0000000E+00   2.9300000E+02
   1.0000000E-01   7.7000000E-02   3.0299999E-02   0.0000000E+00   2.9300000E+02
   1.0000000E-01   7.8999996E-02   3.0299999E-02   0.0000000E+00   2.9300000E+02
   1.0000000E-01   8.1000000E-02   3.0299999E-02   0.0000000E+00   2.9300000E+02
   1.0000000E-01   8.3000004E-02   3.0299999E-02   0.0000000E+00   2.9300000E+02
   1.0000000E-01   8.5000001E-02   3.0299999E-02   0.0000000E+00   2.9300000E+02
   1.0000000E-01   8.6999997E-02   3.0299999E-02   0.0000000E+00   2.9300000E+02
   1.0000000E-01   8.9000002E-02   3.0299999E-02   0.0000000E+00   2.9300000E+02
   1.0000000E-01   9.1000006E-02   3.0299999E-02   0.0000000E+00   2.9300000E+02
   1.0000000E-01   9.2999995E-02   3.0299999E-02   0.0000000E+00   2.9300000E+02
   1.0000000E-01   9.4999999E-02   3.0299999E-02   5.8979653E-02   3.5390240E+02
   1.0000000E-01   9.7000003E-02   3.0299999E-02   7.9102051E-01   3.5339801E+02
   1.0000000E-01   9.8999999E-02   3.0299999E-02   1.0000000E+00   3.5309616E+02
   1.0000000E-01   1.0100000E-01   3.0299999E-02   1.0000000E+00   3.5287442E+02
   1.0000000E-01   1.0300000E-01   3.0299999E-02   1.0000000E+00   3.5271664E+02
   1.0000000E-01   1.0500000E-01   3.0299999E-02   1.0000000E+00   3.5260846E+02
   1.0000000E-01   1.0700000E-01   3.0299999E-02   1.0000000E+00   3.5253760E+02
   1.0000000E-01   1.0900000E-01   3.0299999E-02   1.0000000E+00   3.5249350E+02
   1.0000000E-01   1.1100000E-01   3.0299999E-02   1.0000000E+00   3.5246777E+02
   1.0000000E-01   1.1300001E-01   3.0299999E-02   1.0000000E+00   3.5245416E+02
   1.0000000E-01   1.1499999E-01   3.0299999E-02   1.0000000E+00   3.5244821E+02
   1.0000000E-01   1.1700000E-01   3.0299999E-02   1.0000000E+00   3.5244696E+02
   1.0000000E-01   1.1900000E-01   3.0299999E-02   1.0000000E+00   3.5244836E+02
   1.0000000E-01   1.2100000E-01   3.0299999E-02   1.0000000E+00   3.5245117E+02
   1.0000000E-01   1.2633334E-01   3.0299999E-02   1.0000000E+00   3.5246033E+02
   1.0000000E-01   1.3733333E-01   3.0299999E-02   1.0000000E+00   3.5246896E+02
   1.0000000E-01   1.5200000E-01   3.0299999E-02   1.0000000E+00   3.5246259E+02
   1.0000000E-01   8.0000004E-03   3.2260001E-02   1.0000000E+00   3.5243002E+02
   1.0000000E-01   2.2666667E-02   3.2260001E-02   1.0000000E+00   3.5262524E+02
   1.0000000E-01   3.3666667E-02   3.2260001E-02   1.0000000E+00   3.5400916E+02
   1.0000000E-01   3.8999997E-02   3.2260001E-02   1.0000000E+00   3.5662921E+02
   1.0000000E-01   4.1000001E-02   3.2260001E-02   1.0000000E+00   3.5788098E+02
   1.0000000E-01   4.2999998E-02   3.2260001E-02   1.0000000E+00   3.5942419E+02
   1.0000000E-01   4.5000002E-02   3.2260001E-02   1.0000000E+00   3.6125665E+02
   1.0000000E-01   4.6999998E-02   3.2260001E-02   1.0000000E+00   3.6334210E+02
   1.0000000E-01   4.9000002E-02   3.2260001E-02   1.0000000E+00   3.6560147E+02
   1.0000000E-01   5.0999999E-02   3.2260001E-02   1.0000000E+00   3.6790799E+02
   1.0000000E-01   5.3000003E-02   3.2260001E-02   1.0000000E+00   3.7009024E+02
   1.0000000E-01   5.5000000E-02   3.2260001E-02   1.0000000E+00   3.7194690E+02
   1.0000000E-01   5.7000000E-02   3.2260001E-02   1.0000000E+00   3.7327396E+02
   1.0000000E-01   5.9000000E-02   3.2260001E-02   1.0000000E+00   3.7390021E+02
   1.0000000E-01   6.0999997E-02   3.2260001E-02   0.0000000E+00   2.9300000E+02
   1.0000000E-01   6.3000001E-02   3.2260001E-02   0.0000000E+00   2.9300000E+02
   1.0000000E-01   6.4999998E-02   3.2260001E-02   0.0000000E+00   2.9300000E+02
   1.0000000E-01   6.7000002E-02   3.2260001E-02   0.0000000E+00   2.9300000E+02
   1.0000000E-01   6.9000006E-02   3.2260001E-02   0.0000000E+00   2.9300000E+02
   1.0000000E-01   7.0999995E-02   3.2260001E-02   0.0000000E+00   2.9300000E+02
   1.0000000E-01   7.2999999E-02   3.2260001E-02   0.0000000E+00   2.9300000E+02
   1.0000000E-01   7.5000003E-02   3.2260001E-02   0.0000000E+00   2.9300000E+02
   1.0000000E-01   7.7000000E-02   3.2260001E-02   0.0000000E+00   2.9300000E+02
   1.0000000E-01   7.8999996E-02   3.2260001E-02   0.0000000E+00   2.9300000E+02
   1.0000000E-01   8.1000000E-02   3.2260001E-02   0.0000000E+00   2.9300000E+02
   1.0000000E-01   8.3000004E-02   3.2260001E-02   0.0000000E+00   2.9300000E+02
   1.0000000E-01   8.5000001E-02   3.2260001E-02   0.0000000E+00   2.9300000E+02
   1.0000000E-01   8.6999997E-02   3.2260001E-02   0.0000000E+00   2.9300000E+02
   1.0000000E-01   8.9000002E-02   3.2260001E-02   0.0000000E+00   2.9300000E+02
   1.0000000E-01   9.1000006E-02   3.2260001E-02   0.0000000E+00   2.9300000E+02
   1.0000000E-01   9.2999995E-02   3.2260001E-02   0.0000000E+00   2.9300000E+02
   1.0000000E-01   9.4999999E-02   3.2260001E-02   0.0000000E+00   2.9300000E+02
   1.0000000E-01   9.7000003E-02   3.2260001E-02   6.6122517E-02   3.5300934E+02
   1.0000000E-01   9.8999999E-02   3.2260001E-02   8.0387765E-01   3.5276251E+02
   1.0000000E-01   1.0100000E-01   3.2260001E-02   1.0000000E+00   3.5262750E+02
   1.0000000E-01   1.0300000E-01   3.2260001E-02   1.0000000E+00   3.5252798E+02
   1.0000000E-01   1.0500000E-01   3.2260001E-02   1.0000000E+00   3.5245981E+02
   1.0000000E-01   1.0700000E-01   3.2260001E-02   1.0000000E+00   3.5241684E+02
   1.0000000E-01   1.0900000E-01   3.2260001E-02   1.0000000E+00   3.5239185E+02
   1.0000000E-01   1.1100000E-01   3.2260001E-02   1.0000000E+00   3.5237888E+02
   1.0000000E-01   1.1300001E-01   3.2260001E-02   1.0000000E+00   3.5237360E+02
   1.0000000E-01   1.1499999E-01   3.2260001E-02   1.0000000E+00   3.5237302E+02
   1.0000000E-01   1.1700000E-01   3.2260001E-02   1.0000000E+00   3.5237518E+02
   1.0000000E-01   1.1900000E-01   3.2260001E-02   1.0000000E+00   3.5237872E+02
   1.0000000E-01   1.2100000E-01   3.2260001E-02   1.0000000E+00   3.5238281E+02
   1.0000000E-01   1.2633334E-01   3.2260001E-02   1.0000000E+00   3.5239398E+02
   1.0000000E-01   1.3733333E-01   3.2260001E-02   1.0000000E+00   3.5240344E+02
   1.0000000E-01   1.5200000E-01   3.2260001E-02   1.0000000E+00   3.5239627E+02
   1.0000000E-01   8.0000004E-03   3.4220003E-02   1.0000000E+00   3.5234891E+02
   1.0000000E-01   2.2666667E-02   3.4220003E-02   1.0000000E+00   3.5248984E+02
   1.0000000E-01   3.3666667E-02   3.4220003E-02   1.0000000E+00   3.5348029E+02
   1.0000000E-01   3.8999997E-02   3.4220003E-02   1.0000000E+00   3.5530811E+02
   1.0000000E-01   4.1000001E-02   3.4220003E-02   1.0000000E+00   3.5617111E+02
   1.0000000E-01   4.2999998E-02   3.4220003E-02   1.0000000E+00   3.5722314E+02
   1.0000000E-01   4.5000002E-02   3.4220003E-02   1.0000000E+00   3.5845853E+02
   1.0000000E-01   4.6999998E-02   3.4220003E-02   1.0000000E+00   3.5984869E+02
   1.0000000E-01   4.9000002E-02   3.4220003E-02   1.0000000E+00   3.6133759E+02
   1.0000000E-01   5.0999999E-02   3.4220003E-02   1.0000000E+00   3.6283984E+02
   1.0000000E-01   5.3000003E-02   3.4220003E-02   1.0000000E+00   3.6424448E+02
   1.0000000E-01   5.5000000E-02   3.4220003E-02   1.0000000E+00   3.6542493E+02
   1.0000000E-01   5.7000000E-02   3.4220003E-02   1.0000000E+00   3.6625540E+02
   1.0000000E-01   5.9000000E-02   3.4220003E-02   1.0000000E+00   3.6662851E+02
   1.0000000E-01   6.0999997E-02   3.4220003E-02   0.0000000E+00   2.9300000E+02
   1.0000000E-01   6.3000001E-02   3.4220003E-02   0.0000000E+00   2.9300000E+02
   1.0000000E-01   6.4999998E-02   3.4220003E-02   0.0000000E+00   2.9300000E+02
   1.0000000E-01   6.7000002E-02   3.4220003E-02   0.0000000E+00   2.9300000E+02
   1.0000000E-01   6.9000006E-02   3.4220003E-02   0.0000000E+00   2.9300000E+02
   1.0000000E-01   7.0999995E-02   3.4220003E-02   0.0000000E+00   2.9300000E+02
   1.0000000E-01   7.2999999E-02   3.4220003E-02   0.0000000E+00   2.9300000E+02
   1.0000000E-01   7.5000003E-02   3.4220003E-02   0.0000000E+00   2.9300000E+02
   1.0000000E-01   7.7000000E-02   3.4220003E-02   0.0000000E+00   2.9300000E+02
   1.0000000E-01   7.8999996E-02   3.4220003E-02   0.0000000E+00   2.9300000E+02
   1.0000000E-01   8.1000000E-02   3.4220003E-02   0.0000000E+00   2.9300000E+02
   1.0000000E-01   8.3000004E-02   3.4220003E-02   0.0000000E+00   2.9300000E+02
   1.0000000E-01   8.5000001E-02   3.4220003E-02   0.0000000E+00   2.9300000E+02
   1.0000000E-01   8.6999997E-02   3.4220003E-02   0.0000000E+00   2.9300000E+02
   1.0000000E-01   8.9000002E-02   3.4220003E-02   0.0000000E+00   2.9300000E+02
   1.0000000E-01   9.1000006E-02   3.4220003E-02   0.0000000E+00   2.9300000E+02
   1.0000000E-01   9.2999995E-02   3.4220003E-02   0.0000000E+00   2.9300000E+02
   1.0000000E-01   9.4999999E-02   3.4220003E-02   0.0000000E+00   2.9300000E+02
   1.0000000E-01   9.7000003E-02   3.4220003E-02   0.0000000E+00   2.9300000E+02
   1.0000000E-01   9.8999999E-02   3.4220003E-02   7.3673539E-02   3.5254065E+02
   1.0000000E-01   1.0100000E-01   3.4220003E-02   8.1632662E-01   3.5241846E+02
   1.0000000E-01   1.0300000E-01   3.4220003E-02   1.0000000E+00   3.5236169E+02
   1.0000000E-01   1.0500000E-01   3.4220003E-02   1.0000000E+00   3.5231964E+02
   1.0000000E-01   1.0700000E-01   3.4220003E-02   1.0000000E+00   3.5229724E+02
   1.0000000E-01   1.0900000E-01   3.4220003E-02   1.0000000E+00   3.5228702E+02
   1.0000000E-01   1.1100000E-01   3.4220003E-02   1.0000000E+00   3.5228391E+02
   1.0000000E-01   1.1300001E-01   3.4220003E-02   1.0000000E+00   3.5228506E+02
   1.0000000E-01   1.1499999E-01   3.4220003E-02   1.0000000E+00   3.5228860E+02
   1.0000000E-01   1.1700000E-01   3.4220003E-02   1.0000000E+00   3.5229337E+02
   1.0000000E-01   1.1900000E-01   3.4220003E-02   1.0000000E+00   3.5229852E+02
   1.0000000E-01   1.2100000E-01   3.4220003E-02   1.0000000E+00   3.5230365E+02
   1.0000000E-01   1.2633334E-01   3.4220003E-02   1.0000000E+00   3.5231638E+02
   1.0000000E-01   1.3733333E-01   3.4220003E-02   1.0000000E+00   3.5232642E+02
   1.0000000E-01   1.5200000E-01   3.4220003E-02   1.0000000E+00   3.5231805E+02
   1.0000000E-01   8.0000004E-03   3.6180001E-02   1.0000000E+00   3.5225763E+02
   1.0000000E-01   2.2666667E-02   3.6180001E-02   1.0000000E+00   3.5236240E+02
   1.0000000E-01   3.3666667E-02   3.6180001E-02   1.0000000E+00   3.5309415E+02
   1.0000000E-01   3.8999997E-02   3.6180001E-02   1.0000000E+00   3.5441122E+02
   1.0000000E-01   4.1000001E-02   3.6180001E-02   1.0000000E+00   3.5502597E+02
   1.0000000E-01   4.2999998E-02   3.6180001E-02   1.0000000E+00   3.5576709E+02
   1.0000000E-01   4.5000002E-02   3.6180001E-02   1.0000000E+00   3.5662790E+02
   1.0000000E-01   4.6999998E-02   3.6180001E-02   1.0000000E+00   3.5758603E+02
   1.0000000E-01   4.9000002E-02   3.6180001E-02   1.0000000E+00   3.5860098E+02
   1.0000000E-01   5.0999999E-02   3.6180001E-02   1.0000000E+00   3.5961398E+02
   1.0000000E-01   5.3000003E-02   3.6180001E-02   1.0000000E+00   3.6055154E+02
   1.0000000E-01   5.5000000E-02   3.6180001E-02   1.0000000E+00   3.6133282E+02
   1.0000000E-01   5.7000000E-02   3.6180001E-02   1.0000000E+00   3.6188022E+02
   1.0000000E-01   5.9000000E-02   3.6180001E-02   1.0000000E+00   3.6212518E+02
   1.0000000E-01   6.0999997E-02   3.6180001E-02   0.0000000E+00   2.9300000E+02
   1.0000000E-01   6.3000001E-02   3.6180001E-02   0.0000000E+00   2.9300000E+02
   1.0000000E-01   6.4999998E-02   3.6180001E-02   0.0000000E+00   2.9300000E+02
   1.0000000E-01   6.7000002E-02   3.6180001E-02   0.0000000E+00   2.9300000E+02
   1.0000000E-01   6.9000006E-02   3.6180001E-02   0.0000000E+00   2.9300000E+02
   1.0000000E-01   7.0999995E-02   3.6180001E-02   0.0000000E+00   2.9300000E+02
   1.0000000E-01   7.2999999E-02   3.6180001E-02   0.0000000E+00   2.9300000E+02
   1.0000000E-01   7.5000003E-02   3.6180001E-02   0.0000000E+00   2.9300000E+02
   1.0000000E-01   7.7000000E-02   3.6180001E-02   0.0000000E+00   2.9300000E+02
   1.0000000E-01   7.8999996E-02   3.6180001E-02   0.0000000E+00   2.9300000E+02
   1.0000000E-01   8.1000000E-02   3.6180001E-02   0.0000000E+00   2.9300000E+02
   1.0000000E-01   8.3000004E-02   3.6180001E-02   0.0000000E+00   2.9300000E+02
   1.0000000E-01   8.5000001E-02   3.6180001E-02   0.0000000E+00   2.9300000E+02
   1.0000000E-01   8.6999997E-02   3.6180001E-02   0.0000000E+00   2.9300000E+02
   1.0000000E-01   8.9000002E-02   3.6180001E-02   0.0000000E+00   2.9300000E+02
   1.0000000E-01   9.1000006E-02   3.6180001E-02   0.0000000E+00   2.9300000E+02
   1.0000000E-01   9.2999995E-02   3.6180001E-02   0.0000000E+00   2.9300000E+02
   1.0000000E-01   9.4999999E-02   3.6180001E-02   0.0000000E+00   2.9300000E+02
   1.0000000E-01   9.7000003E-02   3.6180001E-02   0.0000000E+00   2.9300000E+02
   1.0000000E-01   9.8999999E-02   3.6180001E-02   0.0000000E+00   2.9300000E+02
   1.0000000E-01   1.0100000E-01   3.6180001E-02   8.1632726E-02   3.5227228E+02
   1.0000000E-01   1.0300000E-01   3.6180001E-02   8.2836747E-01   3.5220432E+02
   1.0000000E-01   1.0500000E-01   3.6180001E-02   1.0000000E+00   3.5217960E+02
   1.0000000E-01   1.0700000E-01   3.6180001E-02   1.0000000E+00   3.5217532E+02
   1.0000000E-01   1.0900000E-01   3.6180001E-02   1.0000000E+00   3.5217767E+02
   1.0000000E-01   1.1100000E-01   3.6180001E-02   1.0000000E+00   3.5218237E+02
   1.0000000E-01   1.1300001E-01   3.6180001E-02   1.0000000E+00   3.5218832E+02
   1.0000000E-01   1.1499999E-01   3.6180001E-02   1.0000000E+00   3.5219482E+02
   1.0000000E-01   1.1700000E-01   3.6180001E-02   1.0000000E+00   3.5220145E+02
   1.0000000E-01   1.1900000E-01   3.6180001E-02   1.0000000E+00   3.5220776E+02
   1.0000000E-01   1.2100000E-01   3.6180001E-02   1.0000000E+00   3.5221359E+02
   1.0000000E-01   1.2633334E-01   3.6180001E-02   1.0000000E+00   3.5222742E+02
   1.0000000E-01   1.3733333E-01   3.6180001E-02   1.0000000E+00   3.5223788E+02
   1.0000000E-01   1.5200000E-01   3.6180001E-02   1.0000000E+00   3.5222787E+02
   1.0000000E-01   8.0000004E-03   3.8139999E-02   1.0000000E+00   3.5215604E+02
   1.0000000E-01   2.2666667E-02   3.8139999E-02   1.0000000E+00   3.5224033E+02
   1.0000000E-01   3.3666667E-02   3.8139999E-02   1.0000000E+00   3.5282730E+02
   1.0000000E-01   3.8999997E-02   3.8139999E-02   1.0000000E+00   3.5386279E+02
   1.0000000E-01   4.1000001E-02   3.8139999E-02   1.0000000E+00   3.5434161E+02
   1.0000000E-01   4.2999998E-02   3.8139999E-02   1.0000000E+00   3.5491364E+02
   1.0000000E-01   4.5000002E-02   3.8139999E-02   1.0000000E+00   3.5557217E+02
   1.0000000E-01   4.6999998E-02   3.8139999E-02   1.0000000E+00   3.5629865E+02
   1.0000000E-01   4.9000002E-02   3.8139999E-02   1.0000000E+00   3.5706137E+02
   1.0000000E-01   5.0999999E-02   3.8139999E-02   1.0000000E+00   3.5781628E+02
   1.0000000E-01   5.3000003E-02   3.8139999E-02   1.0000000E+00   3.5851031E+02
   1.0000000E-01   5.5000000E-02   3.8139999E-02   1.0000000E+00   3.5908844E+02
   1.0000000E-01   5.7000000E-02   3.8139999E-02   1.0000000E+00   3.5950629E+02
   1.0000000E-01   5.9000000E-02   3.8139999E-02   1.0000000E+00   3.5975418E+02
   1.0000000E-01   6.0999997E-02   3.8139999E-02   0.0000000E+00   2.9300000E+02
   1.0000000E-01   6.3000001E-02   3.8139999E-02   0.0000000E+00   2.9300000E+02
   1.0000000E-01   6.4999998E-02   3.8139999E-02   0.0000000E+00   2.9300000E+02
   1.0000000E-01   6.7000002E-02   3.8139999E-02   0.0000000E+00   2.9300000E+02
   1.0000000E-01   6.9000006E-02   3.8139999E-02   0.0000000E+00   2.9300000E+02
   1.0000000E-01   7.0999995E-02   3.8139999E-02   0.0000000E+00   2.9300000E+02
   1.0000000E-01   7.2999999E-02   3.8139999E-02   0.0000000E+00   2.9300000E+02
   1.0000000E-01   7.5000003E-02   3.8139999E-02   0.0000000E+00   2.9300000E+02
   1.0000000E-01   7.7000000E-02   3.8139999E-02   0.0000000E+00   2.9300000E+02
   1.0000000E-01   7.8999996E-02   3.8139999E-02   0.0000000E+00   2.9300000E+02
   1.0000000E-01   8.1000000E-02   3.8139999E-02   0.0000000E+00   2.9300000E+02
   1.0000000E-01   8.3000004E-02   3.8139999E-02   0.0000000E+00   2.9300000E+02
   1.0000000E-01   8.5000001E-02   3.8139999E-02   0.0000000E+00   2.9300000E+02
   1.0000000E-01   8.6999997E-02   3.8139999E-02   0.0000000E+00   2.9300000E+02
   1.0000000E-01   8.9000002E-02   3.8139999E-02   0.0000000E+00   2.9300000E+02
   1.0000000E-01   9.1000006E-02   3.8139999E-02   0.0000000E+00   2.9300000E+02
   1.0000000E-01   9.2999995E-02   3.8139999E-02   0.0000000E+00   2.9300000E+02
   1.0000000E-01   9.4999999E-02   3.8139999E-02   0.0000000E+00   2.9300000E+02
   1.0000000E-01   9.7000003E-02   3.8139999E-02   0.0000000E+00   2.9300000E+02
   1.0000000E-01   9.8999999E-02   3.8139999E-02   0.0000000E+00   2.9300000E+02
   1.0000000E-01   1.0100000E-01   3.8139999E-02   0.0000000E+00   2.9300000E+02
   1.0000000E-01   1.0300000E-01   3.8139999E-02   9.0000078E-02   3.5207684E+02
   1.0000000E-01   1.0500000E-01   3.8139999E-02   8.4000009E-01   3.5201709E+02
   1.0000000E-01   1.0700000E-01   3.8139999E-02   1.0000000E+00   3.5204984E+02
   1.0000000E-01   1.0900000E-01   3.8139999E-02   1.0000000E+00   3.5206421E+02
   1.0000000E-01   1.1100000E-01   3.8139999E-02   1.0000000E+00   3.5207443E+02
   1.0000000E-01   1.1300001E-01   3.8139999E-02   1.0000000E+00   3.5208337E+02
   1.0000000E-01   1.1499999E-01   3.8139999E-02   1.0000000E+00   3.5209171E+02
   1.0000000E-01   1.1700000E-01   3.8139999E-02   1.0000000E+00   3.5209940E+02
   1.0000000E-01   1.1900000E-01   3.8139999E-02   1.0000000E+00   3.5210641E+02
   1.0000000E-01   1.2100000E-01   3.8139999E-02   1.0000000E+00   3.5211267E+02
   1.0000000E-01   1.2633334E-01   3.8139999E-02   1.0000000E+00   3.5212714E+02
   1.0000000E-01   1.3733333E-01   3.8139999E-02   1.0000000E+00   3.5213785E+02
   1.0000000E-01   1.5200000E-01   3.8139999E-02   1.0000000E+00   3.5212570E+02
   1.0000000E-01   8.0000004E-03   4.0100001E-02   4.4897914E-01   3.5207910E+02
   1.0000000E-01   2.2666667E-02   4.0100001E-02   4.4897914E-01   3.5215350E+02
   1.0000000E-01   3.3666667E-02   4.0100001E-02   4.4897914E-01   3.5267099E+02
   1.0000000E-01   3.8999997E-02   4.0100001E-02   4.4897914E-01   3.5357306E+02
   1.0000000E-01   4.1000001E-02   4.0100001E-02   4.4897914E-01   3.5398782E+02
   1.0000000E-01   4.2999998E-02   4.0100001E-02   4.4897914E-01   3.5448062E+02
   1.0000000E-01   4.5000002E-02   4.0100001E-02   4.4897914E-01   3.5504486E+02
   1.0000000E-01   4.6999998E-02   4.0100001E-02   4.4897914E-01   3.5566388E+02
   1.0000000E-01   4.9000002E-02   4.0100001E-02   4.4897914E-01   3.5631036E+02
   1.0000000E-01   5.0999999E-02   4.0100001E-02   4.4897914E-01   3.5694705E+02
   1.0000000E-01   5.3000003E-02   4.0100001E-02   4.4897914E-01   3.5753003E+02
   1.0000000E-01   5.5000000E-02   4.0100001E-02   4.4897914E-01   3.5801462E+02
   1.0000000E-01   5.7000000E-02   4.0100001E-02   4.4897914E-01   3.5836255E+02
   1.0000000E-01   5.9000000E-02   4.0100001E-02   2.2448942E-01   3.5863501E+02
   1.0000000E-01   6.0999997E-02   4.0100001E-02   0.0000000E+00   2.9300000E+02
   1.0000000E-01   6.3000001E-02   4.0100001E-02   0.0000000E+00   2.9300000E+02
   1.0000000E-01   6.4999998E-02   4.0100001E-02   0.0000000E+00   2.9300000E+02
   1.0000000E-01   6.7000002E-02   4.0100001E-02   0.0000000E+00   2.9300000E+02
   1.0000000E-01   6.9000006E-02   4.0100001E-02   0.0000000E+00   2.9300000E+02
   1.0000000E-01   7.0999995E-02   4.0100001E-02   0.0000000E+00   2.9300000E+02
   1.0000000E-01   7.2999999E-02   4.0100001E-02   0.0000000E+00   2.9300000E+02
   1.0000000E-01   7.5000003E-02   4.0100001E-02   0.0000000E+00   2.9300000E+02
   1.0000000E-01   7.7000000E-02   4.0100001E-02   0.0000000E+00   2.9300000E+02
   1.0000000E-01   7.8999996E-02   4.0100001E-02   0.0000000E+00   2.9300000E+02
   1.0000000E-01   8.1000000E-02   4.0100001E-02   0.0000000E+00   2.9300000E+02
   1.0000000E-01   8.3000004E-02   4.0100001E-02   0.0000000E+00   2.9300000E+02
   1.0000000E-01   8.5000001E-02   4.0100001E-02   0.0000000E+00   2.9300000E+02
   1.0000000E-01   8.6999997E-02   4.0100001E-02   0.0000000E+00   2.9300000E+02
   1.0000000E-01   8.9000002E-02   4.0100001E-02   0.0000000E+00   2.9300000E+02
   1.0000000E-01   9.1000006E-02   4.0100001E-02   0.0000000E+00   2.9300000E+02
   1.0000000E-01   9.2999995E-02   4.0100001E-02   0.0000000E+00   2.9300000E+02
   1.0000000E-01   9.4999999E-02   4.0100001E-02   0.0000000E+00   2.9300000E+02
   1.0000000E-01   9.7000003E-02   4.0100001E-02   0.0000000E+00   2.9300000E+02
   1.0000000E-01   9.8999999E-02   4.0100001E-02   0.0000000E+00   2.9300000E+02
   1.0000000E-01   1.0100000E-01   4.0100001E-02   0.0000000E+00   2.9300000E+02
   1.0000000E-01   1.0300000E-01   4.0100001E-02   0.0000000E+00   2.9300000E+02
   1.0000000E-01   1.0500000E-01   4.0100001E-02   9.8775446E-02   3.5196985E+02
   1.0000000E-01   1.0700000E-01   4.0100001E-02   4.4897914E-01   3.5197382E+02
   1.0000000E-01   1.0900000E-01   4.0100001E-02   4.4897914E-01   3.5198422E+02
   1.0000000E-01   1.1100000E-01   4.0100001E-02   4.4897914E-01   3.5199500E+02
   1.0000000E-01   1.1300001E-01   4.0100001E-02   4.4897914E-01   3.5200494E+02
   1.0000000E-01   1.1499999E-01   4.0100001E-02   4.4897914E-01   3.5201404E+02
   1.0000000E-01   1.1700000E-01   4.0100001E-02   4.4897914E-01   3.5202228E+02
   1.0000000E-01   1.1900000E-01   4.0100001E-02   4.4897914E-01   3.5202963E+02
   1.0000000E-01   1.2100000E-01   4.0100001E-02   4.4897914E-01   3.5203607E+02
   1.0000000E-01   1.2633334E-01   4.0100001E-02   4.4897914E-01   3.5205087E+02
   1.0000000E-01   1.3733333E-01   4.0100001E-02   4.4897914E-01   3.5206183E+02
   1.0000000E-01   1.5200000E-01   4.0100001E-02   2.2448952E-01   3.5206149E+02
   1.0000000E-01   8.0000004E-03   4.2060003E-02   0.0000000E+00   2.9300000E+02
   1.0000000E-01   2.2666667E-02   4.2060003E-02   0.0000000E+00   2.9300000E+02
   1.0000000E-01   3.3666667E-02   4.2060003E-02   0.0000000E+00   2.9300000E+02
   1.0000000E-01   3.8999997E-02   4.2060003E-02   0.0000000E+00   2.9300000E+02
   1.0000000E-01   4.1000001E-02   4.2060003E-02   0.0000000E+00   2.9300000E+02
   1.0000000E-01   4.2999998E-02   4.2060003E-02   0.0000000E+00   2.9300000E+02
   1.0000000E-01   4.5000002E-02   4.2060003E-02   0.0000000E+00   2.9300000E+02
   1.0000000E-01   4.6999998E-02   4.2060003E-02   0.0000000E+00   2.9300000E+02
   1.0000000E-01   4.9000002E-02   4.2060003E-02   0.0000000E+00   2.9300000E+02
   1.0000000E-01   5.0999999E-02   4.2060003E-02   0.0000000E+00   2.9300000E+02
   1.0000000E-01   5.3000003E-02   4.2060003E-02   0.0000000E+00   2.9300000E+02
   1.0000000E-01   5.5000000E-02   4.2060003E-02   0.0000000E+00   2.9300000E+02
   1.0000000E-01   5.7000000E-02   4.2060003E-02   0.0000000E+00   2.9300000E+02
   1.0000000E-01   5.9000000E-02   4.2060003E-02   0.0000000E+00   2.9300000E+02
   1.0000000E-01   6.0999997E-02   4.2060003E-02   0.0000000E+00   2.9300000E+02
   1.0000000E-01   6.3000001E-02   4.2060003E-02   0.0000000E+00   2.9300000E+02
   1.0000000E-01   6.4999998E-02   4.2060003E-02   0.0000000E+00   2.9300000E+02
   1.0000000E-01   6.7000002E-02   4.2060003E-02   0.0000000E+00   2.9300000E+02
   1.0000000E-01   6.9000006E-02   4.2060003E-02   0.0000000E+00   2.9300000E+02
   1.0000000E-01   7.0999995E-02   4.2060003E-02   0.0000000E+00   2.9300000E+02
   1.0000000E-01   7.2999999E-02   4.2060003E-02   0.0000000E+00   2.9300000E+02
   1.0000000E-01   7.5000003E-02   4.2060003E-02   0.0000000E+00   2.9300000E+02
   1.0000000E-01   7.7000000E-02   4.2060003E-02   0.0000000E+00   2.9300000E+02
   1.0000000E-01   7.8999996E-02   4.2060003E-02   0.0000000E+00   2.9300000E+02
   1.0000000E-01   8.1000000E-02   4.2060003E-02   0.0000000E+00   2.9300000E+02
   1.0000000E-01   8.3000004E-02   4.2060003E-02   0.0000000E+00   2.9300000E+02
   1.0000000E-01   8.5000001E-02   4.2060003E-02   0.0000000E+00   2.9300000E+02
   1.0000000E-01   8.6999997E-02   4.2060003E-02   0.0000000E+00   2.9300000E+02
   1.0000000E-01   8.9000002E-02   4.2060003E-02   0.0000000E+00   2.9300000E+02
   1.0000000E-01   9.1000006E-02   4.2060003E-02   0.0000000E+00   2.9300000E+02
   1.0000000E-01   9.2999995E-02   4.2060003E-02   0.0000000E+00   2.9300000E+02
   1.0000000E-01   9.4999999E-02   4.2060003E-02   0.0000000E+00   2.9300000E+02
   1.0000000E-01   9.7000003E-02   4.2060003E-02   0.0000000E+00   2.9300000E+02
   1.0000000E-01   9.8999999E-02   4.2060003E-02   0.0000000E+00   2.9300000E+02
   1.0000000E-01   1.0100000E-01   4.2060003E-02   0.0000000E+00   2.9300000E+02
   1.0000000E-01   1.0300000E-01   4.2060003E-02   0.0000000E+00   2.9300000E+02
   1.0000000E-01   1.0500000E-01   4.2060003E-02   0.0000000E+00   2.9300000E+02
   1.0000000E-01   1.0700000E-01   4.2060003E-02   0.0000000E+00   2.9300000E+02
   1.0000000E-01   1.0900000E-01   4.2060003E-02   0.0000000E+00   2.9300000E+02
   1.0000000E-01   1.1100000E-01   4.2060003E-02   0.0000000E+00   2.9300000E+02
   1.0000000E-01   1.1300001E-01   4.2060003E-02   0.0000000E+00   2.9300000E+02
   1.0000000E-01   1.1499999E-01   4.2060003E-02   0.0000000E+00   2.9300000E+02
   1.0000000E-01   1.1700000E-01   4.2060003E-02   0.0000000E+00   2.9300000E+02
   1.0000000E-01   1.1900000E-01   4.2060003E-02   0.0000000E+00   2.9300000E+02
   1.0000000E-01   1.2100000E-01   4.2060003E-02   0.0000000E+00   2.9300000E+02
   1.0000000E-01   1.2633334E-01   4.2060003E-02   0.0000000E+00   2.9300000E+02
   1.0000000E-01   1.3733333E-01   4.2060003E-02   0.0000000E+00   2.9300000E+02
   1.0000000E-01   1.5200000E-01   4.2060003E-02   0.0000000E+00   2.9300000E+02
   1.0000000E-01   8.0000004E-03   4.4020001E-02   0.0000000E+00   2.9300000E+02
   1.0000000E-01   2.2666667E-02   4.4020001E-02   0.0000000E+00   2.9300000E+02
   1.0000000E-01   3.3666667E-02   4.4020001E-02   0.0000000E+00   2.9300000E+02
   1.0000000E-01   3.8999997E-02   4.4020001E-02   0.0000000E+00   2.9300000E+02
   1.0000000E-01   4.1000001E-02   4.4020001E-02   0.0000000E+00   2.9300000E+02
   1.0000000E-01   4.2999998E-02   4.4020001E-02   0.0000000E+00   2.9300000E+02
   1.0000000E-01   4.5000002E-02   4.4020001E-02   0.0000000E+00   2.9300000E+02
   1.0000000E-01   4.6999998E-02   4.4020001E-02   0.0000000E+00   2.9300000E+02
   1.0000000E-01   4.9000002E-02   4.4020001E-02   0.0000000E+00   2.9300000E+02
   1.0000000E-01   5.0999999E-02   4.4020001E-02   0.0000000E+00   2.9300000E+02
   1.0000000E-01   5.3000003E-02   4.4020001E-02   0.0000000E+00   2.9300000E+02
   1.0000000E-01   5.5000000E-02   4.4020001E-02   0.0000000E+00   2.9300000E+02
   1.0000000E-01   5.7000000E-02   4.4020001E-02   0.0000000E+00   2.9300000E+02
   1.0000000E-01   5.9000000E-02   4.4020001E-02   0.0000000E+00   2.9300000E+02
   1.0000000E-01   6.0999997E-02   4.4020001E-02   0.0000000E+00   2.9300000E+02
   1.0000000E-01   6.3000001E-02   4.4020001E-02   0.0000000E+00   2.9300000E+02
   1.0000000E-01   6.4999998E-02   4.4020001E-02   0.0000000E+00   2.9300000E+02
   1.0000000E-01   6.7000002E-02   4.4020001E-02   0.0000000E+00   2.9300000E+02
   1.0000000E-01   6.9000006E-02   4.4020001E-02   0.0000000E+00   2.9300000E+02
   1.0000000E-01   7.0999995E-02   4.4020001E-02   0.0000000E+00   2.9300000E+02
   1.0000000E-01   7.2999999E-02   4.4020001E-02   0.0000000E+00   2.9300000E+02
   1.0000000E-01   7.5000003E-02   4.4020001E-02   0.0000000E+00   2.9300000E+02
   1.0000000E-01   7.7000000E-02   4.4020001E-02   0.0000000E+00   2.9300000E+02
   1.0000000E-01   7.8999996E-02   4.4020001E-02   0.0000000E+00   2.9300000E+02
   1.0000000E-01   8.1000000E-02   4.4020001E-02   0.0000000E+00   2.9300000E+02
   1.0000000E-01   8.3000004E-02   4.4020001E-02   0.0000000E+00   2.9300000E+02
   1.0000000E-01   8.5000001E-02   4.4020001E-02   0.0000000E+00   2.9300000E+02
   1.0000000E-01   8.6999997E-02   4.4020001E-02   0.0000000E+00   2.9300000E+02
   1.0000000E-01   8.9000002E-02   4.4020001E-02   0.0000000E+00   2.9300000E+02
   1.0000000E-01   9.1000006E-02   4.4020001E-02   0.0000000E+00   2.9300000E+02
   1.0000000E-01   9.2999995E-02   4.4020001E-02   0.0000000E+00   2.9300000E+02
   1.0000000E-01   9.4999999E-02   4.4020001E-02   0.0000000E+00   2.9300000E+02
   1.0000000E-01   9.7000003E-02   4.4020001E-02   0.0000000E+00   2.9300000E+02
   1.0000000E-01   9.8999999E-02   4.4020001E-02   0.0000000E+00   2.9300000E+02
   1.0000000E-01   1.0100000E-01   4.4020001E-02   0.0000000E+00   2.9300000E+02
   1.0000000E-01   1.0300000E-01   4.4020001E-02   0.0000000E+00   2.9300000E+02
   1.0000000E-01   1.0500000E-01   4.4020001E-02   0.0000000E+00   2.9300000E+02
   1.0000000E-01   1.0700000E-01   4.4020001E-02   0.0000000E+00   2.9300000E+02
   1.0000000E-01   1.0900000E-01   4.4020001E-02   0.0000000E+00   2.9300000E+02
   1.0000000E-01   1.1100000E-01   4.4020001E-02   0.0000000E+00   2.9300000E+02
   1.0000000E-01   1.1300001E-01   4.4020001E-02   0.0000000E+00   2.9300000E+02
   1.0000000E-01   1.1499999E-01   4.4020001E-02   0.0000000E+00   2.9300000E+02
   1.0000000E-01   1.1700000E-01   4.4020001E-02   0.0000000E+00   2.9300000E+02
   1.0000000E-01   1.1900000E-01   4.4020001E-02   0.0000000E+00   2.9300000E+02
   1.0000000E-01   1.2100000E-01   4.4020001E-02   0.0000000E+00   2.9300000E+02
   1.0000000E-01   1.2633334E-01   4.4020001E-02   0.0000000E+00   2.9300000E+02
   1.0000000E-01   1.3733333E-01   4.4020001E-02   0.0000000E+00   2.9300000E+02
   1.0000000E-01   1.5200000E-01   4.4020001E-02   0.0000000E+00   2.9300000E+02