1.0000000E-01   8.0000004E-03  -3.0200002E-03   0.0000000E+00   2.9300000E+02
   1.0000000E-01   2.2666667E-02  -3.0200002E-03   0.0000000E+00   2.9300000E+02
   1.0000000E-01   3.3666667E-02  -3.0200002E-03   0.0000000E+00   2.9300000E+02
   1.0000000E-01   3.8999997E-02  -3.0200002E-03   0.0000000E+00   2.9300000E+02
   1.0000000E-01   4.1000001E-02  -3.0200002E-03   0.0000000E+00   2.9300000E+02
   1.0000000E-01   4.2999998E-02  -3.0200002E-03   4.9999928E-01   7.1914404E+02
   1.0000000E-01   4.5000002E-02  -3.0200002E-03   1.0000000E+00   7.5055878E+02
   1.0000000E-01   4.6999998E-02  -3.0200002E-03   1.0000000E+00   8.0014050E+02
   1.0000000E-01   4.9000002E-02  -3.0200002E-03   1.0000000E+00   8.7047699E+02
   1.0000000E-01   5.0999999E-02  -3.0200002E-03   1.0000000E+00   9.5642456E+02
   1.0000000E-01   5.3000003E-02  -3.0200002E-03   1.0000000E+00   1.0532163E+03
   1.0000000E-01   5.5000000E-02  -3.0200002E-03   1.0000000E+00   1.1553575E+03
   1.0000000E-01   5.7000000E-02  -3.0200002E-03   1.0000000E+00   1.2559995E+03
   1.0000000E-01   5.9000000E-02  -3.0200002E-03   1.0000000E+00   1.3468267E+03
   1.0000000E-01   6.0999997E-02  -3.0200002E-03   9.9864578E-01   1.4187249E+03
   1.0000000E-01   6.3000001E-02  -3.0200002E-03   9.9775648E-01   1.4632532E+03
   1.0000000E-01   6.4999998E-02  -3.0200002E-03   9.9863273E-01   1.4747745E+03
   1.0000000E-01   6.7000002E-02  -3.0200002E-03   9.9937141E-01   1.4524049E+03
   1.0000000E-01   6.9000006E-02  -3.0200002E-03   1.0000000E+00   1.4000052E+03
   1.0000000E-01   7.0999995E-02  -3.0200002E-03   1.0000000E+00   1.3245094E+03
   1.0000000E-01   7.2999999E-02  -3.0200002E-03   1.0000000E+00   1.2344049E+03
   1.0000000E-01   7.5000003E-02  -3.0200002E-03   1.0000000E+00   1.1386819E+03
   1.0000000E-01   7.7000000E-02  -3.0200002E-03   1.0000000E+00   1.0461445E+03
   1.0000000E-01   7.8999996E-02  -3.0200002E-03   1.0000000E+00   9.6522412E+02
   1.0000000E-01   8.1000000E-02  -3.0200002E-03   1.0000000E+00   9.0470667E+02
   1.0000000E-01   8.3000004E-02  -3.0200002E-03   5.4590148E-01   8.6515845E+02
   1.0000000E-01   8.5000001E-02  -3.0200002E-03   0.0000000E+00   2.9300000E+02
   1.0000000E-01   8.6999997E-02  -3.0200002E-03   0.0000000E+00   2.9300000E+02
   1.0000000E-01   8.9000002E-02  -3.0200002E-03   0.0000000E+00   2.9300000E+02
   1.0000000E-01   9.1000006E-02  -3.0200002E-03   0.0000000E+00   2.9300000E+02
   1.0000000E-01   9.2999995E-02  -3.0200002E-03   0.0000000E+00   2.9300000E+02
   1.0000000E-01   9.4999999E-02  -3.0200002E-03   0.0000000E+00   2.9300000E+02
   1.0000000E-01   9.7000003E-02  -3.0200002E-03   0.0000000E+00   2.9300000E+02
   1.0000000E-01   9.8999999E-02  -3.0200002E-03   0.0000000E+00   2.9300000E+02
   1.0000000E-01   1.0100000E-01  -3.0200002E-03   0.0000000E+00   2.9300000E+02
   1.0000000E-01   1.0300000E-01  -3.0200002E-03   0.0000000E+00   2.9300000E+02
   1.0000000E-01   1.0500000E-01  -3.0200002E-03   0.0000000E+00   2.9300000E+02
   1.0000000E-01   1.0700000E-01  -3.0200002E-03   0.0000000E+00   2.9300000E+02
   1.0000000E-01   1.0900000E-01  -3.0200002E-03   0.0000000E+00   2.9300000E+02
   1.0000000E-01   1.1100000E-01  -3.0200002E-03   0.0000000E+00   2.9300000E+02
   1.0000000E-01   1.1300001E-01  -3.0200002E-03   0.0000000E+00   2.9300000E+02
   1.0000000E-01   1.1499999E-01  -3.0200002E-03   0.0000000E+00   2.9300000E+02
   1.0000000E-01   1.1700000E-01  -3.0200002E-03   0.0000000E+00   2.9300000E+02
   1.0000000E-01   1.1900000E-01  -3.0200002E-03   0.0000000E+00   2.9300000E+02
   1.0000000E-01   1.2100000E-01  -3.0200002E-03   0.0000000E+00   2.9300000E+02
   1.0000000E-01   1.2633334E-01  -3.0200002E-03   0.0000000E+00   2.9300000E+02
   1.0000000E-01   1.3733333E-01  -3.0200002E-03   0.0000000E+00   2.9300000E+02
   1.0000000E-01   1.5200000E-01  -3.0200002E-03   0.0000000E+00   2.9300000E+02
   1.0000000E-01   8.0000004E-03  -1.0599999E-03   0.0000000E+00   2.9300000E+02
   1.0000000E-01   2.2666667E-02  -1.0599999E-03   0.0000000E+00   2.9300000E+02
   1.0000000E-01   3.3666667E-02  -1.0599999E-03   0.0000000E+00   2.9300000E+02
   1.0000000E-01   3.8999997E-02  -1.0599999E-03   0.0000000E+00   2.9300000E+02
   1.0000000E-01   4.1000001E-02  -1.0599999E-03   0.0000000E+00   2.9300000E+02
   1.0000000E-01   4.2999998E-02  -1.0599999E-03   4.9999928E-01   6.9286249E+02
   1.0000000E-01   4.5000002E-02  -1.0599999E-03   1.0000000E+00   7.3606543E+02
   1.0000000E-01   4.6999998E-02  -1.0599999E-03   1.0000000E+00   7.9169537E+02
   1.0000000E-01   4.9000002E-02  -1.0599999E-03   1.0000000E+00   8.6552722E+02
   1.0000000E-01   5.0999999E-02  -1.0599999E-03   1.0000000E+00   9.5368030E+02
   1.0000000E-01   5.3000003E-02  -1.0599999E-03   1.0000000E+00   1.0523074E+03
   1.0000000E-01   5.5000000E-02  -1.0599999E-03   1.0000000E+00   1.1564601E+03
   1.0000000E-01   5.7000000E-02  -1.0599999E-03   1.0000000E+00   1.2595736E+03
   1.0000000E-01   5.9000000E-02  -1.0599999E-03   1.0000000E+00   1.3533641E+03
   1.0000000E-01   6.0999997E-02  -1.0599999E-03   9.9847263E-01   1.4284377E+03
   1.0000000E-01   6.3000001E-02  -1.0599999E-03   9.9857008E-01   1.4757651E+03
   1.0000000E-01   6.4999998E-02  -1.0599999E-03   9.9881661E-01   1.4890317E+03
   1.0000000E-01   6.7000002E-02  -1.0599999E-03   9.9978453E-01   1.4668383E+03
   1.0000000E-01   6.9000006E-02  -1.0599999E-03   1.0000000E+00   1.4130192E+03
   1.0000000E-01   7.0999995E-02  -1.0599999E-03   1.0000000E+00   1.3347662E+03
   1.0000000E-01   7.2999999E-02  -1.0599999E-03   1.0000000E+00   1.2409368E+03
   1.0000000E-01   7.5000003E-02  -1.0599999E-03   1.0000000E+00   1.1408907E+03
   1.0000000E-01   7.7000000E-02  -1.0599999E-03   1.0000000E+00   1.0434951E+03
   1.0000000E-01   7.8999996E-02  -1.0599999E-03   1.0000000E+00   9.5641907E+02
   1.0000000E-01   8.1000000E-02  -1.0599999E-03   1.0000000E+00   8.8688715E+02
   1.0000000E-01   8.3000004E-02  -1.0599999E-03   5.4590148E-01   8.3153088E+02
   1.0000000E-01   8.5000001E-02  -1.0599999E-03   0.0000000E+00   2.9300000E+02
   1.0000000E-01   8.6999997E-02  -1.0599999E-03   0.0000000E+00   2.9300000E+02
   1.0000000E-01   8.9000002E-02  -1.0599999E-03   0.0000000E+00   2.9300000E+02
   1.0000000E-01   9.1000006E-02  -1.0599999E-03   0.0000000E+00   2.9300000E+02
   1.0000000E-01   9.2999995E-02  -1.0599999E-03   0.0000000E+00   2.9300000E+02
   1.0000000E-01   9.4999999E-02  -1.0599999E-03   0.0000000E+00   2.9300000E+02
   1.0000000E-01   9.7000003E-02  -1.0599999E-03   0.0000000E+00   2.9300000E+02
   1.0000000E-01   9.8999999E-02  -1.0599999E-03   0.0000000E+00   2.9300000E+02
   1.0000000E-01   1.0100000E-01  -1.0599999E-03   0.0000000E+00   2.9300000E+02
   1.0000000E-01   1.0300000E-01  -1.0599999E-03   0.0000000E+00   2.9300000E+02
   1.0000000E-01   1.0500000E-01  -1.0599999E-03   0.0000000E+00   2.9300000E+02
   1.0000000E-01   1.0700000E-01  -1.0599999E-03   0.0000000E+00   2.9300000E+02
   1.0000000E-01   1.0900000E-01  -1.0599999E-03   0.0000000E+00   2.9300000E+02
   1.0000000E-01   1.1100000E-01  -1.0599999E-03   0.0000000E+00   2.9300000E+02
   1.0000000E-01   1.1300001E-01  -1.0599999E-03   0.0000000E+00   2.9300000E+02
   1.0000000E-01   1.1499999E-01  -1.0599999E-03   0.0000000E+00   2.9300000E+02
   1.0000000E-01   1.1700000E-01  -1.0599999E-03   0.0000000E+00   2.9300000E+02
   1.0000000E-01   1.1900000E-01  -1.0599999E-03   0.0000000E+00   2.9300000E+02
   1.0000000E-01   1.2100000E-01  -1.0599999E-03   0.0000000E+00   2.9300000E+02
   1.0000000E-01   1.2633334E-01  -1.0599999E-03   0.0000000E+00   2.9300000E+02
   1.0000000E-01   1.3733333E-01  -1.0599999E-03   0.0000000E+00   2.9300000E+02
   1.0000000E-01   1.5200000E-01  -1.0599999E-03   0.0000000E+00   2.9300000E+02
   1.0000000E-01   8.0000004E-03   8.9999998E-04   9.5918369E-01   3.5285675E+02
   1.0000000E-01   2.2666667E-02   8.9999998E-04   9.5918369E-01   3.6140076E+02
   1.0000000E-01   3.3666667E-02   8.9999998E-04   9.5918369E-01   4.1504068E+02
   1.0000000E-01   3.8999997E-02   8.9999998E-04   9.5918369E-01   5.1579840E+02
   1.0000000E-01   4.1000001E-02   8.9999998E-04   9.5918369E-01   5.6793982E+02
   1.0000000E-01   4.2999998E-02   8.9999998E-04   9.8979592E-01   6.3948444E+02
   1.0000000E-01   4.5000002E-02   8.9999998E-04   1.0000000E+00   7.0543024E+02
   1.0000000E-01   4.6999998E-02   8.9999998E-04   1.0000000E+00   7.7352179E+02
   1.0000000E-01   4.9000002E-02   8.9999998E-04   1.0000000E+00   8.5262628E+02
   1.0000000E-01   5.0999999E-02   8.9999998E-04   1.0000000E+00   9.4365253E+02
   1.0000000E-01   5.3000003E-02   8.9999998E-04   1.0000000E+00   1.0446288E+03
   1.0000000E-01   5.5000000E-02   8.9999998E-04   1.0000000E+00   1.1515858E+03
   1.0000000E-01   5.7000000E-02   8.9999998E-04   1.0000000E+00   1.2585103E+03
   1.0000000E-01   5.9000000E-02   8.9999998E-04   9.9883562E-01   1.3572808E+03
   1.0000000E-01   6.0999997E-02   8.9999998E-04   9.9929553E-01   1.4380280E+03
   1.0000000E-01   6.3000001E-02   8.9999998E-04   9.9957013E-01   1.4906791E+03
   1.0000000E-01   6.4999998E-02   8.9999998E-04   9.9960941E-01   1.5076290E+03
   1.0000000E-01   6.7000002E-02   8.9999998E-04   9.9990386E-01   1.4862559E+03
   1.0000000E-01   6.9000006E-02   8.9999998E-04   1.0000000E+00   1.4301503E+03
   1.0000000E-01   7.0999995E-02   8.9999998E-04   1.0000000E+00   1.3470195E+03
   1.0000000E-01   7.2999999E-02   8.9999998E-04   1.0000000E+00   1.2464495E+03
   1.0000000E-01   7.5000003E-02   8.9999998E-04   1.0000000E+00   1.1387427E+03
   1.0000000E-01   7.7000000E-02   8.9999998E-04   1.0000000E+00   1.0333157E+03
   1.0000000E-01   7.8999996E-02   8.9999998E-04   1.0000000E+00   9.3622870E+02
   1.0000000E-01   8.1000000E-02   8.9999998E-04   1.0000000E+00   8.4857709E+02
   1.0000000E-01   8.3000004E-02   8.9999998E-04   1.0000000E+00   7.6092297E+02
   1.0000000E-01   8.5000001E-02   8.9999998E-04   9.5918369E-01   6.6057086E+02
   1.0000000E-01   8.6999997E-02   8.9999998E-04   9.5918369E-01   5.8389331E+02
   1.0000000E-01   8.9000002E-02   8.9999998E-04   9.5918369E-01   5.2499054E+02
   1.0000000E-01   9.1000006E-02   8.9999998E-04   9.5918369E-01   4.7965930E+02
   1.0000000E-01   9.2999995E-02   8.9999998E-04   9.5918369E-01   4.4505316E+02
   1.0000000E-01   9.4999999E-02   8.9999998E-04   9.5918369E-01   4.1895581E+02
   1.0000000E-01   9.7000003E-02   8.9999998E-04   9.5918369E-01   3.9954858E+02
   1.0000000E-01   9.8999999E-02   8.9999998E-04   9.5918369E-01   3.8532645E+02
   1.0000000E-01   1.0100000E-01   8.9999998E-04   9.5918369E-01   3.7505713E+02
   1.0000000E-01   1.0300000E-01   8.9999998E-04   9.5918369E-01   3.6775003E+02
   1.0000000E-01   1.0500000E-01   8.9999998E-04   9.5918369E-01   3.6262518E+02
   1.0000000E-01   1.0700000E-01   8.9999998E-04   9.5918369E-01   3.5908127E+02
   1.0000000E-01   1.0900000E-01   8.9999998E-04   9.5918369E-01   3.5666437E+02
   1.0000000E-01   1.1100000E-01   8.9999998E-04   9.5918369E-01   3.5503857E+02
   1.0000000E-01   1.1300001E-01   8.9999998E-04   9.5918369E-01   3.5395993E+02
   1.0000000E-01   1.1499999E-01   8.9999998E-04   9.5918369E-01   3.5325464E+02
   1.0000000E-01   1.1700000E-01   8.9999998E-04   9.5918369E-01   3.5280115E+02
   1.0000000E-01   1.1900000E-01   8.9999998E-04   9.5918369E-01   3.5251611E+02
   1.0000000E-01   1.2100000E-01   8.9999998E-04   9.5918369E-01   3.5234387E+02
   1.0000000E-01   1.2633334E-01   8.9999998E-04   9.5918369E-01   3.5208954E+02
   1.0000000E-01   1.3733333E-01   8.9999998E-04   9.5918369E-01   3.5202036E+02
   1.0000000E-01   1.5200000E-01   8.9999998E-04   4.7959173E-01   3.5200668E+02
   1.0000000E-01   8.0000004E-03   2.8599999E-03   1.0000000E+00   3.5294611E+02
   1.0000000E-01   2.2666667E-02   2.8599999E-03   1.0000000E+00   3.6133240E+02
   1.0000000E-01   3.3666667E-02   2.8599999E-03   1.0000000E+00   4.1372443E+02
   1.0000000E-01   3.8999997E-02   2.8599999E-03   1.0000000E+00   5.1008667E+02
   1.0000000E-01   4.1000001E-02   2.8599999E-03   1.0000000E+00   5.5746283E+02
   1.0000000E-01   4.2999998E-02   2.8599999E-03   1.0000000E+00   6.1652008E+02
   1.0000000E-01   4.5000002E-02   2.8599999E-03   1.0000000E+00   6.8102631E+02
   1.0000000E-01   4.6999998E-02   2.8599999E-03   1.0000000E+00   7.5241956E+02
   1.0000000E-01   4.9000002E-02   2.8599999E-03   1.0000000E+00   8.3399469E+02
   1.0000000E-01   5.0999999E-02   2.8599999E-03   1.0000000E+00   9.2672595E+02
   1.0000000E-01   5.3000003E-02   2.8599999E-03   1.0000000E+00   1.0294808E+03
   1.0000000E-01   5.5000000E-02   2.8599999E-03   1.0000000E+00   1.1391630E+03
   1.0000000E-01   5.7000000E-02   2.8599999E-03   1.0000000E+00   1.2504811E+03
   1.0000000E-01   5.9000000E-02   2.8599999E-03   1.0000000E+00   1.3555896E+03
   1.0000000E-01   6.0999997E-02   2.8599999E-03   9.9976635E-01   1.4441693E+03
   1.0000000E-01   6.3000001E-02   2.8599999E-03   9.9901897E-01   1.5047948E+03
   1.0000000E-01   6.4999998E-02   2.8599999E-03   9.9953860E-01   1.5278552E+03
   1.0000000E-01   6.7000002E-02   2.8599999E-03   9.9993825E-01   1.5085763E+03
   1.0000000E-01   6.9000006E-02   2.8599999E-03   9.9000317E-01   1.4497433E+03
   1.0000000E-01   7.0999995E-02   2.8599999E-03   1.0000000E+00   1.3597318E+03
   1.0000000E-01   7.2999999E-02   2.8599999E-03   1.0000000E+00   1.2493687E+03
   1.0000000E-01   7.5000003E-02   2.8599999E-03   1.0000000E+00   1.1308440E+03
   1.0000000E-01   7.7000000E-02   2.8599999E-03   1.0000000E+00   1.0163118E+03
   1.0000000E-01   7.8999996E-02   2.8599999E-03   1.0000000E+00   9.1165570E+02
   1.0000000E-01   8.1000000E-02   2.8599999E-03   1.0000000E+00   8.1720129E+02
   1.0000000E-01   8.3000004E-02   2.8599999E-03   1.0000000E+00   7.2933429E+02
   1.0000000E-01   8.5000001E-02   2.8599999E-03   1.0000000E+00   6.4579797E+02
   1.0000000E-01   8.6999997E-02   2.8599999E-03   1.0000000E+00   5.7604657E+02
   1.0000000E-01   8.9000002E-02   2.8599999E-03   1.0000000E+00   5.2027167E+02
   1.0000000E-01   9.1000006E-02   2.8599999E-03   1.0000000E+00   4.7663272E+02
   1.0000000E-01   9.2999995E-02   2.8599999E-03   1.0000000E+00   4.4306052E+02
   1.0000000E-01   9.4999999E-02   2.8599999E-03   1.0000000E+00   4.1763925E+02
   1.0000000E-01   9.7000003E-02   2.8599999E-03   1.0000000E+00   3.9868875E+02
   1.0000000E-01   9.8999999E-02   2.8599999E-03   1.0000000E+00   3.8477902E+02
   1.0000000E-01   1.0100000E-01   2.8599999E-03   1.0000000E+00   3.7472385E+02
   1.0000000E-01   1.0300000E-01   2.8599999E-03   1.0000000E+00   3.6756287E+02
   1.0000000E-01   1.0500000E-01   2.8599999E-03   1.0000000E+00   3.6253696E+02
   1.0000000E-01   1.0700000E-01   2.8599999E-03   1.0000000E+00   3.5905948E+02
   1.0000000E-01   1.0900000E-01   2.8599999E-03   1.0000000E+00   3.5668674E+02
   1.0000000E-01   1.1100000E-01   2.8599999E-03   1.0000000E+00   3.5508994E+02
   1.0000000E-01   1.1300001E-01   2.8599999E-03   1.0000000E+00   3.5403015E+02
   1.0000000E-01   1.1499999E-01   2.8599999E-03   1.0000000E+00   3.5333694E+02
   1.0000000E-01   1.1700000E-01   2.8599999E-03   1.0000000E+00   3.5289111E+02
   1.0000000E-01   1.1900000E-01   2.8599999E-03   1.0000000E+00   3.5261084E+02
   1.0000000E-01   1.2100000E-01   2.8599999E-03   1.0000000E+00   3.5244144E+02
   1.0000000E-01   1.2633334E-01   2.8599999E-03   1.0000000E+00   3.5219125E+02
   1.0000000E-01   1.3733333E-01   2.8599999E-03   1.0000000E+00   3.5212292E+02
   1.0000000E-01   1.5200000E-01   2.8599999E-03   1.0000000E+00   3.5208463E+02
   1.0000000E-01   8.0000004E-03   4.8199999E-03   1.0000000E+00   3.5301212E+02
   1.0000000E-01   2.2666667E-02   4.8199999E-03   1.0000000E+00   3.6107870E+02
   1.0000000E-01   3.3666667E-02   4.8199999E-03   1.0000000E+00   4.1108957E+02
   1.0000000E-01   3.8999997E-02   4.8199999E-03   1.0000000E+00   5.0100681E+02
   1.0000000E-01   4.1000001E-02   4.8199999E-03   1.0000000E+00   5.4412573E+02
   1.0000000E-01   4.2999998E-02   4.8199999E-03   1.0000000E+00   5.9701508E+02
   1.0000000E-01   4.5000002E-02   4.8199999E-03   1.0000000E+00   6.5844507E+02
   1.0000000E-01   4.6999998E-02   4.8199999E-03   1.0000000E+00   7.2905463E+02
   1.0000000E-01   4.9000002E-02   4.8199999E-03   1.0000000E+00   8.1027167E+02
   1.0000000E-01   5.0999999E-02   4.8199999E-03   1.0000000E+00   9.0271082E+02
   1.0000000E-01   5.3000003E-02   4.8199999E-03   1.0000000E+00   1.0056770E+03
   1.0000000E-01   5.5000000E-02   4.8199999E-03   1.0000000E+00   1.1168862E+03
   1.0000000E-01   5.7000000E-02   4.8199999E-03   1.0000000E+00   1.2319934E+03
   1.0000000E-01   5.9000000E-02   4.8199999E-03   1.0000000E+00   1.3438795E+03
   1.0000000E-01   6.0999997E-02   4.8199999E-03   9.9983764E-01   1.4421241E+03
   1.0000000E-01   6.3000001E-02   4.8199999E-03   9.9757773E-01   1.5134852E+03
   1.0000000E-01   6.4999998E-02   4.8199999E-03   9.9963903E-01   1.5457346E+03
   1.0000000E-01   6.7000002E-02   4.8199999E-03   9.9996424E-01   1.5302581E+03
   1.0000000E-01   6.9000006E-02   4.8199999E-03   9.9999595E-01   1.4691970E+03
   1.0000000E-01   7.0999995E-02   4.8199999E-03   9.9710828E-01   1.3711912E+03
   1.0000000E-01   7.2999999E-02   4.8199999E-03   1.0000000E+00   1.2472410E+03
   1.0000000E-01   7.5000003E-02   4.8199999E-03   1.0000000E+00   1.1132084E+03
   1.0000000E-01   7.7000000E-02   4.8199999E-03   1.0000000E+00   9.8949493E+02
   1.0000000E-01   7.8999996E-02   4.8199999E-03   1.0000000E+00   8.8098181E+02
   1.0000000E-01   8.1000000E-02   4.8199999E-03   1.0000000E+00   7.8579541E+02
   1.0000000E-01   8.3000004E-02   4.8199999E-03   1.0000000E+00   7.0129004E+02
   1.0000000E-01   8.5000001E-02   4.8199999E-03   1.0000000E+00   6.2633429E+02
   1.0000000E-01   8.6999997E-02   4.8199999E-03   1.0000000E+00   5.6302271E+02
   1.0000000E-01   8.9000002E-02   4.8199999E-03   1.0000000E+00   5.1149811E+02
   1.0000000E-01   9.1000006E-02   4.8199999E-03   1.0000000E+00   4.7066818E+02
   1.0000000E-01   9.2999995E-02   4.8199999E-03   1.0000000E+00   4.3899347E+02
   1.0000000E-01   9.4999999E-02   4.8199999E-03   1.0000000E+00   4.1487616E+02
   1.0000000E-01   9.7000003E-02   4.8199999E-03   1.0000000E+00   3.9682925E+02
   1.0000000E-01   9.8999999E-02   4.8199999E-03   1.0000000E+00   3.8354642E+02
   1.0000000E-01   1.0100000E-01   4.8199999E-03   1.0000000E+00   3.7392447E+02
   1.0000000E-01   1.0300000E-01   4.8199999E-03   1.0000000E+00   3.6706085E+02
   1.0000000E-01   1.0500000E-01   4.8199999E-03   1.0000000E+00   3.6223721E+02
   1.0000000E-01   1.0700000E-01   4.8199999E-03   1.0000000E+00   3.5889600E+02
   1.0000000E-01   1.0900000E-01   4.8199999E-03   1.0000000E+00   3.5661401E+02
   1.0000000E-01   1.1100000E-01   4.8199999E-03   1.0000000E+00   3.5507703E+02
   1.0000000E-01   1.1300001E-01   4.8199999E-03   1.0000000E+00   3.5405621E+02
   1.0000000E-01   1.1499999E-01   4.8199999E-03   1.0000000E+00   3.5338809E+02
   1.0000000E-01   1.1700000E-01   4.8199999E-03   1.0000000E+00   3.5295816E+02
   1.0000000E-01   1.1900000E-01   4.8199999E-03   1.0000000E+00   3.5268774E+02
   1.0000000E-01   1.2100000E-01   4.8199999E-03   1.0000000E+00   3.5252426E+02
   1.0000000E-01   1.2633334E-01   4.8199999E-03   1.0000000E+00   3.5228275E+02
   1.0000000E-01   1.3733333E-01   4.8199999E-03   1.0000000E+00   3.5221683E+02
   1.0000000E-01   1.5200000E-01   4.8199999E-03   1.0000000E+00   3.5218405E+02
   1.0000000E-01   8.0000004E-03   6.7799999E-03   1.0000000E+00   3.5305368E+02
   1.0000000E-01   2.2666667E-02   6.7799999E-03   1.0000000E+00   3.6066080E+02
   1.0000000E-01   3.3666667E-02   6.7799999E-03   1.0000000E+00   4.0741898E+02
   1.0000000E-01   3.8999997E-02   6.7799999E-03   1.0000000E+00   4.9000397E+02
   1.0000000E-01   4.1000001E-02   6.7799999E-03   1.0000000E+00   5.2931091E+02
   1.0000000E-01   4.2999998E-02   6.7799999E-03   1.0000000E+00   5.7765802E+02
   1.0000000E-01   4.5000002E-02   6.7799999E-03   1.0000000E+00   6.3529163E+02
   1.0000000E-01   4.6999998E-02   6.7799999E-03   1.0000000E+00   7.0288837E+02
   1.0000000E-01   4.9000002E-02   6.7799999E-03   1.0000000E+00   7.8132635E+02
   1.0000000E-01   5.0999999E-02   6.7799999E-03   1.0000000E+00   8.7106671E+02
   1.0000000E-01   5.3000003E-02   6.7799999E-03   1.0000000E+00   9.7176044E+02
   1.0000000E-01   5.5000000E-02   6.7799999E-03   1.0000000E+00   1.0819374E+03
   1.0000000E-01   5.7000000E-02   6.7799999E-03   1.0000000E+00   1.1985292E+03
   1.0000000E-01   5.9000000E-02   6.7799999E-03   1.0000000E+00   1.3160741E+03
   1.0000000E-01   6.0999997E-02   6.7799999E-03   9.9968588E-01   1.4256295E+03
   1.0000000E-01   6.3000001E-02   6.7799999E-03   9.9738795E-01   1.5108831E+03
   1.0000000E-01   6.4999998E-02   6.7799999E-03   9.9991035E-01   1.5558600E+03
   1.0000000E-01   6.7000002E-02   6.7799999E-03   9.9998707E-01   1.5460198E+03
   1.0000000E-01   6.9000006E-02   6.7799999E-03   9.9999094E-01   1.4841993E+03
   1.0000000E-01   7.0999995E-02   6.7799999E-03   9.9986136E-01   1.3798475E+03
   1.0000000E-01   7.2999999E-02   6.7799999E-03   9.9003601E-01   1.2383038E+03
   1.0000000E-01   7.5000003E-02   6.7799999E-03   1.0000000E+00   1.0772512E+03
   1.0000000E-01   7.7000000E-02   6.7799999E-03   1.0000000E+00   9.4635394E+02
   1.0000000E-01   7.8999996E-02   6.7799999E-03   1.0000000E+00   8.4035034E+02
   1.0000000E-01   8.1000000E-02   6.7799999E-03   1.0000000E+00   7.4982654E+02
   1.0000000E-01   8.3000004E-02   6.7799999E-03   1.0000000E+00   6.7132202E+02
   1.0000000E-01   8.5000001E-02   6.7799999E-03   1.0000000E+00   6.0352704E+02
   1.0000000E-01   8.6999997E-02   6.7799999E-03   1.0000000E+00   5.4643665E+02
   1.0000000E-01   8.9000002E-02   6.7799999E-03   1.0000000E+00   4.9968448E+02
   1.0000000E-01   9.1000006E-02   6.7799999E-03   1.0000000E+00   4.6234988E+02
   1.0000000E-01   9.2999995E-02   6.7799999E-03   1.0000000E+00   4.3319049E+02
   1.0000000E-01   9.4999999E-02   6.7799999E-03   1.0000000E+00   4.1086786E+02
   1.0000000E-01   9.7000003E-02   6.7799999E-03   1.0000000E+00   3.9409280E+02
   1.0000000E-01   9.8999999E-02   6.7799999E-03   1.0000000E+00   3.8170447E+02
   1.0000000E-01   1.0100000E-01   6.7799999E-03   1.0000000E+00   3.7270615E+02
   1.0000000E-01   1.0300000E-01   6.7799999E-03   1.0000000E+00   3.6627307E+02
   1.0000000E-01   1.0500000E-01   6.7799999E-03   1.0000000E+00   3.6174353E+02
   1.0000000E-01   1.0700000E-01   6.7799999E-03   1.0000000E+00   3.5860095E+02
   1.0000000E-01   1.0900000E-01   6.7799999E-03   1.0000000E+00   3.5645166E+02
   1.0000000E-01   1.1100000E-01   6.7799999E-03   1.0000000E+00   3.5500232E+02
   1.0000000E-01   1.1300001E-01   6.7799999E-03   1.0000000E+00   3.5403867E+02
   1.0000000E-01   1.1499999E-01   6.7799999E-03   1.0000000E+00   3.5340738E+02
   1.0000000E-01   1.1700000E-01   6.7799999E-03   1.0000000E+00   3.5300082E+02
   1.0000000E-01   1.1900000E-01   6.7799999E-03   1.0000000E+00   3.5274500E+02
   1.0000000E-01   1.2100000E-01   6.7799999E-03   1.0000000E+00   3.5259027E+02
   1.0000000E-01   1.2633334E-01   6.7799999E-03   1.0000000E+00   3.5236157E+02
   1.0000000E-01   1.3733333E-01   6.7799999E-03   1.0000000E+00   3.5229935E+02
   1.0000000E-01   1.5200000E-01   6.7799999E-03   1.0000000E+00   3.5227130E+02
   1.0000000E-01   8.0000004E-03   8.7400004E-03   1.0000000E+00   3.5307321E+02
   1.0000000E-01   2.2666667E-02   8.7400004E-03   1.0000000E+00   3.6011258E+02
   1.0000000E-01   3.3666667E-02   8.7400004E-03   1.0000000E+00   4.0301334E+02
   1.0000000E-01   3.8999997E-02   8.7400004E-03   1.0000000E+00   4.7784494E+02
   1.0000000E-01   4.1000001E-02   8.7400004E-03   1.0000000E+00   5.1345209E+02
   1.0000000E-01   4.2999998E-02   8.7400004E-03   1.0000000E+00   5.5747601E+02
   1.0000000E-01   4.5000002E-02   8.7400004E-03   1.0000000E+00   6.1061017E+02
   1.0000000E-01   4.6999998E-02   8.7400004E-03   1.0000000E+00   6.7358453E+02
   1.0000000E-01   4.9000002E-02   8.7400004E-03   1.0000000E+00   7.4707819E+02
   1.0000000E-01   5.0999999E-02   8.7400004E-03   1.0000000E+00   8.3145709E+02
   1.0000000E-01   5.3000003E-02   8.7400004E-03   1.0000000E+00   9.2655542E+02
   1.0000000E-01   5.5000000E-02   8.7400004E-03   1.0000000E+00   1.0315125E+03
   1.0000000E-01   5.7000000E-02   8.7400004E-03   1.0000000E+00   1.1446277E+03
   1.0000000E-01   5.9000000E-02   8.7400004E-03   1.0000000E+00   1.2634373E+03
   1.0000000E-01   6.0999997E-02   8.7400004E-03   9.9004543E-01   1.3865272E+03
   1.0000000E-01   6.3000001E-02   8.7400004E-03   9.9806267E-01   1.4895013E+03
   1.0000000E-01   6.4999998E-02   8.7400004E-03   8.9943522E-01   1.5553463E+03
   1.0000000E-01   6.7000002E-02   8.7400004E-03   5.9182316E-01   1.5624213E+03
   1.0000000E-01   6.9000006E-02   8.7400004E-03   3.6972159E-01   1.5180952E+03
   1.0000000E-01   7.0999995E-02   8.7400004E-03   1.9904523E-01   1.4473547E+03
   1.0000000E-01   7.2999999E-02   8.7400004E-03   0.0000000E+00   2.9300000E+02
   1.0000000E-01   7.5000003E-02   8.7400004E-03   6.2265325E-01   9.7997107E+02
   1.0000000E-01   7.7000000E-02   8.7400004E-03   1.0000000E+00   8.7701624E+02
   1.0000000E-01   7.8999996E-02   8.7400004E-03   1.0000000E+00   7.8739557E+02
   1.0000000E-01   8.1000000E-02   8.7400004E-03   1.0000000E+00   7.0768878E+02
   1.0000000E-01   8.3000004E-02   8.7400004E-03   1.0000000E+00   6.3795447E+02
   1.0000000E-01   8.5000001E-02   8.7400004E-03   1.0000000E+00   5.7790521E+02
   1.0000000E-01   8.6999997E-02   8.7400004E-03   1.0000000E+00   5.2731787E+02
   1.0000000E-01   8.9000002E-02   8.7400004E-03   1.0000000E+00   4.8572256E+02
   1.0000000E-01   9.1000006E-02   8.7400004E-03   1.0000000E+00   4.5232132E+02
   1.0000000E-01   9.2999995E-02   8.7400004E-03   1.0000000E+00   4.2608777E+02
   1.0000000E-01   9.4999999E-02   8.7400004E-03   1.0000000E+00   4.0590359E+02
   1.0000000E-01   9.7000003E-02   8.7400004E-03   1.0000000E+00   3.9066959E+02
   1.0000000E-01   9.8999999E-02   8.7400004E-03   1.0000000E+00   3.7937778E+02
   1.0000000E-01   1.0100000E-01   8.7400004E-03   1.0000000E+00   3.7115018E+02
   1.0000000E-01   1.0300000E-01   8.7400004E-03   1.0000000E+00   3.6525226E+02
   1.0000000E-01   1.0500000E-01   8.7400004E-03   1.0000000E+00   3.6108987E+02
   1.0000000E-01   1.0700000E-01   8.7400004E-03   1.0000000E+00   3.5819617E+02
   1.0000000E-01   1.0900000E-01   8.7400004E-03   1.0000000E+00   3.5621356E+02
   1.0000000E-01   1.1100000E-01   8.7400004E-03   1.0000000E+00   3.5487451E+02
   1.0000000E-01   1.1300001E-01   8.7400004E-03   1.0000000E+00   3.5398297E+02
   1.0000000E-01   1.1499999E-01   8.7400004E-03   1.0000000E+00   3.5339822E+02
   1.0000000E-01   1.1700000E-01   8.7400004E-03   1.0000000E+00   3.5302130E+02
   1.0000000E-01   1.1900000E-01   8.7400004E-03   1.0000000E+00   3.5278391E+02
   1.0000000E-01   1.2100000E-01   8.7400004E-03   1.0000000E+00   3.5264023E+02
   1.0000000E-01   1.2633334E-01   8.7400004E-03   1.0000000E+00   3.5242786E+02
   1.0000000E-01   1.3733333E-01   8.7400004E-03   1.0000000E+00   3.5237042E+02
   1.0000000E-01   1.5200000E-01   8.7400004E-03   1.0000000E+00   3.5234650E+02
   1.0000000E-01   8.0000004E-03   1.0700000E-02   1.0000000E+00   3.5307358E+02
   1.0000000E-01   2.2666667E-02   1.0700000E-02   1.0000000E+00   3.5946997E+02
   1.0000000E-01   3.3666667E-02   1.0700000E-02   1.0000000E+00   3.9813589E+02
   1.0000000E-01   3.8999997E-02   1.0700000E-02   1.0000000E+00   4.6497989E+02
   1.0000000E-01   4.1000001E-02   1.0700000E-02   1.0000000E+00   4.9682925E+02
   1.0000000E-01   4.2999998E-02   1.0700000E-02   1.0000000E+00   5.3634741E+02
   1.0000000E-01   4.5000002E-02   1.0700000E-02   1.0000000E+00   5.8430408E+02
   1.0000000E-01   4.6999998E-02   1.0700000E-02   1.0000000E+00   6.4136670E+02
   1.0000000E-01   4.9000002E-02   1.0700000E-02   1.0000000E+00   7.0801630E+02
   1.0000000E-01   5.0999999E-02   1.0700000E-02   1.0000000E+00   7.8438623E+02
   1.0000000E-01   5.3000003E-02   1.0700000E-02   1.0000000E+00   8.7010498E+02
   1.0000000E-01   5.5000000E-02   1.0700000E-02   1.0000000E+00   9.6418903E+02
   1.0000000E-01   5.7000000E-02   1.0700000E-02   1.0000000E+00   1.0651355E+03
   1.0000000E-01   5.9000000E-02   1.0700000E-02   1.0000000E+00   1.1720531E+03
   1.0000000E-01   6.0999997E-02   1.0700000E-02   7.8578025E-01   1.3059712E+03
   1.0000000E-01   6.3000001E-02   1.0700000E-02   3.4897000E-01   1.4246356E+03
   1.0000000E-01   6.4999998E-02   1.0700000E-02   0.0000000E+00   2.9300000E+02
   1.0000000E-01   6.7000002E-02   1.0700000E-02   0.0000000E+00   2.9300000E+02
   1.0000000E-01   6.9000006E-02   1.0700000E-02   0.0000000E+00   2.9300000E+02
   1.0000000E-01   7.0999995E-02   1.0700000E-02   0.0000000E+00   2.9300000E+02
   1.0000000E-01   7.2999999E-02   1.0700000E-02   0.0000000E+00   2.9300000E+02
   1.0000000E-01   7.5000003E-02   1.0700000E-02   1.0000026E-02   8.9356860E+02
   1.0000000E-01   7.7000000E-02   1.0700000E-02   6.4000016E-01   8.0243549E+02
   1.0000000E-01   7.8999996E-02   1.0700000E-02   1.0000000E+00   7.2813062E+02
   1.0000000E-01   8.1000000E-02   1.0700000E-02   1.0000000E+00   6.6145990E+02
   1.0000000E-01   8.3000004E-02   1.0700000E-02   1.0000000E+00   6.0198859E+02
   1.0000000E-01   8.5000001E-02   1.0700000E-02   1.0000000E+00   5.5033563E+02
   1.0000000E-01   8.6999997E-02   1.0700000E-02   1.0000000E+00   5.0657733E+02
   1.0000000E-01   8.9000002E-02   1.0700000E-02   1.0000000E+00   4.7040201E+02
   1.0000000E-01   9.1000006E-02   1.0700000E-02   1.0000000E+00   4.4119180E+02
   1.0000000E-01   9.2999995E-02   1.0700000E-02   1.0000000E+00   4.1812619E+02
   1.0000000E-01   9.4999999E-02   1.0700000E-02   1.0000000E+00   4.0029095E+02
   1.0000000E-01   9.7000003E-02   1.0700000E-02   1.0000000E+00   3.8676950E+02
   1.0000000E-01   9.8999999E-02   1.0700000E-02   1.0000000E+00   3.7670737E+02
   1.0000000E-01   1.0100000E-01   1.0700000E-02   1.0000000E+00   3.6935019E+02
   1.0000000E-01   1.0300000E-01   1.0700000E-02   1.0000000E+00   3.6406003E+02
   1.0000000E-01   1.0500000E-01   1.0700000E-02   1.0000000E+00   3.6031638E+02
   1.0000000E-01   1.0700000E-01   1.0700000E-02   1.0000000E+00   3.5770749E+02
   1.0000000E-01   1.0900000E-01   1.0700000E-02   1.0000000E+00   3.5591620E+02
   1.0000000E-01   1.1100000E-01   1.0700000E-02   1.0000000E+00   3.5470404E+02
   1.0000000E-01   1.1300001E-01   1.0700000E-02   1.0000000E+00   3.5389566E+02
   1.0000000E-01   1.1499999E-01   1.0700000E-02   1.0000000E+00   3.5336472E+02
   1.0000000E-01   1.1700000E-01   1.0700000E-02   1.0000000E+00   3.5302203E+02
   1.0000000E-01   1.1900000E-01   1.0700000E-02   1.0000000E+00   3.5280606E+02
   1.0000000E-01   1.2100000E-01   1.0700000E-02   1.0000000E+00   3.5267526E+02
   1.0000000E-01   1.2633334E-01   1.0700000E-02   1.0000000E+00   3.5248184E+02
   1.0000000E-01   1.3733333E-01   1.0700000E-02   1.0000000E+00   3.5243002E+02
   1.0000000E-01   1.5200000E-01   1.0700000E-02   1.0000000E+00   3.5240964E+02
   1.0000000E-01   8.0000004E-03   1.2660000E-02   1.0000000E+00   3.5305759E+02
   1.0000000E-01   2.2666667E-02   1.2660000E-02   1.0000000E+00   3.5876788E+02
   1.0000000E-01   3.3666667E-02   1.2660000E-02   1.0000000E+00   3.9301514E+02
   1.0000000E-01   3.8999997E-02   1.2660000E-02   1.0000000E+00   4.5178113E+02
   1.0000000E-01   4.1000001E-02   1.2660000E-02   1.0000000E+00   4.7979465E+02
   1.0000000E-01   4.2999998E-02   1.2660000E-02   1.0000000E+00   5.1458826E+02
   1.0000000E-01   4.5000002E-02   1.2660000E-02   1.0000000E+00   5.5684528E+02
   1.0000000E-01   4.6999998E-02   1.2660000E-02   1.0000000E+00   6.0706628E+02
   1.0000000E-01   4.9000002E-02   1.2660000E-02   1.0000000E+00   6.6545123E+02
   1.0000000E-01   5.0999999E-02   1.2660000E-02   1.0000000E+00   7.3171893E+02
   1.0000000E-01   5.3000003E-02   1.2660000E-02   1.0000000E+00   8.0485944E+02
   1.0000000E-01   5.5000000E-02   1.2660000E-02   1.0000000E+00   8.8277551E+02
   1.0000000E-01   5.7000000E-02   1.2660000E-02   1.0000000E+00   9.6176593E+02
   1.0000000E-01   5.9000000E-02   1.2660000E-02   1.0000000E+00   1.0362126E+03
   1.0000000E-01   6.0999997E-02   1.2660000E-02   3.2672641E-01   1.1804277E+03
   1.0000000E-01   6.3000001E-02   1.2660000E-02   0.0000000E+00   2.9300000E+02
   1.0000000E-01   6.4999998E-02   1.2660000E-02   0.0000000E+00   2.9300000E+02
   1.0000000E-01   6.7000002E-02   1.2660000E-02   0.0000000E+00   2.9300000E+02
   1.0000000E-01   6.9000006E-02   1.2660000E-02   0.0000000E+00   2.9300000E+02
   1.0000000E-01   7.0999995E-02   1.2660000E-02   0.0000000E+00   2.9300000E+02
   1.0000000E-01   7.2999999E-02   1.2660000E-02   0.0000000E+00   2.9300000E+02
   1.0000000E-01   7.5000003E-02   1.2660000E-02   0.0000000E+00   2.9300000E+02
   1.0000000E-01   7.7000000E-02   1.2660000E-02   1.3061253E-02   7.3595471E+02
   1.0000000E-01   7.8999996E-02   1.2660000E-02   6.5693891E-01   6.6953137E+02
   1.0000000E-01   8.1000000E-02   1.2660000E-02   1.0000000E+00   6.1421326E+02
   1.0000000E-01   8.3000004E-02   1.2660000E-02   1.0000000E+00   5.6517554E+02
   1.0000000E-01   8.5000001E-02   1.2660000E-02   1.0000000E+00   5.2204535E+02
   1.0000000E-01   8.6999997E-02   1.2660000E-02   1.0000000E+00   4.8518198E+02
   1.0000000E-01   8.9000002E-02   1.2660000E-02   1.0000000E+00   4.5448700E+02
   1.0000000E-01   9.1000006E-02   1.2660000E-02   1.0000000E+00   4.2954395E+02
   1.0000000E-01   9.2999995E-02   1.2660000E-02   1.0000000E+00   4.0973364E+02
   1.0000000E-01   9.4999999E-02   1.2660000E-02   1.0000000E+00   3.9433478E+02
   1.0000000E-01   9.7000003E-02   1.2660000E-02   1.0000000E+00   3.8260474E+02
   1.0000000E-01   9.8999999E-02   1.2660000E-02   1.0000000E+00   3.7383832E+02
   1.0000000E-01   1.0100000E-01   1.2660000E-02   1.0000000E+00   3.6740384E+02
   1.0000000E-01   1.0300000E-01   1.2660000E-02   1.0000000E+00   3.6276117E+02
   1.0000000E-01   1.0500000E-01   1.2660000E-02   1.0000000E+00   3.5946558E+02
   1.0000000E-01   1.0700000E-01   1.2660000E-02   1.0000000E+00   3.5716254E+02
   1.0000000E-01   1.0900000E-01   1.2660000E-02   1.0000000E+00   3.5557733E+02
   1.0000000E-01   1.1100000E-01   1.2660000E-02   1.0000000E+00   3.5450223E+02
   1.0000000E-01   1.1300001E-01   1.2660000E-02   1.0000000E+00   3.5378387E+02
   1.0000000E-01   1.1499999E-01   1.2660000E-02   1.0000000E+00   3.5331128E+02
   1.0000000E-01   1.1700000E-01   1.2660000E-02   1.0000000E+00   3.5300586E+02
   1.0000000E-01   1.1900000E-01   1.2660000E-02   1.0000000E+00   3.5281317E+02
   1.0000000E-01   1.2100000E-01   1.2660000E-02   1.0000000E+00   3.5269644E+02
   1.0000000E-01   1.2633334E-01   1.2660000E-02   1.0000000E+00   3.5252383E+02
   1.0000000E-01   1.3733333E-01   1.2660000E-02   1.0000000E+00   3.5247815E+02
   1.0000000E-01   1.5200000E-01   1.2660000E-02   1.0000000E+00   3.5246088E+02
   1.0000000E-01   8.0000004E-03   1.4620000E-02   1.0000000E+00   3.5302811E+02
   1.0000000E-01   2.2666667E-02   1.4620000E-02   1.0000000E+00   3.5803830E+02
   1.0000000E-01   3.3666667E-02   1.4620000E-02   1.0000000E+00   3.8785007E+02
   1.0000000E-01   3.8999997E-02   1.4620000E-02   1.0000000E+00   4.3861966E+02
   1.0000000E-01   4.1000001E-02   1.4620000E-02   1.0000000E+00   4.6278964E+02
   1.0000000E-01   4.2999998E-02   1.4620000E-02   1.0000000E+00   4.9276254E+02
   1.0000000E-01   4.5000002E-02   1.4620000E-02   1.0000000E+00   5.2906573E+02
   1.0000000E-01   4.6999998E-02   1.4620000E-02   1.0000000E+00   5.7198425E+02
   1.0000000E-01   4.9000002E-02   1.4620000E-02   1.0000000E+00   6.2141138E+02
   1.0000000E-01   5.0999999E-02   1.4620000E-02   1.0000000E+00   6.7662500E+02
   1.0000000E-01   5.3000003E-02   1.4620000E-02   1.0000000E+00   7.3594196E+02
   1.0000000E-01   5.5000000E-02   1.4620000E-02   1.0000000E+00   7.9612085E+02
   1.0000000E-01   5.7000000E-02   1.4620000E-02   1.0000000E+00   8.5117719E+02
   1.0000000E-01   5.9000000E-02   1.4620000E-02   1.0000000E+00   8.8964423E+02
   1.0000000E-01   6.0999997E-02   1.4620000E-02   0.0000000E+00   2.9300000E+02
   1.0000000E-01   6.3000001E-02   1.4620000E-02   0.0000000E+00   2.9300000E+02
   1.0000000E-01   6.4999998E-02   1.4620000E-02   0.0000000E+00   2.9300000E+02
   1.0000000E-01   6.7000002E-02   1.4620000E-02   0.0000000E+00   2.9300000E+02
   1.0000000E-01   6.9000006E-02   1.4620000E-02   0.0000000E+00   2.9300000E+02
   1.0000000E-01   7.0999995E-02   1.4620000E-02   0.0000000E+00   2.9300000E+02
   1.0000000E-01   7.2999999E-02   1.4620000E-02   0.0000000E+00   2.9300000E+02
   1.0000000E-01   7.5000003E-02   1.4620000E-02   0.0000000E+00   2.9300000E+02
   1.0000000E-01   7.7000000E-02   1.4620000E-02   0.0000000E+00   2.9300000E+02
   1.0000000E-01   7.8999996E-02   1.4620000E-02   1.6530646E-02   6.1872870E+02
   1.0000000E-01   8.1000000E-02   1.4620000E-02   6.7346954E-01   5.6957520E+02
   1.0000000E-01   8.3000004E-02   1.4620000E-02   1.0000000E+00   5.2934094E+02
   1.0000000E-01   8.5000001E-02   1.4620000E-02   1.0000000E+00   4.9432654E+02
   1.0000000E-01   8.6999997E-02   1.4620000E-02   1.0000000E+00   4.6409076E+02
   1.0000000E-01   8.9000002E-02   1.4620000E-02   1.0000000E+00   4.3870099E+02
   1.0000000E-01   9.1000006E-02   1.4620000E-02   1.0000000E+00   4.1791882E+02
   1.0000000E-01   9.2999995E-02   1.4620000E-02   1.0000000E+00   4.0130704E+02
   1.0000000E-01   9.4999999E-02   1.4620000E-02   1.0000000E+00   3.8831995E+02
   1.0000000E-01   9.7000003E-02   1.4620000E-02   1.0000000E+00   3.7837567E+02
   1.0000000E-01   9.8999999E-02   1.4620000E-02   1.0000000E+00   3.7090894E+02
   1.0000000E-01   1.0100000E-01   1.4620000E-02   1.0000000E+00   3.6540515E+02
   1.0000000E-01   1.0300000E-01   1.4620000E-02   1.0000000E+00   3.6141870E+02
   1.0000000E-01   1.0500000E-01   1.4620000E-02   1.0000000E+00   3.5857907E+02
   1.0000000E-01   1.0700000E-01   1.4620000E-02   1.0000000E+00   3.5658847E+02
   1.0000000E-01   1.0900000E-01   1.4620000E-02   1.0000000E+00   3.5521442E+02
   1.0000000E-01   1.1100000E-01   1.4620000E-02   1.0000000E+00   3.5428021E+02
   1.0000000E-01   1.1300001E-01   1.4620000E-02   1.0000000E+00   3.5365463E+02
   1.0000000E-01   1.1499999E-01   1.4620000E-02   1.0000000E+00   3.5324234E+02
   1.0000000E-01   1.1700000E-01   1.4620000E-02   1.0000000E+00   3.5297552E+02
   1.0000000E-01   1.1900000E-01   1.4620000E-02   1.0000000E+00   3.5280704E+02
   1.0000000E-01   1.2100000E-01   1.4620000E-02   1.0000000E+00   3.5270496E+02
   1.0000000E-01   1.2633334E-01   1.4620000E-02   1.0000000E+00   3.5255405E+02
   1.0000000E-01   1.3733333E-01   1.4620000E-02   1.0000000E+00   3.5251483E+02
   1.0000000E-01   1.5200000E-01   1.4620000E-02   1.0000000E+00   3.5250021E+02
   1.0000000E-01   8.0000004E-03   1.6580001E-02   1.0000000E+00   3.5298761E+02
   1.0000000E-01   2.2666667E-02   1.6580001E-02   1.0000000E+00   3.5730917E+02
   1.0000000E-01   3.3666667E-02   1.6580001E-02   1.0000000E+00   3.8281183E+02
   1.0000000E-01   3.8999997E-02   1.6580001E-02   1.0000000E+00   4.2586511E+02
   1.0000000E-01   4.1000001E-02   1.6580001E-02   1.0000000E+00   4.4629596E+02
   1.0000000E-01   4.2999998E-02   1.6580001E-02   1.0000000E+00   4.7153607E+02
   1.0000000E-01   4.5000002E-02   1.6580001E-02   1.0000000E+00   5.0194373E+02
   1.0000000E-01   4.6999998E-02   1.6580001E-02   1.0000000E+00   5.3760150E+02
   1.0000000E-01   4.9000002E-02   1.6580001E-02   1.0000000E+00   5.7815857E+02
   1.0000000E-01   5.0999999E-02   1.6580001E-02   1.0000000E+00   6.2260809E+02
   1.0000000E-01   5.3000003E-02   1.6580001E-02   1.0000000E+00   6.6896991E+02
   1.0000000E-01   5.5000000E-02   1.6580001E-02   1.0000000E+00   7.1383002E+02
   1.0000000E-01   5.7000000E-02   1.6580001E-02   1.0000000E+00   7.5170605E+02
   1.0000000E-01   5.9000000E-02   1.6580001E-02   1.0000000E+00   7.7446387E+02
   1.0000000E-01   6.0999997E-02   1.6580001E-02   0.0000000E+00   2.9300000E+02
   1.0000000E-01   6.3000001E-02   1.6580001E-02   0.0000000E+00   2.9300000E+02
   1.0000000E-01   6.4999998E-02   1.6580001E-02   0.0000000E+00   2.9300000E+02
   1.0000000E-01   6.7000002E-02   1.6580001E-02   0.0000000E+00   2.9300000E+02
   1.0000000E-01   6.9000006E-02   1.6580001E-02   0.0000000E+00   2.9300000E+02
   1.0000000E-01   7.0999995E-02   1.6580001E-02   0.0000000E+00   2.9300000E+02
   1.0000000E-01   7.2999999E-02   1.6580001E-02   0.0000000E+00   2.9300000E+02
   1.0000000E-01   7.5000003E-02   1.6580001E-02   0.0000000E+00   2.9300000E+02
   1.0000000E-01   7.7000000E-02   1.6580001E-02   0.0000000E+00   2.9300000E+02
   1.0000000E-01   7.8999996E-02   1.6580001E-02   0.0000000E+00   2.9300000E+02
   1.0000000E-01   8.1000000E-02   1.6580001E-02   2.0408200E-02   5.3195184E+02
   1.0000000E-01   8.3000004E-02   1.6580001E-02   6.8959200E-01   4.9658075E+02
   1.0000000E-01   8.5000001E-02   1.6580001E-02   1.0000000E+00   4.6829227E+02
   1.0000000E-01   8.6999997E-02   1.6580001E-02   1.0000000E+00   4.4414163E+02
   1.0000000E-01   8.9000002E-02   1.6580001E-02   1.0000000E+00   4.2367401E+02
   1.0000000E-01   9.1000006E-02   1.6580001E-02   1.0000000E+00   4.0678604E+02
   1.0000000E-01   9.2999995E-02   1.6580001E-02   1.0000000E+00   3.9319116E+02
   1.0000000E-01   9.4999999E-02   1.6580001E-02   1.0000000E+00   3.8249527E+02
   1.0000000E-01   9.7000003E-02   1.6580001E-02   1.0000000E+00   3.7425858E+02
   1.0000000E-01   9.8999999E-02   1.6580001E-02   1.0000000E+00   3.6804196E+02
   1.0000000E-01   1.0100000E-01   1.6580001E-02   1.0000000E+00   3.6343811E+02
   1.0000000E-01   1.0300000E-01   1.6580001E-02   1.0000000E+00   3.6008929E+02
   1.0000000E-01   1.0500000E-01   1.6580001E-02   1.0000000E+00   3.5769461E+02
   1.0000000E-01   1.0700000E-01   1.6580001E-02   1.0000000E+00   3.5601004E+02
   1.0000000E-01   1.0900000E-01   1.6580001E-02   1.0000000E+00   3.5484360E+02
   1.0000000E-01   1.1100000E-01   1.6580001E-02   1.0000000E+00   3.5404834E+02
   1.0000000E-01   1.1300001E-01   1.6580001E-02   1.0000000E+00   3.5351456E+02
   1.0000000E-01   1.1499999E-01   1.6580001E-02   1.0000000E+00   3.5316208E+02
   1.0000000E-01   1.1700000E-01   1.6580001E-02   1.0000000E+00   3.5293365E+02
   1.0000000E-01   1.1900000E-01   1.6580001E-02   1.0000000E+00   3.5278931E+02
   1.0000000E-01   1.2100000E-01   1.6580001E-02   1.0000000E+00   3.5270184E+02
   1.0000000E-01   1.2633334E-01   1.6580001E-02   1.0000000E+00   3.5257275E+02
   1.0000000E-01   1.3733333E-01   1.6580001E-02   1.0000000E+00   3.5254010E+02
   1.0000000E-01   1.5200000E-01   1.6580001E-02   1.0000000E+00   3.5252774E+02
   1.0000000E-01   8.0000004E-03   1.8539999E-02   1.0000000E+00   3.5293817E+02
   1.0000000E-01   2.2666667E-02   1.8539999E-02   1.0000000E+00   3.5660352E+02
   1.0000000E-01   3.3666667E-02   1.8539999E-02   1.0000000E+00   3.7804187E+02
   1.0000000E-01   3.8999997E-02   1.8539999E-02   1.0000000E+00   4.1385657E+02
   1.0000000E-01   4.1000001E-02   1.8539999E-02   1.0000000E+00   4.3076974E+02
   1.0000000E-01   4.2999998E-02   1.8539999E-02   1.0000000E+00   4.5154883E+02
   1.0000000E-01   4.5000002E-02   1.8539999E-02   1.0000000E+00   4.7640375E+02
   1.0000000E-01   4.6999998E-02   1.8539999E-02   1.0000000E+00   5.0526553E+02
   1.0000000E-01   4.9000002E-02   1.8539999E-02   1.0000000E+00   5.3764471E+02
   1.0000000E-01   5.0999999E-02   1.8539999E-02   1.0000000E+00   5.7245013E+02
   1.0000000E-01   5.3000003E-02   1.8539999E-02   1.0000000E+00   6.0776910E+02
   1.0000000E-01   5.5000000E-02   1.8539999E-02   1.0000000E+00   6.4063483E+02
   1.0000000E-01   5.7000000E-02   1.8539999E-02   1.0000000E+00   6.6688843E+02
   1.0000000E-01   5.9000000E-02   1.8539999E-02   1.0000000E+00   6.8148700E+02
   1.0000000E-01   6.0999997E-02   1.8539999E-02   0.0000000E+00   2.9300000E+02
   1.0000000E-01   6.3000001E-02   1.8539999E-02   0.0000000E+00   2.9300000E+02
   1.0000000E-01   6.4999998E-02   1.8539999E-02   0.0000000E+00   2.9300000E+02
   1.0000000E-01   6.7000002E-02   1.8539999E-02   0.0000000E+00   2.9300000E+02
   1.0000000E-01   6.9000006E-02   1.8539999E-02   0.0000000E+00   2.9300000E+02
   1.0000000E-01   7.0999995E-02   1.8539999E-02   0.0000000E+00   2.9300000E+02
   1.0000000E-01   7.2999999E-02   1.8539999E-02   0.0000000E+00   2.9300000E+02
   1.0000000E-01   7.5000003E-02   1.8539999E-02   0.0000000E+00   2.9300000E+02
   1.0000000E-01   7.7000000E-02   1.8539999E-02   0.0000000E+00   2.9300000E+02
   1.0000000E-01   7.8999996E-02   1.8539999E-02   0.0000000E+00   2.9300000E+02
   1.0000000E-01   8.1000000E-02   1.8539999E-02   0.0000000E+00   2.9300000E+02
   1.0000000E-01   8.3000004E-02   1.8539999E-02   2.4693917E-02   4.6972556E+02
   1.0000000E-01   8.5000001E-02   1.8539999E-02   7.0530623E-01   4.4515237E+02
   1.0000000E-01   8.6999997E-02   1.8539999E-02   1.0000000E+00   4.2597131E+02
   1.0000000E-01   8.9000002E-02   1.8539999E-02   1.0000000E+00   4.0989517E+02
   1.0000000E-01   9.1000006E-02   1.8539999E-02   1.0000000E+00   3.9651483E+02
   1.0000000E-01   9.2999995E-02   1.8539999E-02   1.0000000E+00   3.8565994E+02
   1.0000000E-01   9.4999999E-02   1.8539999E-02   1.0000000E+00   3.7706021E+02
   1.0000000E-01   9.7000003E-02   1.8539999E-02   1.0000000E+00   3.7039609E+02
   1.0000000E-01   9.8999999E-02   1.8539999E-02   1.0000000E+00   3.6533765E+02
   1.0000000E-01   1.0100000E-01   1.8539999E-02   1.0000000E+00   3.6157208E+02
   1.0000000E-01   1.0300000E-01   1.8539999E-02   1.0000000E+00   3.5882010E+02
   1.0000000E-01   1.0500000E-01   1.8539999E-02   1.0000000E+00   3.5684381E+02
   1.0000000E-01   1.0700000E-01   1.8539999E-02   1.0000000E+00   3.5544818E+02
   1.0000000E-01   1.0900000E-01   1.8539999E-02   1.0000000E+00   3.5447852E+02
   1.0000000E-01   1.1100000E-01   1.8539999E-02   1.0000000E+00   3.5381546E+02
   1.0000000E-01   1.1300001E-01   1.8539999E-02   1.0000000E+00   3.5336926E+02
   1.0000000E-01   1.1499999E-01   1.8539999E-02   1.0000000E+00   3.5307407E+02
   1.0000000E-01   1.1700000E-01   1.8539999E-02   1.0000000E+00   3.5288254E+02
   1.0000000E-01   1.1900000E-01   1.8539999E-02   1.0000000E+00   3.5276141E+02
   1.0000000E-01   1.2100000E-01   1.8539999E-02   1.0000000E+00   3.5268811E+02
   1.0000000E-01   1.2633334E-01   1.8539999E-02   1.0000000E+00   3.5258020E+02
   1.0000000E-01   1.3733333E-01   1.8539999E-02   1.0000000E+00   3.5255392E+02
   1.0000000E-01   1.5200000E-01   1.8539999E-02   1.0000000E+00   3.5254349E+02
   1.0000000E-01   8.0000004E-03   2.0500001E-02   1.0000000E+00   3.5288153E+02
   1.0000000E-01   2.2666667E-02   2.0500001E-02   1.0000000E+00   3.5593906E+02
   1.0000000E-01   3.3666667E-02   2.0500001E-02   1.0000000E+00   3.7364920E+02
   1.0000000E-01   3.8999997E-02   2.0500001E-02   1.0000000E+00   4.0287024E+02
   1.0000000E-01   4.1000001E-02   2.0500001E-02   1.0000000E+00   4.1658475E+02
   1.0000000E-01   4.2999998E-02   2.0500001E-02   1.0000000E+00   4.3332022E+02
   1.0000000E-01   4.5000002E-02   2.0500001E-02   1.0000000E+00   4.5317398E+02
   1.0000000E-01   4.6999998E-02   2.0500001E-02   1.0000000E+00   4.7598630E+02
   1.0000000E-01   4.9000002E-02   2.0500001E-02   1.0000000E+00   5.0122830E+02
   1.0000000E-01   5.0999999E-02   2.0500001E-02   1.0000000E+00   5.2787506E+02
   1.0000000E-01   5.3000003E-02   2.0500001E-02   1.0000000E+00   5.5428369E+02
   1.0000000E-01   5.5000000E-02   2.0500001E-02   1.0000000E+00   5.7812433E+02
   1.0000000E-01   5.7000000E-02   2.0500001E-02   1.0000000E+00   5.9647162E+02
   1.0000000E-01   5.9000000E-02   2.0500001E-02   1.0000000E+00   6.0625195E+02
   1.0000000E-01   6.0999997E-02   2.0500001E-02   0.0000000E+00   2.9300000E+02
   1.0000000E-01   6.3000001E-02   2.0500001E-02   0.0000000E+00   2.9300000E+02
   1.0000000E-01   6.4999998E-02   2.0500001E-02   0.0000000E+00   2.9300000E+02
   1.0000000E-01   6.7000002E-02   2.0500001E-02   0.0000000E+00   2.9300000E+02
   1.0000000E-01   6.9000006E-02   2.0500001E-02   0.0000000E+00   2.9300000E+02
   1.0000000E-01   7.0999995E-02   2.0500001E-02   0.0000000E+00   2.9300000E+02
   1.0000000E-01   7.2999999E-02   2.0500001E-02   0.0000000E+00   2.9300000E+02
   1.0000000E-01   7.5000003E-02   2.0500001E-02   0.0000000E+00   2.9300000E+02
   1.0000000E-01   7.7000000E-02   2.0500001E-02   0.0000000E+00   2.9300000E+02
   1.0000000E-01   7.8999996E-02   2.0500001E-02   0.0000000E+00   2.9300000E+02
   1.0000000E-01   8.1000000E-02   2.0500001E-02   0.0000000E+00   2.9300000E+02
   1.0000000E-01   8.3000004E-02   2.0500001E-02   0.0000000E+00   2.9300000E+02
   1.0000000E-01   8.5000001E-02   2.0500001E-02   2.9387798E-02   4.2668927E+02
   1.0000000E-01   8.6999997E-02   2.0500001E-02   7.2061241E-01   4.1023099E+02
   1.0000000E-01   8.9000002E-02   2.0500001E-02   1.0000000E+00   3.9768918E+02
   1.0000000E-01   9.1000006E-02   2.0500001E-02   1.0000000E+00   3.8735785E+02
   1.0000000E-01   9.2999995E-02   2.0500001E-02   1.0000000E+00   3.7890509E+02
   1.0000000E-01   9.4999999E-02   2.0500001E-02   1.0000000E+00   3.7215710E+02
   1.0000000E-01   9.7000003E-02   2.0500001E-02   1.0000000E+00   3.6689166E+02
   1.0000000E-01   9.8999999E-02   2.0500001E-02   1.0000000E+00   3.6286978E+02
   1.0000000E-01   1.0100000E-01   2.0500001E-02   1.0000000E+00   3.5985873E+02
   1.0000000E-01   1.0300000E-01   2.0500001E-02   1.0000000E+00   3.5764676E+02
   1.0000000E-01   1.0500000E-01   2.0500001E-02   1.0000000E+00   3.5605081E+02
   1.0000000E-01   1.0700000E-01   2.0500001E-02   1.0000000E+00   3.5491907E+02
   1.0000000E-01   1.0900000E-01   2.0500001E-02   1.0000000E+00   3.5412985E+02
   1.0000000E-01   1.1100000E-01   2.0500001E-02   1.0000000E+00   3.5358847E+02
   1.0000000E-01   1.1300001E-01   2.0500001E-02   1.0000000E+00   3.5322327E+02
   1.0000000E-01   1.1499999E-01   2.0500001E-02   1.0000000E+00   3.5298117E+02
   1.0000000E-01   1.1700000E-01   2.0500001E-02   1.0000000E+00   3.5282394E+02
   1.0000000E-01   1.1900000E-01   2.0500001E-02   1.0000000E+00   3.5272458E+02
   1.0000000E-01   1.2100000E-01   2.0500001E-02   1.0000000E+00   3.5266452E+02
   1.0000000E-01   1.2633334E-01   2.0500001E-02   1.0000000E+00   3.5257657E+02
   1.0000000E-01   1.3733333E-01   2.0500001E-02   1.0000000E+00   3.5255637E+02
   1.0000000E-01   1.5200000E-01   2.0500001E-02   1.0000000E+00   3.5254749E+02
   1.0000000E-01   8.0000004E-03   2.2459999E-02   1.0000000E+00   3.5281882E+02
   1.0000000E-01   2.2666667E-02   2.2459999E-02   1.0000000E+00   3.5532819E+02
   1.0000000E-01   3.3666667E-02   2.2459999E-02   1.0000000E+00   3.6970874E+02
   1.0000000E-01   3.8999997E-02   2.2459999E-02   1.0000000E+00   3.9309793E+02
   1.0000000E-01   4.1000001E-02   2.2459999E-02   1.0000000E+00   4.0399777E+02
   1.0000000E-01   4.2999998E-02   2.2459999E-02   1.0000000E+00   4.1719812E+02
   1.0000000E-01   4.5000002E-02   2.2459999E-02   1.0000000E+00   4.3272089E+02
   1.0000000E-01   4.6999998E-02   2.2459999E-02   1.0000000E+00   4.5036771E+02
   1.0000000E-01   4.9000002E-02   2.2459999E-02   1.0000000E+00   4.6963950E+02
   1.0000000E-01   5.0999999E-02   2.2459999E-02   1.0000000E+00   4.8965768E+02
   1.0000000E-01   5.3000003E-02   2.2459999E-02   1.0000000E+00   5.0911127E+02
   1.0000000E-01   5.5000000E-02   2.2459999E-02   1.0000000E+00   5.2627222E+02
   1.0000000E-01   5.7000000E-02   2.2459999E-02   1.0000000E+00   5.3914624E+02
   1.0000000E-01   5.9000000E-02   2.2459999E-02   1.0000000E+00   5.4583545E+02
   1.0000000E-01   6.0999997E-02   2.2459999E-02   0.0000000E+00   2.9300000E+02
   1.0000000E-01   6.3000001E-02   2.2459999E-02   0.0000000E+00   2.9300000E+02
   1.0000000E-01   6.4999998E-02   2.2459999E-02   0.0000000E+00   2.9300000E+02
   1.0000000E-01   6.7000002E-02   2.2459999E-02   0.0000000E+00   2.9300000E+02
   1.0000000E-01   6.9000006E-02   2.2459999E-02   0.0000000E+00   2.9300000E+02
   1.0000000E-01   7.0999995E-02   2.2459999E-02   0.0000000E+00   2.9300000E+02
   1.0000000E-01   7.2999999E-02   2.2459999E-02   0.0000000E+00   2.9300000E+02
   1.0000000E-01   7.5000003E-02   2.2459999E-02   0.0000000E+00   2.9300000E+02
   1.0000000E-01   7.7000000E-02   2.2459999E-02   0.0000000E+00   2.9300000E+02
   1.0000000E-01   7.8999996E-02   2.2459999E-02   0.0000000E+00   2.9300000E+02
   1.0000000E-01   8.1000000E-02   2.2459999E-02   0.0000000E+00   2.9300000E+02
   1.0000000E-01   8.3000004E-02   2.2459999E-02   0.0000000E+00   2.9300000E+02
   1.0000000E-01   8.5000001E-02   2.2459999E-02   0.0000000E+00   2.9300000E+02
   1.0000000E-01   8.6999997E-02   2.2459999E-02   3.4489844E-02   3.9799548E+02
   1.0000000E-01   8.9000002E-02   2.2459999E-02   7.3551035E-01   3.8736444E+02
   1.0000000E-01   9.1000006E-02   2.2459999E-02   1.0000000E+00   3.7945041E+02
   1.0000000E-01   9.2999995E-02   2.2459999E-02   1.0000000E+00   3.7303482E+02
   1.0000000E-01   9.4999999E-02   2.2459999E-02   1.0000000E+00   3.6786960E+02
   1.0000000E-01   9.7000003E-02   2.2459999E-02   1.0000000E+00   3.6380826E+02
   1.0000000E-01   9.8999999E-02   2.2459999E-02   1.0000000E+00   3.6068454E+02
   1.0000000E-01   1.0100000E-01   2.2459999E-02   1.0000000E+00   3.5833121E+02
   1.0000000E-01   1.0300000E-01   2.2459999E-02   1.0000000E+00   3.5659259E+02
   1.0000000E-01   1.0500000E-01   2.2459999E-02   1.0000000E+00   3.5533179E+02
   1.0000000E-01   1.0700000E-01   2.2459999E-02   1.0000000E+00   3.5443369E+02
   1.0000000E-01   1.0900000E-01   2.2459999E-02   1.0000000E+00   3.5380496E+02
   1.0000000E-01   1.1100000E-01   2.2459999E-02   1.0000000E+00   3.5337231E+02
   1.0000000E-01   1.1300001E-01   2.2459999E-02   1.0000000E+00   3.5307971E+02
   1.0000000E-01   1.1499999E-01   2.2459999E-02   1.0000000E+00   3.5288547E+02
   1.0000000E-01   1.1700000E-01   2.2459999E-02   1.0000000E+00   3.5275928E+02
   1.0000000E-01   1.1900000E-01   2.2459999E-02   1.0000000E+00   3.5267960E+02
   1.0000000E-01   1.2100000E-01   2.2459999E-02   1.0000000E+00   3.5263165E+02
   1.0000000E-01   1.2633334E-01   2.2459999E-02   1.0000000E+00   3.5256198E+02
   1.0000000E-01   1.3733333E-01   2.2459999E-02   1.0000000E+00   3.5254739E+02
   1.0000000E-01   1.5200000E-01   2.2459999E-02   1.0000000E+00   3.5253976E+02
   1.0000000E-01   8.0000004E-03   2.4420001E-02   1.0000000E+00   3.5275085E+02
   1.0000000E-01   2.2666667E-02   2.4420001E-02   1.0000000E+00   3.5477829E+02
   1.0000000E-01   3.3666667E-02   2.4420001E-02   1.0000000E+00   3.6626196E+02
   1.0000000E-01   3.8999997E-02   2.4420001E-02   1.0000000E+00   3.8464014E+02
   1.0000000E-01   4.1000001E-02   2.4420001E-02   1.0000000E+00   3.9313919E+02
   1.0000000E-01   4.2999998E-02   2.4420001E-02   1.0000000E+00   4.0334961E+02
   1.0000000E-01   4.5000002E-02   2.4420001E-02   1.0000000E+00   4.1524902E+02
   1.0000000E-01   4.6999998E-02   2.4420001E-02   1.0000000E+00   4.2863696E+02
   1.0000000E-01   4.9000002E-02   2.4420001E-02   1.0000000E+00   4.4308112E+02
   1.0000000E-01   5.0999999E-02   2.4420001E-02   1.0000000E+00   4.5787381E+02
   1.0000000E-01   5.3000003E-02   2.4420001E-02   1.0000000E+00   4.7201880E+02
   1.0000000E-01   5.5000000E-02   2.4420001E-02   1.0000000E+00   4.8427716E+02
   1.0000000E-01   5.7000000E-02   2.4420001E-02   1.0000000E+00   4.9330704E+02
   1.0000000E-01   5.9000000E-02   2.4420001E-02   1.0000000E+00   4.9791479E+02
   1.0000000E-01   6.0999997E-02   2.4420001E-02   0.0000000E+00   2.9300000E+02
   1.0000000E-01   6.3000001E-02   2.4420001E-02   0.0000000E+00   2.9300000E+02
   1.0000000E-01   6.4999998E-02   2.4420001E-02   0.0000000E+00   2.9300000E+02
   1.0000000E-01   6.7000002E-02   2.4420001E-02   0.0000000E+00   2.9300000E+02
   1.0000000E-01   6.9000006E-02   2.4420001E-02   0.0000000E+00   2.9300000E+02
   1.0000000E-01   7.0999995E-02   2.4420001E-02   0.0000000E+00   2.9300000E+02
   1.0000000E-01   7.2999999E-02   2.4420001E-02   0.0000000E+00   2.9300000E+02
   1.0000000E-01   7.5000003E-02   2.4420001E-02   0.0000000E+00   2.9300000E+02
   1.0000000E-01   7.7000000E-02   2.4420001E-02   0.0000000E+00   2.9300000E+02
   1.0000000E-01   7.8999996E-02   2.4420001E-02   0.0000000E+00   2.9300000E+02
   1.0000000E-01   8.1000000E-02   2.4420001E-02   0.0000000E+00   2.9300000E+02
   1.0000000E-01   8.3000004E-02   2.4420001E-02   0.0000000E+00   2.9300000E+02
   1.0000000E-01   8.5000001E-02   2.4420001E-02   0.0000000E+00   2.9300000E+02
   1.0000000E-01   8.6999997E-02   2.4420001E-02   0.0000000E+00   2.9300000E+02
   1.0000000E-01   8.9000002E-02   2.4420001E-02   4.0000051E-02   3.7953635E+02
   1.0000000E-01   9.1000006E-02   2.4420001E-02   7.5000012E-01   3.7290622E+02
   1.0000000E-01   9.2999995E-02   2.4420001E-02   1.0000000E+00   3.6808163E+02
   1.0000000E-01   9.4999999E-02   2.4420001E-02   1.0000000E+00   3.6422757E+02
   1.0000000E-01   9.7000003E-02   2.4420001E-02   1.0000000E+00   3.6117117E+02
   1.0000000E-01   9.8999999E-02   2.4420001E-02   1.0000000E+00   3.5880225E+02
   1.0000000E-01   1.0100000E-01   2.4420001E-02   1.0000000E+00   3.5700516E+02
   1.0000000E-01   1.0300000E-01   2.4420001E-02   1.0000000E+00   3.5566925E+02
   1.0000000E-01   1.0500000E-01   2.4420001E-02   1.0000000E+00   3.5469513E+02
   1.0000000E-01   1.0700000E-01   2.4420001E-02   1.0000000E+00   3.5399799E+02
   1.0000000E-01   1.0900000E-01   2.4420001E-02   1.0000000E+00   3.5350800E+02
   1.0000000E-01   1.1100000E-01   2.4420001E-02   1.0000000E+00   3.5316977E+02
   1.0000000E-01   1.1300001E-01   2.4420001E-02   1.0000000E+00   3.5294055E+02
   1.0000000E-01   1.1499999E-01   2.4420001E-02   1.0000000E+00   3.5278827E+02
   1.0000000E-01   1.1700000E-01   2.4420001E-02   1.0000000E+00   3.5268936E+02
   1.0000000E-01   1.1900000E-01   2.4420001E-02   1.0000000E+00   3.5262711E+02
   1.0000000E-01   1.2100000E-01   2.4420001E-02   1.0000000E+00   3.5258987E+02
   1.0000000E-01   1.2633334E-01   2.4420001E-02   1.0000000E+00   3.5253659E+02
   1.0000000E-01   1.3733333E-01   2.4420001E-02   1.0000000E+00   3.5252707E+02
   1.0000000E-01   1.5200000E-01   2.4420001E-02   1.0000000E+00   3.5252029E+02
   1.0000000E-01   8.0000004E-03   2.6379999E-02   1.0000000E+00   3.5267798E+02
   1.0000000E-01   2.2666667E-02   2.6379999E-02   1.0000000E+00   3.5429230E+02
   1.0000000E-01   3.3666667E-02   2.6379999E-02   1.0000000E+00   3.6332034E+02
   1.0000000E-01   3.8999997E-02   2.6379999E-02   1.0000000E+00   3.7751328E+02
   1.0000000E-01   4.1000001E-02   2.6379999E-02   1.0000000E+00   3.8402435E+02
   1.0000000E-01   4.2999998E-02   2.6379999E-02   1.0000000E+00   3.9178214E+02
   1.0000000E-01   4.5000002E-02   2.6379999E-02   1.0000000E+00   4.0074271E+02
   1.0000000E-01   4.6999998E-02   2.6379999E-02   1.0000000E+00   4.1072449E+02
   1.0000000E-01   4.9000002E-02   2.6379999E-02   1.0000000E+00   4.2137463E+02
   1.0000000E-01   5.0999999E-02   2.6379999E-02   1.0000000E+00   4.3214777E+02
   1.0000000E-01   5.3000003E-02   2.6379999E-02   1.0000000E+00   4.4231177E+02
   1.0000000E-01   5.5000000E-02   2.6379999E-02   1.0000000E+00   4.5099753E+02
   1.0000000E-01   5.7000000E-02   2.6379999E-02   1.0000000E+00   4.5730716E+02
   1.0000000E-01   5.9000000E-02   2.6379999E-02   1.0000000E+00   4.6047791E+02
   1.0000000E-01   6.0999997E-02   2.6379999E-02   0.0000000E+00   2.9300000E+02
   1.0000000E-01   6.3000001E-02   2.6379999E-02   0.0000000E+00   2.9300000E+02
   1.0000000E-01   6.4999998E-02   2.6379999E-02   0.0000000E+00   2.9300000E+02
   1.0000000E-01   6.7000002E-02   2.6379999E-02   0.0000000E+00   2.9300000E+02
   1.0000000E-01   6.9000006E-02   2.6379999E-02   0.0000000E+00   2.9300000E+02
   1.0000000E-01   7.0999995E-02   2.6379999E-02   0.0000000E+00   2.9300000E+02
   1.0000000E-01   7.2999999E-02   2.6379999E-02   0.0000000E+00   2.9300000E+02
   1.0000000E-01   7.5000003E-02   2.6379999E-02   0.0000000E+00   2.9300000E+02
   1.0000000E-01   7.7000000E-02   2.6379999E-02   0.0000000E+00   2.9300000E+02
   1.0000000E-01   7.8999996E-02   2.6379999E-02   0.0000000E+00   2.9300000E+02
   1.0000000E-01   8.1000000E-02   2.6379999E-02   0.0000000E+00   2.9300000E+02
   1.0000000E-01   8.3000004E-02   2.6379999E-02   0.0000000E+00   2.9300000E+02
   1.0000000E-01   8.5000001E-02   2.6379999E-02   0.0000000E+00   2.9300000E+02
   1.0000000E-01   8.6999997E-02   2.6379999E-02   0.0000000E+00   2.9300000E+02
   1.0000000E-01   8.9000002E-02   2.6379999E-02   0.0000000E+00   2.9300000E+02
   1.0000000E-01   9.1000006E-02   2.6379999E-02   4.5918424E-02   3.6805957E+02
   1.0000000E-01   9.2999995E-02   2.6379999E-02   7.6408178E-01   3.6406085E+02
   1.0000000E-01   9.4999999E-02   2.6379999E-02   1.0000000E+00   3.6121643E+02
   1.0000000E-01   9.7000003E-02   2.6379999E-02   1.0000000E+00   3.5897421E+02
   1.0000000E-01   9.8999999E-02   2.6379999E-02   1.0000000E+00   3.5722128E+02
   1.0000000E-01   1.0100000E-01   2.6379999E-02   1.0000000E+00   3.5588116E+02
   1.0000000E-01   1.0300000E-01   2.6379999E-02   1.0000000E+00   3.5487817E+02
   1.0000000E-01   1.0500000E-01   2.6379999E-02   1.0000000E+00   3.5414255E+02
   1.0000000E-01   1.0700000E-01   2.6379999E-02   1.0000000E+00   3.5361346E+02
   1.0000000E-01   1.0900000E-01   2.6379999E-02   1.0000000E+00   3.5324020E+02
   1.0000000E-01   1.1100000E-01   2.6379999E-02   1.0000000E+00   3.5298187E+02
   1.0000000E-01   1.1300001E-01   2.6379999E-02   1.0000000E+00   3.5280655E+02
   1.0000000E-01   1.1499999E-01   2.6379999E-02   1.0000000E+00   3.5269009E+02
   1.0000000E-01   1.1700000E-01   2.6379999E-02   1.0000000E+00   3.5261462E+02
   1.0000000E-01   1.1900000E-01   2.6379999E-02   1.0000000E+00   3.5256738E+02
   1.0000000E-01   1.2100000E-01   2.6379999E-02   1.0000000E+00   3.5253946E+02
   1.0000000E-01   1.2633334E-01   2.6379999E-02   1.0000000E+00   3.5250040E+02
   1.0000000E-01   1.3733333E-01   2.6379999E-02   1.0000000E+00   3.5249533E+02
   1.0000000E-01   1.5200000E-01   2.6379999E-02   1.0000000E+00   3.5248911E+02
   1.0000000E-01   8.0000004E-03   2.8340001E-02   1.0000000E+00   3.5260022E+02
   1.0000000E-01   2.2666667E-02   2.8340001E-02   1.0000000E+00   3.5386957E+02
   1.0000000E-01   3.3666667E-02   2.8340001E-02   1.0000000E+00   3.6087103E+02
   1.0000000E-01   3.8999997E-02   2.8340001E-02   1.0000000E+00   3.7166638E+02
   1.0000000E-01   4.1000001E-02   2.8340001E-02   1.0000000E+00   3.7657822E+02
   1.0000000E-01   4.2999998E-02   2.8340001E-02   1.0000000E+00   3.8238187E+02
   1.0000000E-01   4.5000002E-02   2.8340001E-02   1.0000000E+00   3.8902667E+02
   1.0000000E-01   4.6999998E-02   2.8340001E-02   1.0000000E+00   3.9635913E+02
   1.0000000E-01   4.9000002E-02   2.8340001E-02   1.0000000E+00   4.0410321E+02
   1.0000000E-01   5.0999999E-02   2.8340001E-02   1.0000000E+00   4.1185190E+02
   1.0000000E-01   5.3000003E-02   2.8340001E-02   1.0000000E+00   4.1907977E+02
   1.0000000E-01   5.5000000E-02   2.8340001E-02   1.0000000E+00   4.2518576E+02
   1.0000000E-01   5.7000000E-02   2.8340001E-02   1.0000000E+00   4.2957043E+02
   1.0000000E-01   5.9000000E-02   2.8340001E-02   1.0000000E+00   4.3174002E+02
   1.0000000E-01   6.0999997E-02   2.8340001E-02   0.0000000E+00   2.9300000E+02
   1.0000000E-01   6.3000001E-02   2.8340001E-02   0.0000000E+00   2.9300000E+02
   1.0000000E-01   6.4999998E-02   2.8340001E-02   0.0000000E+00   2.9300000E+02
   1.0000000E-01   6.7000002E-02   2.8340001E-02   0.0000000E+00   2.9300000E+02
   1.0000000E-01   6.9000006E-02   2.8340001E-02   0.0000000E+00   2.9300000E+02
   1.0000000E-01   7.0999995E-02   2.8340001E-02   0.0000000E+00   2.9300000E+02
   1.0000000E-01   7.2999999E-02   2.8340001E-02   0.0000000E+00   2.9300000E+02
   1.0000000E-01   7.5000003E-02   2.8340001E-02   0.0000000E+00   2.9300000E+02
   1.0000000E-01   7.7000000E-02   2.8340001E-02   0.0000000E+00   2.9300000E+02
   1.0000000E-01   7.8999996E-02   2.8340001E-02   0.0000000E+00   2.9300000E+02
   1.0000000E-01   8.1000000E-02   2.8340001E-02   0.0000000E+00   2.9300000E+02
   1.0000000E-01   8.3000004E-02   2.8340001E-02   0.0000000E+00   2.9300000E+02
   1.0000000E-01   8.5000001E-02   2.8340001E-02   0.0000000E+00   2.9300000E+02
   1.0000000E-01   8.6999997E-02   2.8340001E-02   0.0000000E+00   2.9300000E+02
   1.0000000E-01   8.9000002E-02   2.8340001E-02   0.0000000E+00   2.9300000E+02
   1.0000000E-01   9.1000006E-02   2.8340001E-02   0.0000000E+00   2.9300000E+02
   1.0000000E-01   9.2999995E-02   2.8340001E-02   5.2244958E-02   3.6114706E+02
   1.0000000E-01   9.4999999E-02   2.8340001E-02   7.7775520E-01   3.5881046E+02
   1.0000000E-01   9.7000003E-02   2.8340001E-02   1.0000000E+00   3.5718747E+02
   1.0000000E-01   9.8999999E-02   2.8340001E-02   1.0000000E+00   3.5592313E+02
   1.0000000E-01   1.0100000E-01   2.8340001E-02   1.0000000E+00   3.5494812E+02
   1.0000000E-01   1.0300000E-01   2.8340001E-02   1.0000000E+00   3.5421283E+02
   1.0000000E-01   1.0500000E-01   2.8340001E-02   1.0000000E+00   3.5367017E+02
   1.0000000E-01   1.0700000E-01   2.8340001E-02   1.0000000E+00   3.5327808E+02
   1.0000000E-01   1.0900000E-01   2.8340001E-02   1.0000000E+00   3.5300058E+02
   1.0000000E-01   1.1100000E-01   2.8340001E-02   1.0000000E+00   3.5280817E+02
   1.0000000E-01   1.1300001E-01   2.8340001E-02   1.0000000E+00   3.5267755E+02
   1.0000000E-01   1.1499999E-01   2.8340001E-02   1.0000000E+00   3.5259094E+02
   1.0000000E-01   1.1700000E-01   2.8340001E-02   1.0000000E+00   3.5253510E+02
   1.0000000E-01   1.1900000E-01   2.8340001E-02   1.0000000E+00   3.5250049E+02
   1.0000000E-01   1.2100000E-01   2.8340001E-02   1.0000000E+00   3.5248041E+02
   1.0000000E-01   1.2633334E-01   2.8340001E-02   1.0000000E+00   3.5245343E+02
   1.0000000E-01   1.3733333E-01   2.8340001E-02   1.0000000E+00   3.5245221E+02
   1.0000000E-01   1.5200000E-01   2.8340001E-02   1.0000000E+00   3.5244617E+02
   1.0000000E-01   8.0000004E-03   3.0299999E-02   1.0000000E+00   3.5251736E+02
   1.0000000E-01   2.2666667E-02   3.0299999E-02   1.0000000E+00   3.5350690E+02
   1.0000000E-01   3.3666667E-02   3.0299999E-02   1.0000000E+00   3.5888388E+02
   1.0000000E-01   3.8999997E-02   3.0299999E-02   1.0000000E+00   3.6700244E+02
   1.0000000E-01   4.1000001E-02   3.0299999E-02   1.0000000E+00   3.7066565E+02
   1.0000000E-01   4.2999998E-02   3.0299999E-02   1.0000000E+00   3.7495776E+02
   1.0000000E-01   4.5000002E-02   3.0299999E-02   1.0000000E+00   3.7982968E+02
   1.0000000E-01   4.6999998E-02   3.0299999E-02   1.0000000E+00   3.8515753E+02
   1.0000000E-01   4.9000002E-02   3.0299999E-02   1.0000000E+00   3.9073175E+02
   1.0000000E-01   5.0999999E-02   3.0299999E-02   1.0000000E+00   3.9625525E+02
   1.0000000E-01   5.3000003E-02   3.0299999E-02   1.0000000E+00   4.0135703E+02
   1.0000000E-01   5.5000000E-02   3.0299999E-02   1.0000000E+00   4.0562482E+02
   1.0000000E-01   5.7000000E-02   3.0299999E-02   1.0000000E+00   4.0865802E+02
   1.0000000E-01   5.9000000E-02   3.0299999E-02   1.0000000E+00   4.1013275E+02
   1.0000000E-01   6.0999997E-02   3.0299999E-02   0.0000000E+00   2.9300000E+02
   1.0000000E-01   6.3000001E-02   3.0299999E-02   0.0000000E+00   2.9300000E+02
   1.0000000E-01   6.4999998E-02   3.0299999E-02   0.0000000E+00   2.9300000E+02
   1.0000000E-01   6.7000002E-02   3.0299999E-02   0.0000000E+00   2.9300000E+02
   1.0000000E-01   6.9000006E-02   3.0299999E-02   0.0000000E+00   2.9300000E+02
   1.0000000E-01   7.0999995E-02   3.0299999E-02   0.0000000E+00   2.9300000E+02
   1.0000000E-01   7.2999999E-02   3.0299999E-02   0.0000000E+00   2.9300000E+02
   1.0000000E-01   7.5000003E-02   3.0299999E-02   0.0000000E+00   2.9300000E+02
   1.0000000E-01   7.7000000E-02   3.0299999E-02   0.0000000E+00   2.9300000E+02
   1.0000000E-01   7.8999996E-02   3.0299999E-02   0.0000000E+00   2.9300000E+02
   1.0000000E-01   8.1000000E-02   3.0299999E-02   0.0000000E+00   2.9300000E+02
   1.0000000E-01   8.3000004E-02   3.0299999E-02   0.0000000E+00   2.9300000E+02
   1.0000000E-01   8.5000001E-02   3.0299999E-02   0.0000000E+00   2.9300000E+02
   1.0000000E-01   8.6999997E-02   3.0299999E-02   0.0000000E+00   2.9300000E+02
   1.0000000E-01   8.9000002E-02   3.0299999E-02   0.0000000E+00   2.9300000E+02
   1.0000000E-01   9.1000006E-02   3.0299999E-02   0.0000000E+00   2.9300000E+02
   1.0000000E-01   9.2999995E-02   3.0299999E-02   0.0000000E+00   2.9300000E+02
   1.0000000E-01   9.4999999E-02   3.0299999E-02   5.8979653E-02   3.5710059E+02
   1.0000000E-01   9.7000003E-02   3.0299999E-02   7.9102051E-01   3.5577451E+02
   1.0000000E-01   9.8999999E-02   3.0299999E-02   1.0000000E+00   3.5487814E+02
   1.0000000E-01   1.0100000E-01   3.0299999E-02   1.0000000E+00   3.5418680E+02
   1.0000000E-01   1.0300000E-01   3.0299999E-02   1.0000000E+00   3.5366092E+02
   1.0000000E-01   1.0500000E-01   3.0299999E-02   1.0000000E+00   3.5327032E+02
   1.0000000E-01   1.0700000E-01   3.0299999E-02   1.0000000E+00   3.5298712E+02
   1.0000000E-01   1.0900000E-01   3.0299999E-02   1.0000000E+00   3.5278635E+02
   1.0000000E-01   1.1100000E-01   3.0299999E-02   1.0000000E+00   3.5264709E+02
   1.0000000E-01   1.1300001E-01   3.0299999E-02   1.0000000E+00   3.5255270E+02
   1.0000000E-01   1.1499999E-01   3.0299999E-02   1.0000000E+00   3.5249042E+02
   1.0000000E-01   1.1700000E-01   3.0299999E-02   1.0000000E+00   3.5245059E+02
   1.0000000E-01   1.1900000E-01   3.0299999E-02   1.0000000E+00   3.5242633E+02
   1.0000000E-01   1.2100000E-01   3.0299999E-02   1.0000000E+00   3.5241269E+02
   1.0000000E-01   1.2633334E-01   3.0299999E-02   1.0000000E+00   3.5239575E+02
   1.0000000E-01   1.3733333E-01   3.0299999E-02   1.0000000E+00   3.5239771E+02
   1.0000000E-01   1.5200000E-01   3.0299999E-02   1.0000000E+00   3.5239142E+02
   1.0000000E-01   8.0000004E-03   3.2260001E-02   1.0000000E+00   3.5242914E+02
   1.0000000E-01   2.2666667E-02   3.2260001E-02   1.0000000E+00   3.5319949E+02
   1.0000000E-01   3.3666667E-02   3.2260001E-02   1.0000000E+00   3.5731909E+02
   1.0000000E-01   3.8999997E-02   3.2260001E-02   1.0000000E+00   3.6340070E+02
   1.0000000E-01   4.1000001E-02   3.2260001E-02   1.0000000E+00   3.6612170E+02
   1.0000000E-01   4.2999998E-02   3.2260001E-02   1.0000000E+00   3.6928311E+02
   1.0000000E-01   4.5000002E-02   3.2260001E-02   1.0000000E+00   3.7284116E+02
   1.0000000E-01   4.6999998E-02   3.2260001E-02   1.0000000E+00   3.7669861E+02
   1.0000000E-01   4.9000002E-02   3.2260001E-02   1.0000000E+00   3.8069910E+02
   1.0000000E-01   5.0999999E-02   3.2260001E-02   1.0000000E+00   3.8462851E+02
   1.0000000E-01   5.3000003E-02   3.2260001E-02   1.0000000E+00   3.8822678E+02
   1.0000000E-01   5.5000000E-02   3.2260001E-02   1.0000000E+00   3.9121182E+02
   1.0000000E-01   5.7000000E-02   3.2260001E-02   1.0000000E+00   3.9331409E+02
   1.0000000E-01   5.9000000E-02   3.2260001E-02   1.0000000E+00   3.9431601E+02
   1.0000000E-01   6.0999997E-02   3.2260001E-02   0.0000000E+00   2.9300000E+02
   1.0000000E-01   6.3000001E-02   3.2260001E-02   0.0000000E+00   2.9300000E+02
   1.0000000E-01   6.4999998E-02   3.2260001E-02   0.0000000E+00   2.9300000E+02
   1.0000000E-01   6.7000002E-02   3.2260001E-02   0.0000000E+00   2.9300000E+02
   1.0000000E-01   6.9000006E-02   3.2260001E-02   0.0000000E+00   2.9300000E+02
   1.0000000E-01   7.0999995E-02   3.2260001E-02   0.0000000E+00   2.9300000E+02
   1.0000000E-01   7.2999999E-02   3.2260001E-02   0.0000000E+00   2.9300000E+02
   1.0000000E-01   7.5000003E-02   3.2260001E-02   0.0000000E+00   2.9300000E+02
   1.0000000E-01   7.7000000E-02   3.2260001E-02   0.0000000E+00   2.9300000E+02
   1.0000000E-01   7.8999996E-02   3.2260001E-02   0.0000000E+00   2.9300000E+02
   1.0000000E-01   8.1000000E-02   3.2260001E-02   0.0000000E+00   2.9300000E+02
   1.0000000E-01   8.3000004E-02   3.2260001E-02   0.0000000E+00   2.9300000E+02
   1.0000000E-01   8.5000001E-02   3.2260001E-02   0.0000000E+00   2.9300000E+02
   1.0000000E-01   8.6999997E-02   3.2260001E-02   0.0000000E+00   2.9300000E+02
   1.0000000E-01   8.9000002E-02   3.2260001E-02   0.0000000E+00   2.9300000E+02
   1.0000000E-01   9.1000006E-02   3.2260001E-02   0.0000000E+00   2.9300000E+02
   1.0000000E-01   9.2999995E-02   3.2260001E-02   0.0000000E+00   2.9300000E+02
   1.0000000E-01   9.4999999E-02   3.2260001E-02   0.0000000E+00   2.9300000E+02
   1.0000000E-01   9.7000003E-02   3.2260001E-02   6.6122517E-02   3.5478641E+02
   1.0000000E-01   9.8999999E-02   3.2260001E-02   8.0387765E-01   3.5405261E+02
   1.0000000E-01   1.0100000E-01   3.2260001E-02   1.0000000E+00   3.5357358E+02
   1.0000000E-01   1.0300000E-01   3.2260001E-02   1.0000000E+00   3.5320685E+02
   1.0000000E-01   1.0500000E-01   3.2260001E-02   1.0000000E+00   3.5293274E+02
   1.0000000E-01   1.0700000E-01   3.2260001E-02   1.0000000E+00   3.5273419E+02
   1.0000000E-01   1.0900000E-01   3.2260001E-02   1.0000000E+00   3.5259378E+02
   1.0000000E-01   1.1100000E-01   3.2260001E-02   1.0000000E+00   3.5249655E+02
   1.0000000E-01   1.1300001E-01   3.2260001E-02   1.0000000E+00   3.5243091E+02
   1.0000000E-01   1.1499999E-01   3.2260001E-02   1.0000000E+00   3.5238788E+02
   1.0000000E-01   1.1700000E-01   3.2260001E-02   1.0000000E+00   3.5236078E+02
   1.0000000E-01   1.1900000E-01   3.2260001E-02   1.0000000E+00   3.5234473E+02
   1.0000000E-01   1.2100000E-01   3.2260001E-02   1.0000000E+00   3.5233624E+02
   1.0000000E-01   1.2633334E-01   3.2260001E-02   1.0000000E+00   3.5232727E+02
   1.0000000E-01   1.3733333E-01   3.2260001E-02   1.0000000E+00   3.5233179E+02
   1.0000000E-01   1.5200000E-01   3.2260001E-02   1.0000000E+00   3.5232489E+02
   1.0000000E-01   8.0000004E-03   3.4220003E-02   1.0000000E+00   3.5233505E+02
   1.0000000E-01   2.2666667E-02   3.4220003E-02   1.0000000E+00   3.5294196E+02
   1.0000000E-01   3.3666667E-02   3.4220003E-02   1.0000000E+00   3.5613397E+02
   1.0000000E-01   3.8999997E-02   3.4220003E-02   1.0000000E+00   3.6073642E+02
   1.0000000E-01   4.1000001E-02   3.4220003E-02   1.0000000E+00   3.6277832E+02
   1.0000000E-01   4.2999998E-02   3.4220003E-02   1.0000000E+00   3.6513095E+02
   1.0000000E-01   4.5000002E-02   3.4220003E-02   1.0000000E+00   3.6775668E+02
   1.0000000E-01   4.6999998E-02   3.4220003E-02   1.0000000E+00   3.7057986E+02
   1.0000000E-01   4.9000002E-02   3.4220003E-02   1.0000000E+00   3.7348383E+02
   1.0000000E-01   5.0999999E-02   3.4220003E-02   1.0000000E+00   3.7631390E+02
   1.0000000E-01   5.3000003E-02   3.4220003E-02   1.0000000E+00   3.7888699E+02
   1.0000000E-01   5.5000000E-02   3.4220003E-02   1.0000000E+00   3.8100870E+02
   1.0000000E-01   5.7000000E-02   3.4220003E-02   1.0000000E+00   3.8249545E+02
   1.0000000E-01   5.9000000E-02   3.4220003E-02   1.0000000E+00   3.8319412E+02
   1.0000000E-01   6.0999997E-02   3.4220003E-02   0.0000000E+00   2.9300000E+02
   1.0000000E-01   6.3000001E-02   3.4220003E-02   0.0000000E+00   2.9300000E+02
   1.0000000E-01   6.4999998E-02   3.4220003E-02   0.0000000E+00   2.9300000E+02
   1.0000000E-01   6.7000002E-02   3.4220003E-02   0.0000000E+00   2.9300000E+02
   1.0000000E-01   6.9000006E-02   3.4220003E-02   0.0000000E+00   2.9300000E+02
   1.0000000E-01   7.0999995E-02   3.4220003E-02   0.0000000E+00   2.9300000E+02
   1.0000000E-01   7.2999999E-02   3.4220003E-02   0.0000000E+00   2.9300000E+02
   1.0000000E-01   7.5000003E-02   3.4220003E-02   0.0000000E+00   2.9300000E+02
   1.0000000E-01   7.7000000E-02   3.4220003E-02   0.0000000E+00   2.9300000E+02
   1.0000000E-01   7.8999996E-02   3.4220003E-02   0.0000000E+00   2.9300000E+02
   1.0000000E-01   8.1000000E-02   3.4220003E-02   0.0000000E+00   2.9300000E+02
   1.0000000E-01   8.3000004E-02   3.4220003E-02   0.0000000E+00   2.9300000E+02
   1.0000000E-01   8.5000001E-02   3.4220003E-02   0.0000000E+00   2.9300000E+02
   1.0000000E-01   8.6999997E-02   3.4220003E-02   0.0000000E+00   2.9300000E+02
   1.0000000E-01   8.9000002E-02   3.4220003E-02   0.0000000E+00   2.9300000E+02
   1.0000000E-01   9.1000006E-02   3.4220003E-02   0.0000000E+00   2.9300000E+02
   1.0000000E-01   9.2999995E-02   3.4220003E-02   0.0000000E+00   2.9300000E+02
   1.0000000E-01   9.4999999E-02   3.4220003E-02   0.0000000E+00   2.9300000E+02
   1.0000000E-01   9.7000003E-02   3.4220003E-02   0.0000000E+00   2.9300000E+02
   1.0000000E-01   9.8999999E-02   3.4220003E-02   7.3673539E-02   3.5348096E+02
   1.0000000E-01   1.0100000E-01   3.4220003E-02   8.1632662E-01   3.5308157E+02
   1.0000000E-01   1.0300000E-01   3.4220003E-02   1.0000000E+00   3.5283350E+02
   1.0000000E-01   1.0500000E-01   3.4220003E-02   1.0000000E+00   3.5264545E+02
   1.0000000E-01   1.0700000E-01   3.4220003E-02   1.0000000E+00   3.5251230E+02
   1.0000000E-01   1.0900000E-01   3.4220003E-02   1.0000000E+00   3.5241901E+02
   1.0000000E-01   1.1100000E-01   3.4220003E-02   1.0000000E+00   3.5235449E+02
   1.0000000E-01   1.1300001E-01   3.4220003E-02   1.0000000E+00   3.5231094E+02
   1.0000000E-01   1.1499999E-01   3.4220003E-02   1.0000000E+00   3.5228268E+02
   1.0000000E-01   1.1700000E-01   3.4220003E-02   1.0000000E+00   3.5226529E+02
   1.0000000E-01   1.1900000E-01   3.4220003E-02   1.0000000E+00   3.5225549E+02
   1.0000000E-01   1.2100000E-01   3.4220003E-02   1.0000000E+00   3.5225092E+02
   1.0000000E-01   1.2633334E-01   3.4220003E-02   1.0000000E+00   3.5224802E+02
   1.0000000E-01   1.3733333E-01   3.4220003E-02   1.0000000E+00   3.5225446E+02
   1.0000000E-01   1.5200000E-01   3.4220003E-02   1.0000000E+00   3.5224652E+02
   1.0000000E-01   8.0000004E-03   3.6180001E-02   1.0000000E+00   3.5223474E+02
   1.0000000E-01   2.2666667E-02   3.6180001E-02   1.0000000E+00   3.5272925E+02
   1.0000000E-01   3.3666667E-02   3.6180001E-02   1.0000000E+00   3.5528915E+02
   1.0000000E-01   3.8999997E-02   3.6180001E-02   1.0000000E+00   3.5889713E+02
   1.0000000E-01   4.1000001E-02   3.6180001E-02   1.0000000E+00   3.6048526E+02
   1.0000000E-01   4.2999998E-02   3.6180001E-02   1.0000000E+00   3.6230078E+02
   1.0000000E-01   4.5000002E-02   3.6180001E-02   1.0000000E+00   3.6431146E+02
   1.0000000E-01   4.6999998E-02   3.6180001E-02   1.0000000E+00   3.6645700E+02
   1.0000000E-01   4.9000002E-02   3.6180001E-02   1.0000000E+00   3.6864807E+02
   1.0000000E-01   5.0999999E-02   3.6180001E-02   1.0000000E+00   3.7076950E+02
   1.0000000E-01   5.3000003E-02   3.6180001E-02   1.0000000E+00   3.7268872E+02
   1.0000000E-01   5.5000000E-02   3.6180001E-02   1.0000000E+00   3.7426923E+02
   1.0000000E-01   5.7000000E-02   3.6180001E-02   1.0000000E+00   3.7538611E+02
   1.0000000E-01   5.9000000E-02   3.6180001E-02   1.0000000E+00   3.7593127E+02
   1.0000000E-01   6.0999997E-02   3.6180001E-02   0.0000000E+00   2.9300000E+02
   1.0000000E-01   6.3000001E-02   3.6180001E-02   0.0000000E+00   2.9300000E+02
   1.0000000E-01   6.4999998E-02   3.6180001E-02   0.0000000E+00   2.9300000E+02
   1.0000000E-01   6.7000002E-02   3.6180001E-02   0.0000000E+00   2.9300000E+02
   1.0000000E-01   6.9000006E-02   3.6180001E-02   0.0000000E+00   2.9300000E+02
   1.0000000E-01   7.0999995E-02   3.6180001E-02   0.0000000E+00   2.9300000E+02
   1.0000000E-01   7.2999999E-02   3.6180001E-02   0.0000000E+00   2.9300000E+02
   1.0000000E-01   7.5000003E-02   3.6180001E-02   0.0000000E+00   2.9300000E+02
   1.0000000E-01   7.7000000E-02   3.6180001E-02   0.0000000E+00   2.9300000E+02
   1.0000000E-01   7.8999996E-02   3.6180001E-02   0.0000000E+00   2.9300000E+02
   1.0000000E-01   8.1000000E-02   3.6180001E-02   0.0000000E+00   2.9300000E+02
   1.0000000E-01   8.3000004E-02   3.6180001E-02   0.0000000E+00   2.9300000E+02
   1.0000000E-01   8.5000001E-02   3.6180001E-02   0.0000000E+00   2.9300000E+02
   1.0000000E-01   8.6999997E-02   3.6180001E-02   0.0000000E+00   2.9300000E+02
   1.0000000E-01   8.9000002E-02   3.6180001E-02   0.0000000E+00   2.9300000E+02
   1.0000000E-01   9.1000006E-02   3.6180001E-02   0.0000000E+00   2.9300000E+02
   1.0000000E-01   9.2999995E-02   3.6180001E-02   0.0000000E+00   2.9300000E+02
   1.0000000E-01   9.4999999E-02   3.6180001E-02   0.0000000E+00   2.9300000E+02
   1.0000000E-01   9.7000003E-02   3.6180001E-02   0.0000000E+00   2.9300000E+02
   1.0000000E-01   9.8999999E-02   3.6180001E-02   0.0000000E+00   2.9300000E+02
   1.0000000E-01   1.0100000E-01   3.6180001E-02   8.1632726E-02   3.5273944E+02
   1.0000000E-01   1.0300000E-01   3.6180001E-02   8.2836747E-01   3.5252036E+02
   1.0000000E-01   1.0500000E-01   3.6180001E-02   1.0000000E+00   3.5239459E+02
   1.0000000E-01   1.0700000E-01   3.6180001E-02   1.0000000E+00   3.5231491E+02
   1.0000000E-01   1.0900000E-01   3.6180001E-02   1.0000000E+00   3.5225916E+02
   1.0000000E-01   1.1100000E-01   3.6180001E-02   1.0000000E+00   3.5221939E+02
   1.0000000E-01   1.1300001E-01   3.6180001E-02   1.0000000E+00   3.5219208E+02
   1.0000000E-01   1.1499999E-01   3.6180001E-02   1.0000000E+00   3.5217435E+02
   1.0000000E-01   1.1700000E-01   3.6180001E-02   1.0000000E+00   3.5216382E+02
   1.0000000E-01   1.1900000E-01   3.6180001E-02   1.0000000E+00   3.5215842E+02
   1.0000000E-01   1.2100000E-01   3.6180001E-02   1.0000000E+00   3.5215659E+02
   1.0000000E-01   1.2633334E-01   3.6180001E-02   1.0000000E+00   3.5215793E+02
   1.0000000E-01   1.3733333E-01   3.6180001E-02   1.0000000E+00   3.5216571E+02
   1.0000000E-01   1.5200000E-01   3.6180001E-02   1.0000000E+00   3.5215628E+02
   1.0000000E-01   8.0000004E-03   3.8139999E-02   1.0000000E+00   3.5212787E+02
   1.0000000E-01   2.2666667E-02   3.8139999E-02   1.0000000E+00   3.5255719E+02
   1.0000000E-01   3.3666667E-02   3.8139999E-02   1.0000000E+00   3.5475327E+02
   1.0000000E-01   3.8999997E-02   3.8139999E-02   1.0000000E+00   3.5779471E+02
   1.0000000E-01   4.1000001E-02   3.8139999E-02   1.0000000E+00   3.5912552E+02
   1.0000000E-01   4.2999998E-02   3.8139999E-02   1.0000000E+00   3.6063785E+02
   1.0000000E-01   4.5000002E-02   3.8139999E-02   1.0000000E+00   3.6230301E+02
   1.0000000E-01   4.6999998E-02   3.8139999E-02   1.0000000E+00   3.6406989E+02
   1.0000000E-01   4.9000002E-02   3.8139999E-02   1.0000000E+00   3.6586475E+02
   1.0000000E-01   5.0999999E-02   3.8139999E-02   1.0000000E+00   3.6759491E+02
   1.0000000E-01   5.3000003E-02   3.8139999E-02   1.0000000E+00   3.6915656E+02
   1.0000000E-01   5.5000000E-02   3.8139999E-02   1.0000000E+00   3.7044788E+02
   1.0000000E-01   5.7000000E-02   3.8139999E-02   1.0000000E+00   3.7139053E+02
   1.0000000E-01   5.9000000E-02   3.8139999E-02   1.0000000E+00   3.7197470E+02
   1.0000000E-01   6.0999997E-02   3.8139999E-02   0.0000000E+00   2.9300000E+02
   1.0000000E-01   6.3000001E-02   3.8139999E-02   0.0000000E+00   2.9300000E+02
   1.0000000E-01   6.4999998E-02   3.8139999E-02   0.0000000E+00   2.9300000E+02
   1.0000000E-01   6.7000002E-02   3.8139999E-02   0.0000000E+00   2.9300000E+02
   1.0000000E-01   6.9000006E-02   3.8139999E-02   0.0000000E+00   2.9300000E+02
   1.0000000E-01   7.0999995E-02   3.8139999E-02   0.0000000E+00   2.9300000E+02
   1.0000000E-01   7.2999999E-02   3.8139999E-02   0.0000000E+00   2.9300000E+02
   1.0000000E-01   7.5000003E-02   3.8139999E-02   0.0000000E+00   2.9300000E+02
   1.0000000E-01   7.7000000E-02   3.8139999E-02   0.0000000E+00   2.9300000E+02
   1.0000000E-01   7.8999996E-02   3.8139999E-02   0.0000000E+00   2.9300000E+02
   1.0000000E-01   8.1000000E-02   3.8139999E-02   0.0000000E+00   2.9300000E+02
   1.0000000E-01   8.3000004E-02   3.8139999E-02   0.0000000E+00   2.9300000E+02
   1.0000000E-01   8.5000001E-02   3.8139999E-02   0.0000000E+00   2.9300000E+02
   1.0000000E-01   8.6999997E-02   3.8139999E-02   0.0000000E+00   2.9300000E+02
   1.0000000E-01   8.9000002E-02   3.8139999E-02   0.0000000E+00   2.9300000E+02
   1.0000000E-01   9.1000006E-02   3.8139999E-02   0.0000000E+00   2.9300000E+02
   1.0000000E-01   9.2999995E-02   3.8139999E-02   0.0000000E+00   2.9300000E+02
   1.0000000E-01   9.4999999E-02   3.8139999E-02   0.0000000E+00   2.9300000E+02
   1.0000000E-01   9.7000003E-02   3.8139999E-02   0.0000000E+00   2.9300000E+02
   1.0000000E-01   9.8999999E-02   3.8139999E-02   0.0000000E+00   2.9300000E+02
   1.0000000E-01   1.0100000E-01   3.8139999E-02   0.0000000E+00   2.9300000E+02
   1.0000000E-01   1.0300000E-01   3.8139999E-02   9.0000078E-02   3.5228909E+02
   1.0000000E-01   1.0500000E-01   3.8139999E-02   8.4000009E-01   3.5215283E+02
   1.0000000E-01   1.0700000E-01   3.8139999E-02   1.0000000E+00   3.5213919E+02
   1.0000000E-01   1.0900000E-01   3.8139999E-02   1.0000000E+00   3.5211411E+02
   1.0000000E-01   1.1100000E-01   3.8139999E-02   1.0000000E+00   3.5209116E+02
   1.0000000E-01   1.1300001E-01   3.8139999E-02   1.0000000E+00   3.5207397E+02
   1.0000000E-01   1.1499999E-01   3.8139999E-02   1.0000000E+00   3.5206268E+02
   1.0000000E-01   1.1700000E-01   3.8139999E-02   1.0000000E+00   3.5205624E+02
   1.0000000E-01   1.1900000E-01   3.8139999E-02   1.0000000E+00   3.5205344E+02
   1.0000000E-01   1.2100000E-01   3.8139999E-02   1.0000000E+00   3.5205319E+02
   1.0000000E-01   1.2633334E-01   3.8139999E-02   1.0000000E+00   3.5205707E+02
   1.0000000E-01   1.3733333E-01   3.8139999E-02   1.0000000E+00   3.5206561E+02
   1.0000000E-01   1.5200000E-01   3.8139999E-02   1.0000000E+00   3.5205414E+02
   1.0000000E-01   8.0000004E-03   4.0100001E-02   4.4897914E-01   3.5204834E+02
   1.0000000E-01   2.2666667E-02   4.0100001E-02   4.4897914E-01   3.5244550E+02
   1.0000000E-01   3.3666667E-02   4.0100001E-02   4.4897914E-01   3.5446307E+02
   1.0000000E-01   3.8999997E-02   4.0100001E-02   4.4897914E-01   3.5722903E+02
   1.0000000E-01   4.1000001E-02   4.0100001E-02   4.4897914E-01   3.5843515E+02
   1.0000000E-01   4.2999998E-02   4.0100001E-02   4.4897914E-01   3.5980112E+02
   1.0000000E-01   4.5000002E-02   4.0100001E-02   4.4897914E-01   3.6130011E+02
   1.0000000E-01   4.6999998E-02   4.0100001E-02   4.4897914E-01   3.6288553E+02
   1.0000000E-01   4.9000002E-02   4.0100001E-02   4.4897914E-01   3.6449130E+02
   1.0000000E-01   5.0999999E-02   4.0100001E-02   4.4897914E-01   3.6603534E+02
   1.0000000E-01   5.3000003E-02   4.0100001E-02   4.4897914E-01   3.6742633E+02
   1.0000000E-01   5.5000000E-02   4.0100001E-02   4.4897914E-01   3.6857361E+02
   1.0000000E-01   5.7000000E-02   4.0100001E-02   4.4897914E-01   3.6939490E+02
   1.0000000E-01   5.9000000E-02   4.0100001E-02   2.2448942E-01   3.7000803E+02
   1.0000000E-01   6.0999997E-02   4.0100001E-02   0.0000000E+00   2.9300000E+02
   1.0000000E-01   6.3000001E-02   4.0100001E-02   0.0000000E+00   2.9300000E+02
   1.0000000E-01   6.4999998E-02   4.0100001E-02   0.0000000E+00   2.9300000E+02
   1.0000000E-01   6.7000002E-02   4.0100001E-02   0.0000000E+00   2.9300000E+02
   1.0000000E-01   6.9000006E-02   4.0100001E-02   0.0000000E+00   2.9300000E+02
   1.0000000E-01   7.0999995E-02   4.0100001E-02   0.0000000E+00   2.9300000E+02
   1.0000000E-01   7.2999999E-02   4.0100001E-02   0.0000000E+00   2.9300000E+02
   1.0000000E-01   7.5000003E-02   4.0100001E-02   0.0000000E+00   2.9300000E+02
   1.0000000E-01   7.7000000E-02   4.0100001E-02   0.0000000E+00   2.9300000E+02
   1.0000000E-01   7.8999996E-02   4.0100001E-02   0.0000000E+00   2.9300000E+02
   1.0000000E-01   8.1000000E-02   4.0100001E-02   0.0000000E+00   2.9300000E+02
   1.0000000E-01   8.3000004E-02   4.0100001E-02   0.0000000E+00   2.9300000E+02
   1.0000000E-01   8.5000001E-02   4.0100001E-02   0.0000000E+00   2.9300000E+02
   1.0000000E-01   8.6999997E-02   4.0100001E-02   0.0000000E+00   2.9300000E+02
   1.0000000E-01   8.9000002E-02   4.0100001E-02   0.0000000E+00   2.9300000E+02
   1.0000000E-01   9.1000006E-02   4.0100001E-02   0.0000000E+00   2.9300000E+02
   1.0000000E-01   9.2999995E-02   4.0100001E-02   0.0000000E+00   2.9300000E+02
   1.0000000E-01   9.4999999E-02   4.0100001E-02   0.0000000E+00   2.9300000E+02
   1.0000000E-01   9.7000003E-02   4.0100001E-02   0.0000000E+00   2.9300000E+02
   1.0000000E-01   9.8999999E-02   4.0100001E-02   0.0000000E+00   2.9300000E+02
   1.0000000E-01   1.0100000E-01   4.0100001E-02   0.0000000E+00   2.9300000E+02
   1.0000000E-01   1.0300000E-01   4.0100001E-02   0.0000000E+00   2.9300000E+02
   1.0000000E-01   1.0500000E-01   4.0100001E-02   9.8775446E-02   3.5205920E+02
   1.0000000E-01   1.0700000E-01   4.0100001E-02   4.4897914E-01   3.5203210E+02
   1.0000000E-01   1.0900000E-01   4.0100001E-02   4.4897914E-01   3.5201663E+02
   1.0000000E-01   1.1100000E-01   4.0100001E-02   4.4897914E-01   3.5200110E+02
   1.0000000E-01   1.1300001E-01   4.0100001E-02   4.4897914E-01   3.5198886E+02
   1.0000000E-01   1.1499999E-01   4.0100001E-02   4.4897914E-01   3.5198074E+02
   1.0000000E-01   1.1700000E-01   4.0100001E-02   4.4897914E-01   3.5197635E+02
   1.0000000E-01   1.1900000E-01   4.0100001E-02   4.4897914E-01   3.5197485E+02
   1.0000000E-01   1.2100000E-01   4.0100001E-02   4.4897914E-01   3.5197540E+02
   1.0000000E-01   1.2633334E-01   4.0100001E-02   4.4897914E-01   3.5198050E+02
   1.0000000E-01   1.3733333E-01   4.0100001E-02   4.4897914E-01   3.5198959E+02
   1.0000000E-01   1.5200000E-01   4.0100001E-02   2.2448952E-01   3.5198993E+02
   1.0000000E-01   8.0000004E-03   4.2060003E-02   0.0000000E+00   2.9300000E+02
   1.0000000E-01   2.2666667E-02   4.2060003E-02   0.0000000E+00   2.9300000E+02
   1.0000000E-01   3.3666667E-02   4.2060003E-02   0.0000000E+00   2.9300000E+02
   1.0000000E-01   3.8999997E-02   4.2060003E-02   0.0000000E+00   2.9300000E+02
   1.0000000E-01   4.1000001E-02   4.2060003E-02   0.0000000E+00   2.9300000E+02
   1.0000000E-01   4.2999998E-02   4.2060003E-02   0.0000000E+00   2.9300000E+02
   1.0000000E-01   4.5000002E-02   4.2060003E-02   0.0000000E+00   2.9300000E+02
   1.0000000E-01   4.6999998E-02   4.2060003E-02   0.0000000E+00   2.9300000E+02
   1.0000000E-01   4.9000002E-02   4.2060003E-02   0.0000000E+00   2.9300000E+02
   1.0000000E-01   5.0999999E-02   4.2060003E-02   0.0000000E+00   2.9300000E+02
   1.0000000E-01   5.3000003E-02   4.2060003E-02   0.0000000E+00   2.9300000E+02
   1.0000000E-01   5.5000000E-02   4.2060003E-02   0.0000000E+00   2.9300000E+02
   1.0000000E-01   5.7000000E-02   4.2060003E-02   0.0000000E+00   2.9300000E+02
   1.0000000E-01   5.9000000E-02   4.2060003E-02   0.0000000E+00   2.9300000E+02
   1.0000000E-01   6.0999997E-02   4.2060003E-02   0.0000000E+00   2.9300000E+02
   1.0000000E-01   6.3000001E-02   4.2060003E-02   0.0000000E+00   2.9300000E+02
   1.0000000E-01   6.4999998E-02   4.2060003E-02   0.0000000E+00   2.9300000E+02
   1.0000000E-01   6.7000002E-02   4.2060003E-02   0.0000000E+00   2.9300000E+02
   1.0000000E-01   6.9000006E-02   4.2060003E-02   0.0000000E+00   2.9300000E+02
   1.0000000E-01   7.0999995E-02   4.2060003E-02   0.0000000E+00   2.9300000E+02
   1.0000000E-01   7.2999999E-02   4.2060003E-02   0.0000000E+00   2.9300000E+02
   1.0000000E-01   7.5000003E-02   4.2060003E-02   0.0000000E+00   2.9300000E+02
   1.0000000E-01   7.7000000E-02   4.2060003E-02   0.0000000E+00   2.9300000E+02
   1.0000000E-01   7.8999996E-02   4.2060003E-02   0.0000000E+00   2.9300000E+02
   1.0000000E-01   8.1000000E-02   4.2060003E-02   0.0000000E+00   2.9300000E+02
   1.0000000E-01   8.3000004E-02   4.2060003E-02   0.0000000E+00   2.9300000E+02
   1.0000000E-01   8.5000001E-02   4.2060003E-02   0.0000000E+00   2.9300000E+02
   1.0000000E-01   8.6999997E-02   4.2060003E-02   0.0000000E+00   2.9300000E+02
   1.0000000E-01   8.9000002E-02   4.2060003E-02   0.0000000E+00   2.9300000E+02
   1.0000000E-01   9.1000006E-02   4.2060003E-02   0.0000000E+00   2.9300000E+02
   1.0000000E-01   9.2999995E-02   4.2060003E-02   0.0000000E+00   2.9300000E+02
   1.0000000E-01   9.4999999E-02   4.2060003E-02   0.0000000E+00   2.9300000E+02
   1.0000000E-01   9.7000003E-02   4.2060003E-02   0.0000000E+00   2.9300000E+02
   1.0000000E-01   9.8999999E-02   4.2060003E-02   0.0000000E+00   2.9300000E+02
   1.0000000E-01   1.0100000E-01   4.2060003E-02   0.0000000E+00   2.9300000E+02
   1.0000000E-01   1.0300000E-01   4.2060003E-02   0.0000000E+00   2.9300000E+02
   1.0000000E-01   1.0500000E-01   4.2060003E-02   0.0000000E+00   2.9300000E+02
   1.0000000E-01   1.0700000E-01   4.2060003E-02   0.0000000E+00   2.9300000E+02
   1.0000000E-01   1.0900000E-01   4.2060003E-02   0.0000000E+00   2.9300000E+02
   1.0000000E-01   1.1100000E-01   4.2060003E-02   0.0000000E+00   2.9300000E+02
   1.0000000E-01   1.1300001E-01   4.2060003E-02   0.0000000E+00   2.9300000E+02
   1.0000000E-01   1.1499999E-01   4.2060003E-02   0.0000000E+00   2.9300000E+02
   1.0000000E-01   1.1700000E-01   4.2060003E-02   0.0000000E+00   2.9300000E+02
   1.0000000E-01   1.1900000E-01   4.2060003E-02   0.0000000E+00   2.9300000E+02
   1.0000000E-01   1.2100000E-01   4.2060003E-02   0.0000000E+00   2.9300000E+02
   1.0000000E-01   1.2633334E-01   4.2060003E-02   0.0000000E+00   2.9300000E+02
   1.0000000E-01   1.3733333E-01   4.2060003E-02   0.0000000E+00   2.9300000E+02
   1.0000000E-01   1.5200000E-01   4.2060003E-02   0.0000000E+00   2.9300000E+02
   1.0000000E-01   8.0000004E-03   4.4020001E-02   0.0000000E+00   2.9300000E+02
   1.0000000E-01   2.2666667E-02   4.4020001E-02   0.0000000E+00   2.9300000E+02
   1.0000000E-01   3.3666667E-02   4.4020001E-02   0.0000000E+00   2.9300000E+02
   1.0000000E-01   3.8999997E-02   4.4020001E-02   0.0000000E+00   2.9300000E+02
   1.0000000E-01   4.1000001E-02   4.4020001E-02   0.0000000E+00   2.9300000E+02
   1.0000000E-01   4.2999998E-02   4.4020001E-02   0.0000000E+00   2.9300000E+02
   1.0000000E-01   4.5000002E-02   4.4020001E-02   0.0000000E+00   2.9300000E+02
   1.0000000E-01   4.6999998E-02   4.4020001E-02   0.0000000E+00   2.9300000E+02
   1.0000000E-01   4.9000002E-02   4.4020001E-02   0.0000000E+00   2.9300000E+02
   1.0000000E-01   5.0999999E-02   4.4020001E-02   0.0000000E+00   2.9300000E+02
   1.0000000E-01   5.3000003E-02   4.4020001E-02   0.0000000E+00   2.9300000E+02
   1.0000000E-01   5.5000000E-02   4.4020001E-02   0.0000000E+00   2.9300000E+02
   1.0000000E-01   5.7000000E-02   4.4020001E-02   0.0000000E+00   2.9300000E+02
   1.0000000E-01   5.9000000E-02   4.4020001E-02   0.0000000E+00   2.9300000E+02
   1.0000000E-01   6.0999997E-02   4.4020001E-02   0.0000000E+00   2.9300000E+02
   1.0000000E-01   6.3000001E-02   4.4020001E-02   0.0000000E+00   2.9300000E+02
   1.0000000E-01   6.4999998E-02   4.4020001E-02   0.0000000E+00   2.9300000E+02
   1.0000000E-01   6.7000002E-02   4.4020001E-02   0.0000000E+00   2.9300000E+02
   1.0000000E-01   6.9000006E-02   4.4020001E-02   0.0000000E+00   2.9300000E+02
   1.0000000E-01   7.0999995E-02   4.4020001E-02   0.0000000E+00   2.9300000E+02
   1.0000000E-01   7.2999999E-02   4.4020001E-02   0.0000000E+00   2.9300000E+02
   1.0000000E-01   7.5000003E-02   4.4020001E-02   0.0000000E+00   2.9300000E+02
   1.0000000E-01   7.7000000E-02   4.4020001E-02   0.0000000E+00   2.9300000E+02
   1.0000000E-01   7.8999996E-02   4.4020001E-02   0.0000000E+00   2.9300000E+02
   1.0000000E-01   8.1000000E-02   4.4020001E-02   0.0000000E+00   2.9300000E+02
   1.0000000E-01   8.3000004E-02   4.4020001E-02   0.0000000E+00   2.9300000E+02
   1.0000000E-01   8.5000001E-02   4.4020001E-02   0.0000000E+00   2.9300000E+02
   1.0000000E-01   8.6999997E-02   4.4020001E-02   0.0000000E+00   2.9300000E+02
   1.0000000E-01   8.9000002E-02   4.4020001E-02   0.0000000E+00   2.9300000E+02
   1.0000000E-01   9.1000006E-02   4.4020001E-02   0.0000000E+00   2.9300000E+02
   1.0000000E-01   9.2999995E-02   4.4020001E-02   0.0000000E+00   2.9300000E+02
   1.0000000E-01   9.4999999E-02   4.4020001E-02   0.0000000E+00   2.9300000E+02
   1.0000000E-01   9.7000003E-02   4.4020001E-02   0.0000000E+00   2.9300000E+02
   1.0000000E-01   9.8999999E-02   4.4020001E-02   0.0000000E+00   2.9300000E+02
   1.0000000E-01   1.0100000E-01   4.4020001E-02   0.0000000E+00   2.9300000E+02
   1.0000000E-01   1.0300000E-01   4.4020001E-02   0.0000000E+00   2.9300000E+02
   1.0000000E-01   1.0500000E-01   4.4020001E-02   0.0000000E+00   2.9300000E+02
   1.0000000E-01   1.0700000E-01   4.4020001E-02   0.0000000E+00   2.9300000E+02
   1.0000000E-01   1.0900000E-01   4.4020001E-02   0.0000000E+00   2.9300000E+02
   1.0000000E-01   1.1100000E-01   4.4020001E-02   0.0000000E+00   2.9300000E+02
   1.0000000E-01   1.1300001E-01   4.4020001E-02   0.0000000E+00   2.9300000E+02
   1.0000000E-01   1.1499999E-01   4.4020001E-02   0.0000000E+00   2.9300000E+02
   1.0000000E-01   1.1700000E-01   4.4020001E-02   0.0000000E+00   2.9300000E+02
   1.0000000E-01   1.1900000E-01   4.4020001E-02   0.0000000E+00   2.9300000E+02
   1.0000000E-01   1.2100000E-01   4.4020001E-02   0.0000000E+00   2.9300000E+02
   1.0000000E-01   1.2633334E-01   4.4020001E-02   0.0000000E+00   2.9300000E+02
   1.0000000E-01   1.3733333E-01   4.4020001E-02   0.0000000E+00   2.9300000E+02
   1.0000000E-01   1.5200000E-01   4.4020001E-02   0.0000000E+00   2.9300000E+02